 Day of  Day of Year Air   Radiation
 sim.     year        T
    1       1        1             -2.            67.
    2       2        1             -2.            65.
    3       3        1             -2.            63.
    4       4        1             -2.            61.
    5       5        1             -2.            60.
    6       6        1             -2.            58.
    7       7        1             -2.            56.
    8       8        1             -2.            54.
    9       9        1             -2.            53.
   10      10        1             -3.            51.
   11      11        1             -3.            49.
   12      12        1             -3.            48.
   13      13        1             -3.            46.
   14      14        1             -3.            45.
   15      15        1             -3.            43.
   16      16        1             -3.            41.
   17      17        1             -3.            40.
   18      18        1             -3.            38.
   19      19        1             -3.            37.
   20      20        1             -3.            36.
   21      21        1             -3.            34.
   22      22        1             -3.            33.
   23      23        1             -3.            31.
   24      24        1             -3.            30.
   25      25        1             -3.            29.
   26      26        1             -3.            27.
   27      27        1             -3.            26.
   28      28        1             -3.            25.
   29      29        1             -3.            24.
   30      30        1             -3.            23.
   31      31        1             -3.            22.
   32      32        1             -3.            20.
   33      33        1             -3.            19.
   34      34        1             -3.            18.
   35      35        1             -3.            17.
   36      36        1             -3.            16.
   37      37        1             -3.            15.
   38      38        1             -3.            15.
   39      39        1             -3.            14.
   40      40        1             -3.            13.
   41      41        1             -3.            12.
   42      42        1             -3.            11.
   43      43        1             -3.            10.
   44      44        1             -3.            10.
   45      45        1             -3.             9.
   46      46        1             -2.             8.
   47      47        1             -2.             8.
   48      48        1             -2.             7.
   49      49        1             -2.             7.
   50      50        1             -2.             6.
   51      51        1             -2.             6.
   52      52        1             -2.             5.
   53      53        1             -2.             5.
   54      54        1             -2.             5.
   55      55        1             -2.             4.
   56      56        1             -2.             4.
   57      57        1             -2.             4.
   58      58        1             -2.             4.
   59      59        1             -1.             3.
   60      60        1             -1.             3.
   61      61        1             -1.             3.
   62      62        1             -1.             3.
   63      63        1             -1.             3.
   64      64        1             -1.             3.
   65      65        1             -1.             3.
   66      66        1             -1.             3.
   67      67        1             -1.             3.
   68      68        1             -1.             3.
   69      69        1             -0.             4.
   70      70        1             -0.             4.
   71      71        1             -0.             4.
   72      72        1             -0.             4.
   73      73        1              0.             5.
   74      74        1              0.             5.
   75      75        1              0.             5.
   76      76        1              0.             6.
   77      77        1              1.             6.
   78      78        1              1.             7.
   79      79        1              1.             7.
   80      80        1              1.             8.
   81      81        1              1.             8.
   82      82        1              1.             9.
   83      83        1              1.            10.
   84      84        1              2.            10.
   85      85        1              2.            11.
   86      86        1              2.            12.
   87      87        1              2.            13.
   88      88        1              2.            14.
   89      89        1              2.            15.
   90      90        1              3.            15.
   91      91        1              3.            16.
   92      92        1              3.            17.
   93      93        1              3.            18.
   94      94        1              3.            19.
   95      95        1              3.            20.
   96      96        1              3.            22.
   97      97        1              4.            23.
   98      98        1              4.            24.
   99      99        1              4.            25.
  100     100        1              4.            26.
  101     101        1              4.            27.
  102     102        1              5.            29.
  103     103        1              5.            30.
  104     104        1              5.            31.
  105     105        1              5.            33.
  106     106        1              5.            34.
  107     107        1              5.            36.
  108     108        1              6.            37.
  109     109        1              6.            38.
  110     110        1              6.            40.
  111     111        1              6.            41.
  112     112        1              6.            43.
  113     113        1              6.            45.
  114     114        1              7.            46.
  115     115        1              7.            48.
  116     116        1              7.            49.
  117     117        1              7.            51.
  118     118        1              7.            53.
  119     119        1              8.            54.
  120     120        1              8.            56.
  121     121        1              8.            58.
  122     122        1              8.            60.
  123     123        1              8.            61.
  124     124        1              8.            63.
  125     125        1              9.            65.
  126     126        1              9.            67.
  127     127        1              9.            69.
  128     128        1              9.            71.
  129     129        1              9.            72.
  130     130        1             10.            74.
  131     131        1             10.            76.
  132     132        1             10.            78.
  133     133        1             10.            80.
  134     134        1             10.            82.
  135     135        1             10.            84.
  136     136        1             11.            86.
  137     137        1             11.            88.
  138     138        1             11.            90.
  139     139        1             11.            92.
  140     140        1             11.            94.
  141     141        1             11.            96.
  142     142        1             12.            98.
  143     143        1             12.           100.
  144     144        1             12.           102.
  145     145        1             12.           104.
  146     146        1             12.           106.
  147     147        1             12.           108.
  148     148        1             13.           110.
  149     149        1             13.           112.
  150     150        1             13.           115.
  151     151        1             13.           117.
  152     152        1             13.           119.
  153     153        1             13.           121.
  154     154        1             13.           123.
  155     155        1             14.           125.
  156     156        1             14.           127.
  157     157        1             14.           129.
  158     158        1             14.           131.
  159     159        1             14.           133.
  160     160        1             14.           135.
  161     161        1             14.           138.
  162     162        1             15.           140.
  163     163        1             15.           142.
  164     164        1             15.           144.
  165     165        1             15.           146.
  166     166        1             15.           148.
  167     167        1             15.           150.
  168     168        1             15.           152.
  169     169        1             15.           154.
  170     170        1             16.           156.
  171     171        1             16.           158.
  172     172        1             16.           160.
  173     173        1             16.           162.
  174     174        1             16.           164.
  175     175        1             16.           166.
  176     176        1             16.           168.
  177     177        1             16.           170.
  178     178        1             16.           172.
  179     179        1             17.           174.
  180     180        1             17.           176.
  181     181        1             17.           178.
  182     182        1             17.           179.
  183     183        1             17.           181.
  184     184        1             17.           183.
  185     185        1             17.           185.
  186     186        1             17.           187.
  187     187        1             17.           189.
  188     188        1             17.           190.
  189     189        1             17.           192.
  190     190        1             17.           194.
  191     191        1             17.           195.
  192     192        1             17.           197.
  193     193        1             18.           199.
  194     194        1             18.           200.
  195     195        1             18.           202.
  196     196        1             18.           204.
  197     197        1             18.           205.
  198     198        1             18.           207.
  199     199        1             18.           208.
  200     200        1             18.           210.
  201     201        1             18.           211.
  202     202        1             18.           213.
  203     203        1             18.           214.
  204     204        1             18.           216.
  205     205        1             18.           217.
  206     206        1             18.           218.
  207     207        1             18.           220.
  208     208        1             18.           221.
  209     209        1             18.           222.
  210     210        1             18.           223.
  211     211        1             18.           225.
  212     212        1             18.           226.
  213     213        1             18.           227.
  214     214        1             18.           228.
  215     215        1             18.           229.
  216     216        1             18.           230.
  217     217        1             18.           231.
  218     218        1             18.           232.
  219     219        1             18.           233.
  220     220        1             18.           234.
  221     221        1             18.           235.
  222     222        1             18.           236.
  223     223        1             18.           237.
  224     224        1             18.           237.
  225     225        1             18.           238.
  226     226        1             18.           239.
  227     227        1             18.           240.
  228     228        1             17.           240.
  229     229        1             17.           241.
  230     230        1             17.           241.
  231     231        1             17.           242.
  232     232        1             17.           242.
  233     233        1             17.           243.
  234     234        1             17.           243.
  235     235        1             17.           244.
  236     236        1             17.           244.
  237     237        1             17.           245.
  238     238        1             17.           245.
  239     239        1             17.           245.
  240     240        1             17.           245.
  241     241        1             17.           246.
  242     242        1             16.           246.
  243     243        1             16.           246.
  244     244        1             16.           246.
  245     245        1             16.           246.
  246     246        1             16.           246.
  247     247        1             16.           246.
  248     248        1             16.           246.
  249     249        1             16.           246.
  250     250        1             16.           246.
  251     251        1             15.           246.
  252     252        1             15.           245.
  253     253        1             15.           245.
  254     254        1             15.           245.
  255     255        1             15.           245.
  256     256        1             15.           244.
  257     257        1             15.           244.
  258     258        1             15.           243.
  259     259        1             14.           243.
  260     260        1             14.           242.
  261     261        1             14.           242.
  262     262        1             14.           241.
  263     263        1             14.           241.
  264     264        1             14.           240.
  265     265        1             14.           240.
  266     266        1             13.           239.
  267     267        1             13.           238.
  268     268        1             13.           237.
  269     269        1             13.           237.
  270     270        1             13.           236.
  271     271        1             13.           235.
  272     272        1             13.           234.
  273     273        1             12.           233.
  274     274        1             12.           232.
  275     275        1             12.           231.
  276     276        1             12.           230.
  277     277        1             12.           229.
  278     278        1             12.           228.
  279     279        1             11.           227.
  280     280        1             11.           226.
  281     281        1             11.           225.
  282     282        1             11.           223.
  283     283        1             11.           222.
  284     284        1             11.           221.
  285     285        1             10.           220.
  286     286        1             10.           218.
  287     287        1             10.           217.
  288     288        1             10.           216.
  289     289        1             10.           214.
  290     290        1             10.           213.
  291     291        1              9.           211.
  292     292        1              9.           210.
  293     293        1              9.           208.
  294     294        1              9.           207.
  295     295        1              9.           205.
  296     296        1              8.           204.
  297     297        1              8.           202.
  298     298        1              8.           200.
  299     299        1              8.           199.
  300     300        1              8.           197.
  301     301        1              8.           195.
  302     302        1              7.           194.
  303     303        1              7.           192.
  304     304        1              7.           190.
  305     305        1              7.           189.
  306     306        1              7.           187.
  307     307        1              6.           185.
  308     308        1              6.           183.
  309     309        1              6.           181.
  310     310        1              6.           179.
  311     311        1              6.           178.
  312     312        1              6.           176.
  313     313        1              5.           174.
  314     314        1              5.           172.
  315     315        1              5.           170.
  316     316        1              5.           168.
  317     317        1              5.           166.
  318     318        1              5.           164.
  319     319        1              4.           162.
  320     320        1              4.           160.
  321     321        1              4.           158.
  322     322        1              4.           156.
  323     323        1              4.           154.
  324     324        1              3.           152.
  325     325        1              3.           150.
  326     326        1              3.           148.
  327     327        1              3.           146.
  328     328        1              3.           144.
  329     329        1              3.           142.
  330     330        1              3.           140.
  331     331        1              2.           138.
  332     332        1              2.           135.
  333     333        1              2.           133.
  334     334        1              2.           131.
  335     335        1              2.           129.
  336     336        1              2.           127.
  337     337        1              1.           125.
  338     338        1              1.           123.
  339     339        1              1.           121.
  340     340        1              1.           119.
  341     341        1              1.           117.
  342     342        1              1.           115.
  343     343        1              1.           112.
  344     344        1              0.           110.
  345     345        1              0.           108.
  346     346        1              0.           106.
  347     347        1              0.           104.
  348     348        1             -0.           102.
  349     349        1             -0.           100.
  350     350        1             -0.            98.
  351     351        1             -0.            96.
  352     352        1             -1.            94.
  353     353        1             -1.            92.
  354     354        1             -1.            90.
  355     355        1             -1.            88.
  356     356        1             -1.            86.
  357     357        1             -1.            84.
  358     358        1             -1.            82.
  359     359        1             -1.            80.
  360     360        1             -1.            78.
  361     361        1             -1.            76.
  362     362        1             -2.            74.
  363     363        1             -2.            72.
  364     364        1             -2.            71.
  365     365        1             -2.            69.
  366       1        2             -2.            67.
  367       2        2             -2.            65.
  368       3        2             -2.            63.
  369       4        2             -2.            61.
  370       5        2             -2.            60.
  371       6        2             -2.            58.
  372       7        2             -2.            56.
  373       8        2             -2.            54.
  374       9        2             -2.            53.
  375      10        2             -3.            51.
  376      11        2             -3.            49.
  377      12        2             -3.            48.
  378      13        2             -3.            46.
  379      14        2             -3.            45.
  380      15        2             -3.            43.
  381      16        2             -3.            41.
  382      17        2             -3.            40.
  383      18        2             -3.            38.
  384      19        2             -3.            37.
  385      20        2             -3.            36.
  386      21        2             -3.            34.
  387      22        2             -3.            33.
  388      23        2             -3.            31.
  389      24        2             -3.            30.
  390      25        2             -3.            29.
  391      26        2             -3.            27.
  392      27        2             -3.            26.
  393      28        2             -3.            25.
  394      29        2             -3.            24.
  395      30        2             -3.            23.
  396      31        2             -3.            22.
  397      32        2             -3.            20.
  398      33        2             -3.            19.
  399      34        2             -3.            18.
  400      35        2             -3.            17.
  401      36        2             -3.            16.
  402      37        2             -3.            15.
  403      38        2             -3.            15.
  404      39        2             -3.            14.
  405      40        2             -3.            13.
  406      41        2             -3.            12.
  407      42        2             -3.            11.
  408      43        2             -3.            10.
  409      44        2             -3.            10.
  410      45        2             -3.             9.
  411      46        2             -2.             8.
  412      47        2             -2.             8.
  413      48        2             -2.             7.
  414      49        2             -2.             7.
  415      50        2             -2.             6.
  416      51        2             -2.             6.
  417      52        2             -2.             5.
  418      53        2             -2.             5.
  419      54        2             -2.             5.
  420      55        2             -2.             4.
  421      56        2             -2.             4.
  422      57        2             -2.             4.
  423      58        2             -2.             4.
  424      59        2             -1.             3.
  425      60        2             -1.             3.
  426      61        2             -1.             3.
  427      62        2             -1.             3.
  428      63        2             -1.             3.
  429      64        2             -1.             3.
  430      65        2             -1.             3.
  431      66        2             -1.             3.
  432      67        2             -1.             3.
  433      68        2             -1.             3.
  434      69        2             -0.             4.
  435      70        2             -0.             4.
  436      71        2             -0.             4.
  437      72        2             -0.             4.
  438      73        2              0.             5.
  439      74        2              0.             5.
  440      75        2              0.             5.
  441      76        2              0.             6.
  442      77        2              1.             6.
  443      78        2              1.             7.
  444      79        2              1.             7.
  445      80        2              1.             8.
  446      81        2              1.             8.
  447      82        2              1.             9.
  448      83        2              1.            10.
  449      84        2              2.            10.
  450      85        2              2.            11.
  451      86        2              2.            12.
  452      87        2              2.            13.
  453      88        2              2.            14.
  454      89        2              2.            15.
  455      90        2              3.            15.
  456      91        2              3.            16.
  457      92        2              3.            17.
  458      93        2              3.            18.
  459      94        2              3.            19.
  460      95        2              3.            20.
  461      96        2              3.            22.
  462      97        2              4.            23.
  463      98        2              4.            24.
  464      99        2              4.            25.
  465     100        2              4.            26.
  466     101        2              4.            27.
  467     102        2              5.            29.
  468     103        2              5.            30.
  469     104        2              5.            31.
  470     105        2              5.            33.
  471     106        2              5.            34.
  472     107        2              5.            36.
  473     108        2              6.            37.
  474     109        2              6.            38.
  475     110        2              6.            40.
  476     111        2              6.            41.
  477     112        2              6.            43.
  478     113        2              6.            45.
  479     114        2              7.            46.
  480     115        2              7.            48.
  481     116        2              7.            49.
  482     117        2              7.            51.
  483     118        2              7.            53.
  484     119        2              8.            54.
  485     120        2              8.            56.
  486     121        2              8.            58.
  487     122        2              8.            60.
  488     123        2              8.            61.
  489     124        2              8.            63.
  490     125        2              9.            65.
  491     126        2              9.            67.
  492     127        2              9.            69.
  493     128        2              9.            71.
  494     129        2              9.            72.
  495     130        2             10.            74.
  496     131        2             10.            76.
  497     132        2             10.            78.
  498     133        2             10.            80.
  499     134        2             10.            82.
  500     135        2             10.            84.
  501     136        2             11.            86.
  502     137        2             11.            88.
  503     138        2             11.            90.
  504     139        2             11.            92.
  505     140        2             11.            94.
  506     141        2             11.            96.
  507     142        2             12.            98.
  508     143        2             12.           100.
  509     144        2             12.           102.
  510     145        2             12.           104.
  511     146        2             12.           106.
  512     147        2             12.           108.
  513     148        2             13.           110.
  514     149        2             13.           112.
  515     150        2             13.           115.
  516     151        2             13.           117.
  517     152        2             13.           119.
  518     153        2             13.           121.
  519     154        2             13.           123.
  520     155        2             14.           125.
  521     156        2             14.           127.
  522     157        2             14.           129.
  523     158        2             14.           131.
  524     159        2             14.           133.
  525     160        2             14.           135.
  526     161        2             14.           138.
  527     162        2             15.           140.
  528     163        2             15.           142.
  529     164        2             15.           144.
  530     165        2             15.           146.
  531     166        2             15.           148.
  532     167        2             15.           150.
  533     168        2             15.           152.
  534     169        2             15.           154.
  535     170        2             16.           156.
  536     171        2             16.           158.
  537     172        2             16.           160.
  538     173        2             16.           162.
  539     174        2             16.           164.
  540     175        2             16.           166.
  541     176        2             16.           168.
  542     177        2             16.           170.
  543     178        2             16.           172.
  544     179        2             17.           174.
  545     180        2             17.           176.
  546     181        2             17.           178.
  547     182        2             17.           179.
  548     183        2             17.           181.
  549     184        2             17.           183.
  550     185        2             17.           185.
  551     186        2             17.           187.
  552     187        2             17.           189.
  553     188        2             17.           190.
  554     189        2             17.           192.
  555     190        2             17.           194.
  556     191        2             17.           195.
  557     192        2             17.           197.
  558     193        2             18.           199.
  559     194        2             18.           200.
  560     195        2             18.           202.
  561     196        2             18.           204.
  562     197        2             18.           205.
  563     198        2             18.           207.
  564     199        2             18.           208.
  565     200        2             18.           210.
  566     201        2             18.           211.
  567     202        2             18.           213.
  568     203        2             18.           214.
  569     204        2             18.           216.
  570     205        2             18.           217.
  571     206        2             18.           218.
  572     207        2             18.           220.
  573     208        2             18.           221.
  574     209        2             18.           222.
  575     210        2             18.           223.
  576     211        2             18.           225.
  577     212        2             18.           226.
  578     213        2             18.           227.
  579     214        2             18.           228.
  580     215        2             18.           229.
  581     216        2             18.           230.
  582     217        2             18.           231.
  583     218        2             18.           232.
  584     219        2             18.           233.
  585     220        2             18.           234.
  586     221        2             18.           235.
  587     222        2             18.           236.
  588     223        2             18.           237.
  589     224        2             18.           237.
  590     225        2             18.           238.
  591     226        2             18.           239.
  592     227        2             18.           240.
  593     228        2             17.           240.
  594     229        2             17.           241.
  595     230        2             17.           241.
  596     231        2             17.           242.
  597     232        2             17.           242.
  598     233        2             17.           243.
  599     234        2             17.           243.
  600     235        2             17.           244.
  601     236        2             17.           244.
  602     237        2             17.           245.
  603     238        2             17.           245.
  604     239        2             17.           245.
  605     240        2             17.           245.
  606     241        2             17.           246.
  607     242        2             16.           246.
  608     243        2             16.           246.
  609     244        2             16.           246.
  610     245        2             16.           246.
  611     246        2             16.           246.
  612     247        2             16.           246.
  613     248        2             16.           246.
  614     249        2             16.           246.
  615     250        2             16.           246.
  616     251        2             15.           246.
  617     252        2             15.           245.
  618     253        2             15.           245.
  619     254        2             15.           245.
  620     255        2             15.           245.
  621     256        2             15.           244.
  622     257        2             15.           244.
  623     258        2             15.           243.
  624     259        2             14.           243.
  625     260        2             14.           242.
  626     261        2             14.           242.
  627     262        2             14.           241.
  628     263        2             14.           241.
  629     264        2             14.           240.
  630     265        2             14.           240.
  631     266        2             13.           239.
  632     267        2             13.           238.
  633     268        2             13.           237.
  634     269        2             13.           237.
  635     270        2             13.           236.
  636     271        2             13.           235.
  637     272        2             13.           234.
  638     273        2             12.           233.
  639     274        2             12.           232.
  640     275        2             12.           231.
  641     276        2             12.           230.
  642     277        2             12.           229.
  643     278        2             12.           228.
  644     279        2             11.           227.
  645     280        2             11.           226.
  646     281        2             11.           225.
  647     282        2             11.           223.
  648     283        2             11.           222.
  649     284        2             11.           221.
  650     285        2             10.           220.
  651     286        2             10.           218.
  652     287        2             10.           217.
  653     288        2             10.           216.
  654     289        2             10.           214.
  655     290        2             10.           213.
  656     291        2              9.           211.
  657     292        2              9.           210.
  658     293        2              9.           208.
  659     294        2              9.           207.
  660     295        2              9.           205.
  661     296        2              8.           204.
  662     297        2              8.           202.
  663     298        2              8.           200.
  664     299        2              8.           199.
  665     300        2              8.           197.
  666     301        2              8.           195.
  667     302        2              7.           194.
  668     303        2              7.           192.
  669     304        2              7.           190.
  670     305        2              7.           189.
  671     306        2              7.           187.
  672     307        2              6.           185.
  673     308        2              6.           183.
  674     309        2              6.           181.
  675     310        2              6.           179.
  676     311        2              6.           178.
  677     312        2              6.           176.
  678     313        2              5.           174.
  679     314        2              5.           172.
  680     315        2              5.           170.
  681     316        2              5.           168.
  682     317        2              5.           166.
  683     318        2              5.           164.
  684     319        2              4.           162.
  685     320        2              4.           160.
  686     321        2              4.           158.
  687     322        2              4.           156.
  688     323        2              4.           154.
  689     324        2              3.           152.
  690     325        2              3.           150.
  691     326        2              3.           148.
  692     327        2              3.           146.
  693     328        2              3.           144.
  694     329        2              3.           142.
  695     330        2              3.           140.
  696     331        2              2.           138.
  697     332        2              2.           135.
  698     333        2              2.           133.
  699     334        2              2.           131.
  700     335        2              2.           129.
  701     336        2              2.           127.
  702     337        2              1.           125.
  703     338        2              1.           123.
  704     339        2              1.           121.
  705     340        2              1.           119.
  706     341        2              1.           117.
  707     342        2              1.           115.
  708     343        2              1.           112.
  709     344        2              0.           110.
  710     345        2              0.           108.
  711     346        2              0.           106.
  712     347        2              0.           104.
  713     348        2             -0.           102.
  714     349        2             -0.           100.
  715     350        2             -0.            98.
  716     351        2             -0.            96.
  717     352        2             -1.            94.
  718     353        2             -1.            92.
  719     354        2             -1.            90.
  720     355        2             -1.            88.
  721     356        2             -1.            86.
  722     357        2             -1.            84.
  723     358        2             -1.            82.
  724     359        2             -1.            80.
  725     360        2             -1.            78.
  726     361        2             -1.            76.
  727     362        2             -2.            74.
  728     363        2             -2.            72.
  729     364        2             -2.            71.
  730     365        2             -2.            69.
  731       1        3             -2.            67.
  732       2        3             -2.            65.
  733       3        3             -2.            63.
  734       4        3             -2.            61.
  735       5        3             -2.            60.
  736       6        3             -2.            58.
  737       7        3             -2.            56.
  738       8        3             -2.            54.
  739       9        3             -2.            53.
  740      10        3             -3.            51.
  741      11        3             -3.            49.
  742      12        3             -3.            48.
  743      13        3             -3.            46.
  744      14        3             -3.            45.
  745      15        3             -3.            43.
  746      16        3             -3.            41.
  747      17        3             -3.            40.
  748      18        3             -3.            38.
  749      19        3             -3.            37.
  750      20        3             -3.            36.
  751      21        3             -3.            34.
  752      22        3             -3.            33.
  753      23        3             -3.            31.
  754      24        3             -3.            30.
  755      25        3             -3.            29.
  756      26        3             -3.            27.
  757      27        3             -3.            26.
  758      28        3             -3.            25.
  759      29        3             -3.            24.
  760      30        3             -3.            23.
  761      31        3             -3.            22.
  762      32        3             -3.            20.
  763      33        3             -3.            19.
  764      34        3             -3.            18.
  765      35        3             -3.            17.
  766      36        3             -3.            16.
  767      37        3             -3.            15.
  768      38        3             -3.            15.
  769      39        3             -3.            14.
  770      40        3             -3.            13.
  771      41        3             -3.            12.
  772      42        3             -3.            11.
  773      43        3             -3.            10.
  774      44        3             -3.            10.
  775      45        3             -3.             9.
  776      46        3             -2.             8.
  777      47        3             -2.             8.
  778      48        3             -2.             7.
  779      49        3             -2.             7.
  780      50        3             -2.             6.
  781      51        3             -2.             6.
  782      52        3             -2.             5.
  783      53        3             -2.             5.
  784      54        3             -2.             5.
  785      55        3             -2.             4.
  786      56        3             -2.             4.
  787      57        3             -2.             4.
  788      58        3             -2.             4.
  789      59        3             -1.             3.
  790      60        3             -1.             3.
  791      61        3             -1.             3.
  792      62        3             -1.             3.
  793      63        3             -1.             3.
  794      64        3             -1.             3.
  795      65        3             -1.             3.
  796      66        3             -1.             3.
  797      67        3             -1.             3.
  798      68        3             -1.             3.
  799      69        3             -0.             4.
  800      70        3             -0.             4.
  801      71        3             -0.             4.
  802      72        3             -0.             4.
  803      73        3              0.             5.
  804      74        3              0.             5.
  805      75        3              0.             5.
  806      76        3              0.             6.
  807      77        3              1.             6.
  808      78        3              1.             7.
  809      79        3              1.             7.
  810      80        3              1.             8.
  811      81        3              1.             8.
  812      82        3              1.             9.
  813      83        3              1.            10.
  814      84        3              2.            10.
  815      85        3              2.            11.
  816      86        3              2.            12.
  817      87        3              2.            13.
  818      88        3              2.            14.
  819      89        3              2.            15.
  820      90        3              3.            15.
  821      91        3              3.            16.
  822      92        3              3.            17.
  823      93        3              3.            18.
  824      94        3              3.            19.
  825      95        3              3.            20.
  826      96        3              3.            22.
  827      97        3              4.            23.
  828      98        3              4.            24.
  829      99        3              4.            25.
  830     100        3              4.            26.
  831     101        3              4.            27.
  832     102        3              5.            29.
  833     103        3              5.            30.
  834     104        3              5.            31.
  835     105        3              5.            33.
  836     106        3              5.            34.
  837     107        3              5.            36.
  838     108        3              6.            37.
  839     109        3              6.            38.
  840     110        3              6.            40.
  841     111        3              6.            41.
  842     112        3              6.            43.
  843     113        3              6.            45.
  844     114        3              7.            46.
  845     115        3              7.            48.
  846     116        3              7.            49.
  847     117        3              7.            51.
  848     118        3              7.            53.
  849     119        3              8.            54.
  850     120        3              8.            56.
  851     121        3              8.            58.
  852     122        3              8.            60.
  853     123        3              8.            61.
  854     124        3              8.            63.
  855     125        3              9.            65.
  856     126        3              9.            67.
  857     127        3              9.            69.
  858     128        3              9.            71.
  859     129        3              9.            72.
  860     130        3             10.            74.
  861     131        3             10.            76.
  862     132        3             10.            78.
  863     133        3             10.            80.
  864     134        3             10.            82.
  865     135        3             10.            84.
  866     136        3             11.            86.
  867     137        3             11.            88.
  868     138        3             11.            90.
  869     139        3             11.            92.
  870     140        3             11.            94.
  871     141        3             11.            96.
  872     142        3             12.            98.
  873     143        3             12.           100.
  874     144        3             12.           102.
  875     145        3             12.           104.
  876     146        3             12.           106.
  877     147        3             12.           108.
  878     148        3             13.           110.
  879     149        3             13.           112.
  880     150        3             13.           115.
  881     151        3             13.           117.
  882     152        3             13.           119.
  883     153        3             13.           121.
  884     154        3             13.           123.
  885     155        3             14.           125.
  886     156        3             14.           127.
  887     157        3             14.           129.
  888     158        3             14.           131.
  889     159        3             14.           133.
  890     160        3             14.           135.
  891     161        3             14.           138.
  892     162        3             15.           140.
  893     163        3             15.           142.
  894     164        3             15.           144.
  895     165        3             15.           146.
  896     166        3             15.           148.
  897     167        3             15.           150.
  898     168        3             15.           152.
  899     169        3             15.           154.
  900     170        3             16.           156.
  901     171        3             16.           158.
  902     172        3             16.           160.
  903     173        3             16.           162.
  904     174        3             16.           164.
  905     175        3             16.           166.
  906     176        3             16.           168.
  907     177        3             16.           170.
  908     178        3             16.           172.
  909     179        3             17.           174.
  910     180        3             17.           176.
  911     181        3             17.           178.
  912     182        3             17.           179.
  913     183        3             17.           181.
  914     184        3             17.           183.
  915     185        3             17.           185.
  916     186        3             17.           187.
  917     187        3             17.           189.
  918     188        3             17.           190.
  919     189        3             17.           192.
  920     190        3             17.           194.
  921     191        3             17.           195.
  922     192        3             17.           197.
  923     193        3             18.           199.
  924     194        3             18.           200.
  925     195        3             18.           202.
  926     196        3             18.           204.
  927     197        3             18.           205.
  928     198        3             18.           207.
  929     199        3             18.           208.
  930     200        3             18.           210.
  931     201        3             18.           211.
  932     202        3             18.           213.
  933     203        3             18.           214.
  934     204        3             18.           216.
  935     205        3             18.           217.
  936     206        3             18.           218.
  937     207        3             18.           220.
  938     208        3             18.           221.
  939     209        3             18.           222.
  940     210        3             18.           223.
  941     211        3             18.           225.
  942     212        3             18.           226.
  943     213        3             18.           227.
  944     214        3             18.           228.
  945     215        3             18.           229.
  946     216        3             18.           230.
  947     217        3             18.           231.
  948     218        3             18.           232.
  949     219        3             18.           233.
  950     220        3             18.           234.
  951     221        3             18.           235.
  952     222        3             18.           236.
  953     223        3             18.           237.
  954     224        3             18.           237.
  955     225        3             18.           238.
  956     226        3             18.           239.
  957     227        3             18.           240.
  958     228        3             17.           240.
  959     229        3             17.           241.
  960     230        3             17.           241.
  961     231        3             17.           242.
  962     232        3             17.           242.
  963     233        3             17.           243.
  964     234        3             17.           243.
  965     235        3             17.           244.
  966     236        3             17.           244.
  967     237        3             17.           245.
  968     238        3             17.           245.
  969     239        3             17.           245.
  970     240        3             17.           245.
  971     241        3             17.           246.
  972     242        3             16.           246.
  973     243        3             16.           246.
  974     244        3             16.           246.
  975     245        3             16.           246.
  976     246        3             16.           246.
  977     247        3             16.           246.
  978     248        3             16.           246.
  979     249        3             16.           246.
  980     250        3             16.           246.
  981     251        3             15.           246.
  982     252        3             15.           245.
  983     253        3             15.           245.
  984     254        3             15.           245.
  985     255        3             15.           245.
  986     256        3             15.           244.
  987     257        3             15.           244.
  988     258        3             15.           243.
  989     259        3             14.           243.
  990     260        3             14.           242.
  991     261        3             14.           242.
  992     262        3             14.           241.
  993     263        3             14.           241.
  994     264        3             14.           240.
  995     265        3             14.           240.
  996     266        3             13.           239.
  997     267        3             13.           238.
  998     268        3             13.           237.
  999     269        3             13.           237.
 1000     270        3             13.           236.
 1001     271        3             13.           235.
 1002     272        3             13.           234.
 1003     273        3             12.           233.
 1004     274        3             12.           232.
 1005     275        3             12.           231.
 1006     276        3             12.           230.
 1007     277        3             12.           229.
 1008     278        3             12.           228.
 1009     279        3             11.           227.
 1010     280        3             11.           226.
 1011     281        3             11.           225.
 1012     282        3             11.           223.
 1013     283        3             11.           222.
 1014     284        3             11.           221.
 1015     285        3             10.           220.
 1016     286        3             10.           218.
 1017     287        3             10.           217.
 1018     288        3             10.           216.
 1019     289        3             10.           214.
 1020     290        3             10.           213.
 1021     291        3              9.           211.
 1022     292        3              9.           210.
 1023     293        3              9.           208.
 1024     294        3              9.           207.
 1025     295        3              9.           205.
 1026     296        3              8.           204.
 1027     297        3              8.           202.
 1028     298        3              8.           200.
 1029     299        3              8.           199.
 1030     300        3              8.           197.
 1031     301        3              8.           195.
 1032     302        3              7.           194.
 1033     303        3              7.           192.
 1034     304        3              7.           190.
 1035     305        3              7.           189.
 1036     306        3              7.           187.
 1037     307        3              6.           185.
 1038     308        3              6.           183.
 1039     309        3              6.           181.
 1040     310        3              6.           179.
 1041     311        3              6.           178.
 1042     312        3              6.           176.
 1043     313        3              5.           174.
 1044     314        3              5.           172.
 1045     315        3              5.           170.
 1046     316        3              5.           168.
 1047     317        3              5.           166.
 1048     318        3              5.           164.
 1049     319        3              4.           162.
 1050     320        3              4.           160.
 1051     321        3              4.           158.
 1052     322        3              4.           156.
 1053     323        3              4.           154.
 1054     324        3              3.           152.
 1055     325        3              3.           150.
 1056     326        3              3.           148.
 1057     327        3              3.           146.
 1058     328        3              3.           144.
 1059     329        3              3.           142.
 1060     330        3              3.           140.
 1061     331        3              2.           138.
 1062     332        3              2.           135.
 1063     333        3              2.           133.
 1064     334        3              2.           131.
 1065     335        3              2.           129.
 1066     336        3              2.           127.
 1067     337        3              1.           125.
 1068     338        3              1.           123.
 1069     339        3              1.           121.
 1070     340        3              1.           119.
 1071     341        3              1.           117.
 1072     342        3              1.           115.
 1073     343        3              1.           112.
 1074     344        3              0.           110.
 1075     345        3              0.           108.
 1076     346        3              0.           106.
 1077     347        3              0.           104.
 1078     348        3             -0.           102.
 1079     349        3             -0.           100.
 1080     350        3             -0.            98.
 1081     351        3             -0.            96.
 1082     352        3             -1.            94.
 1083     353        3             -1.            92.
 1084     354        3             -1.            90.
 1085     355        3             -1.            88.
 1086     356        3             -1.            86.
 1087     357        3             -1.            84.
 1088     358        3             -1.            82.
 1089     359        3             -1.            80.
 1090     360        3             -1.            78.
 1091     361        3             -1.            76.
 1092     362        3             -2.            74.
 1093     363        3             -2.            72.
 1094     364        3             -2.            71.
 1095     365        3             -2.            69.
