    1     123         -21670.          7353.         14235.            82.             0.
    2     124         -21777.          7194.         14421.           164.             3.
    3     125         -21882.          7050.         14610.           246.            24.
    4     126         -21986.          6914.         14798.           328.            54.
    5     127         -22089.          6774.         14981.           410.            75.
    6     128         -22191.          6625.         15157.           492.            83.
    7     129         -22291.          6469.         15326.           573.            78.
    8     130         -22389.          6308.         15490.           655.            63.
    9     131         -22486.          6143.         15649.           736.            41.
   10     132         -22582.          5976.         15802.           816.            12.
   11     133         -22676.          5807.         15952.           896.           -22.
   12     134         -22769.          5639.         16097.           975.           -58.
   13     135         -22860.          5471.         16238.          1054.           -97.
   14     136         -22950.          5305.         16375.          1132.          -137.
   15     137         -23037.          5140.         16509.          1209.          -179.
   16     138         -23124.          4978.         16640.          1286.          -221.
   17     139         -23208.          4817.         16767.          1361.          -263.
   18     140         -23291.          4660.         16890.          1436.          -305.
   19     141         -23372.          4505.         17010.          1510.          -347.
   20     142         -23452.          4354.         17127.          1583.          -388.
   21     143         -23529.          4205.         17240.          1656.          -428.
   22     144         -23605.          4061.         17350.          1727.          -468.
   23     145         -23679.          3920.         17457.          1797.          -506.
   24     146         -23752.          3783.         17560.          1866.          -543.
   25     147         -23822.          3649.         17660.          1933.          -579.
   26     148         -23891.          3520.         17757.          2000.          -614.
   27     149         -23957.          3395.         17850.          2065.          -647.
   28     150         -24022.          3274.         17941.          2129.          -678.
   29     151         -24085.          3157.         18027.          2192.          -708.
   30     152         -24146.          3045.         18111.          2254.          -736.
   31     153         -24204.          2937.         18191.          2314.          -763.
   32     154         -24261.          2834.         18267.          2372.          -788.
   33     155         -24316.          2735.         18341.          2430.          -811.
   34     156         -24369.          2641.         18411.          2486.          -832.
   35     157         -24420.          2551.         18477.          2540.          -851.
   36     158         -24469.          2467.         18540.          2593.          -869.
   37     159         -24515.          2387.         18600.          2644.          -884.
   38     160         -24560.          2312.         18656.          2694.          -898.
   39     161         -24602.          2242.         18709.          2742.          -909.
   40     162         -24643.          2177.         18758.          2788.          -919.
   41     163         -24681.          2117.         18805.          2833.          -926.
   42     164         -24717.          2063.         18847.          2876.          -932.
   43     165         -24751.          2013.         18886.          2917.          -935.
   44     166         -24783.          1968.         18922.          2957.          -937.
   45     167         -24813.          1929.         18954.          2995.          -936.
   46     168         -24841.          1894.         18983.          3031.          -933.
   47     169         -24866.          1865.         19008.          3065.          -928.
   48     170         -24889.          1841.         19030.          3097.          -921.
   49     171         -24910.          1823.         19048.          3128.          -911.
   50     172         -24929.          1809.         19063.          3157.          -900.
   51     173         -24946.          1801.         19075.          3183.          -886.
   52     174         -24960.          1799.         19083.          3208.          -871.
   53     175         -24972.          1801.         19087.          3231.          -853.
   54     176         -24982.          1809.         19088.          3252.          -833.
   55     177         -24990.          1822.         19086.          3271.          -810.
   56     178         -24996.          1841.         19080.          3289.          -786.
   57     179         -24999.          1865.         19071.          3304.          -759.
   58     180         -25000.          1894.         19058.          3317.          -731.
   59     181         -24999.          1929.         19042.          3328.          -700.
   60     182         -24996.          1969.         19022.          3338.          -667.
   61     183         -24990.          2014.         18999.          3345.          -632.
   62     184         -24982.          2065.         18973.          3350.          -594.
   63     185         -24972.          2121.         18943.          3353.          -555.
   64     186         -24960.          2182.         18910.          3355.          -513.
   65     187         -24946.          2249.         18873.          3354.          -470.
   66     188         -24929.          2320.         18834.          3351.          -424.
   67     189         -24910.          2398.         18790.          3346.          -376.
   68     190         -24889.          2480.         18744.          3339.          -326.
   69     191         -24866.          2567.         18694.          3331.          -274.
   70     192         -24841.          2660.         18640.          3320.          -220.
   71     193         -24813.          2758.         18584.          3307.          -164.
   72     194         -24783.          2861.         18524.          3292.          -106.
   73     195         -24751.          2969.         18461.          3275.           -46.
   74     196         -24717.          3083.         18395.          3256.            17.
   75     197         -24681.          3201.         18325.          3236.            81.
   76     198         -24643.          3324.         18253.          3213.           147.
   77     199         -24602.          3452.         18177.          3188.           215.
   78     200         -24560.          3586.         18098.          3161.           285.
   79     201         -24515.          3724.         18015.          3133.           357.
   80     202         -24469.          3866.         17930.          3102.           430.
   81     203         -24420.          4014.         17842.          3070.           506.
   82     204         -24369.          4167.         17750.          3035.           583.
   83     205         -24316.          4324.         17656.          2999.           662.
   84     206         -24261.          4485.         17558.          2961.           743.
   85     207         -24204.          4652.         17458.          2921.           826.
   86     208         -24146.          4823.         17354.          2879.           910.
   87     209         -24085.          4998.         17248.          2835.           997.
   88     210         -24022.          5178.         17139.          2790.          1084.
   89     211         -23957.          5362.         17027.          2743.          1174.
   90     212         -23891.          5550.         16912.          2694.          1265.
   91     213         -23822.          5742.         16794.          2643.          1357.
   92     214         -23752.          5939.         16673.          2591.          1452.
   93     215         -23679.          6140.         16550.          2537.          1547.
   94     216         -23605.          6345.         16424.          2481.          1644.
   95     217         -23529.          6554.         16295.          2424.          1743.
   96     218         -23452.          6766.         16164.          2365.          1843.
   97     219         -23372.          6983.         16030.          2305.          1945.
   98     220         -23291.          7203.         15893.          2243.          2047.
   99     221         -23208.          7427.         15754.          2179.          2151.
  100     222         -23124.          7654.         15612.          2114.          2257.
  101     223         -23037.          7885.         15468.          2048.          2363.
  102     224         -22950.          8119.         15322.          1980.          2471.
  103     225         -22860.          8356.         15173.          1911.          2580.
  104     226         -22769.          8597.         15022.          1840.          2690.
  105     227         -22676.          8841.         14868.          1769.          2801.
  106     228         -22582.          9088.         14712.          1696.          2914.
  107     229         -22486.          9338.         14554.          1621.          3027.
  108     230         -22389.          9591.         14394.          1546.          3141.
  109     231         -22291.          9847.         14231.          1469.          3256.
  110     232         -22191.         10105.         14067.          1391.          3372.
  111     233         -22089.         10366.         13900.          1312.          3489.
  112     234         -21986.         10629.         13731.          1233.          3607.
  113     235         -21882.         10895.         13561.          1152.          3725.
  114     236         -21777.         11163.         13388.          1070.          3844.
  115     237         -21670.         11434.         13214.           987.          3964.
  116     238         -21562.         11706.         13037.           904.          4085.
  117     239         -21453.         11981.         12859.           819.          4206.
  118     240         -21343.         12257.         12679.           734.          4327.
  119     241         -21231.         12535.         12498.           648.          4449.
  120     242         -21119.         12815.         12314.           561.          4572.
  121     243         -21005.         13097.         12129.           474.          4695.
  122     244         -20891.         13380.         11943.           386.          4818.
  123     245         -20775.         10289.         10489.            -3.             0.
  124     246         -20658.         10426.         10244.            -8.             4.
  125     247         -20541.         10595.         10009.           -15.            49.
  126     248         -20422.         10802.          9786.           -23.           142.
  127     249         -20303.         11027.          9569.           -33.           260.
  128     250         -20183.         11260.          9352.           -44.           385.
  129     251         -20062.         11495.          9135.           -57.           511.
  130     252         -19940.         11731.          8917.           -71.           637.
  131     253         -19818.         11967.          8698.           -87.           759.
  132     254         -19695.         12202.          8477.          -104.           880.
  133     255         -19571.         12438.          8255.          -123.           999.
  134     256         -19446.         12674.          8032.          -143.          1116.
  135     257         -19321.         12909.          7808.          -165.          1231.
  136     258         -19196.         13145.          7583.          -187.          1345.
  137     259         -19070.         13382.          7358.          -211.          1458.
  138     260         -18943.         13618.          7132.          -237.          1570.
  139     261         -18816.         13856.          6906.          -263.          1681.
  140     262         -18689.         14093.          6679.          -291.          1792.
  141     263         -18562.         14331.          6452.          -320.          1901.
  142     264         -18434.         14569.          6225.          -349.          2011.
  143     265         -18305.         14808.          5997.          -380.          2119.
  144     266         -18177.         15046.          5770.          -412.          2227.
  145     267         -18048.         15285.          5543.          -445.          2335.
  146     268         -17919.         15525.          5315.          -479.          2442.
  147     269         -17790.         15764.          5088.          -513.          2548.
  148     270         -17661.         16003.          4862.          -549.          2654.
  149     271         -17532.         16242.          4635.          -585.          2760.
  150     272         -17403.         16481.          4409.          -622.          2865.
  151     273         -17274.         16720.          4183.          -659.          2969.
  152     274         -17145.         16958.          3958.          -698.          3073.
  153     275         -17016.         17196.          3733.          -737.          3177.
  154     276         -16887.         17433.          3509.          -776.          3280.
  155     277         -16759.         17670.          3286.          -816.          3382.
  156     278         -16630.         17906.          3063.          -856.          3483.
  157     279         -16502.         18142.          2842.          -897.          3584.
  158     280         -16375.         18376.          2621.          -938.          3684.
  159     281         -16247.         18610.          2401.          -979.          3784.
  160     282         -16120.         18842.          2181.         -1021.          3882.
  161     283         -15993.         19073.          1963.         -1063.          3980.
  162     284         -15867.         19303.          1746.         -1105.          4077.
  163     285         -15741.         19532.          1530.         -1147.          4174.
  164     286         -15616.         19759.          1315.         -1189.          4269.
  165     287         -15491.         19984.          1102.         -1231.          4363.
  166     288         -15367.         20208.           889.         -1273.          4456.
  167     289         -15244.         20430.           678.         -1316.          4549.
  168     290         -15121.         20650.           469.         -1358.          4640.
  169     291         -14999.         20868.           260.         -1399.          4730.
  170     292         -14878.         21084.            54.         -1441.          4819.
  171     293         -14757.         21298.          -152.         -1482.          4907.
  172     294         -14637.         21510.          -355.         -1523.          4994.
  173     295         -14518.         21719.          -557.         -1564.          5079.
  174     296         -14400.         21926.          -758.         -1604.          5163.
  175     297         -14283.         22130.          -957.         -1644.          5246.
  176     298         -14167.         22332.         -1154.         -1683.          5328.
  177     299         -14052.         22531.         -1349.         -1722.          5408.
  178     300         -13938.         22727.         -1542.         -1760.          5487.
  179     301         -13825.         22921.         -1733.         -1798.          5564.
  180     302         -13713.         23111.         -1923.         -1835.          5640.
  181     303         -13602.         23298.         -2110.         -1871.          5715.
  182     304         -13492.         23482.         -2296.         -1906.          5787.
  183     305         -13384.         23663.         -2479.         -1941.          5859.
  184     306         -13276.         23840.         -2661.         -1975.          5928.
  185     307         -13170.         24014.         -2840.         -2007.          5996.
  186     308         -13066.         24184.         -3017.         -2039.          6063.
  187     309         -12962.         24351.         -3192.         -2070.          6127.
  188     310         -12860.         24514.         -3364.         -2100.          6190.
  189     311         -12759.         24674.         -3534.         -2129.          6252.
  190     312         -12660.         24829.         -3702.         -2156.          6311.
  191     313         -12562.         24981.         -3867.         -2183.          6369.
  192     314         -12466.         25128.         -4030.         -2208.          6424.
  193     315         -12371.         25272.         -4191.         -2232.          6478.
  194     316         -12277.         25411.         -4349.         -2255.          6530.
  195     317         -12185.         25546.         -4505.         -2277.          6580.
  196     318         -12095.         25677.         -4657.         -2297.          6628.
  197     319         -12006.         25804.         -4808.         -2316.          6674.
  198     320         -11919.         25926.         -4956.         -2333.          6718.
  199     321         -11834.         26044.         -5101.         -2349.          6760.
  200     322         -11750.         26157.         -5243.         -2363.          6800.
  201     323         -11668.         26265.         -5383.         -2376.          6838.
  202     324         -11588.         26369.         -5519.         -2388.          6874.
  203     325         -11509.         26468.         -5654.         -2397.          6908.
  204     326         -11432.         26562.         -5785.         -2406.          6939.
  205     327         -11357.         26652.         -5913.         -2412.          6969.
  206     328         -11284.         26736.         -6039.         -2417.          6996.
  207     329         -11213.         26816.         -6161.         -2420.          7021.
  208     330         -11143.         26890.         -6281.         -2421.          7044.
  209     331         -11076.         26959.         -6398.         -2421.          7065.
  210     332         -11010.         27024.         -6512.         -2419.          7083.
  211     333         -10946.         27083.         -6622.         -2415.          7099.
  212     334         -10885.         27137.         -6730.         -2409.          7113.
  213     335         -10825.         27186.         -6835.         -2402.          7125.
  214     336         -10767.         27229.         -6937.         -2392.          7134.
  215     337         -10711.         27267.         -7035.         -2380.          7141.
  216     338         -10657.         27300.         -7131.         -2367.          7145.
  217     339         -10605.         27328.         -7223.         -2352.          7148.
  218     340         -10556.         27350.         -7312.         -2334.          7148.
  219     341         -10508.         27366.         -7398.         -2315.          7145.
  220     342         -10462.         27377.         -7481.         -2294.          7140.
  221     343         -10419.         27383.         -7561.         -2270.          7133.
  222     344         -10377.         27383.         -7637.         -2245.          7124.
  223     345         -10338.         27377.         -7710.         -2218.          7112.
  224     346         -10301.         27366.         -7780.         -2188.          7098.
  225     347         -10265.         27350.         -7847.         -2157.          7081.
  226     348         -10232.         27328.         -7910.         -2123.          7062.
  227     349         -10202.         27300.         -7970.         -2087.          7041.
  228     350         -10173.         27266.         -8027.         -2049.          7017.
  229     351         -10146.         27227.         -8081.         -2009.          6990.
  230     352         -10122.         27182.         -8131.         -1967.          6962.
  231     353         -10100.         27132.         -8178.         -1923.          6931.
  232     354         -10080.         27076.         -8222.         -1876.          6897.
  233     355         -10062.         27014.         -8262.         -1828.          6862.
  234     356         -10047.         26947.         -8299.         -1777.          6824.
  235     357         -10034.         26874.         -8333.         -1724.          6783.
  236     358         -10022.         26795.         -8363.         -1669.          6740.
  237     359         -10014.         26711.         -8390.         -1612.          6695.
  238     360         -10007.         26621.         -8414.         -1553.          6647.
  239     361         -10002.         26525.         -8434.         -1491.          6597.
  240     362         -10000.         26424.         -8451.         -1427.          6545.
  241     363         -10000.         26317.         -8465.         -1362.          6490.
  242     364         -10002.         26205.         -8475.         -1294.          6433.
  243     365         -10007.         26087.         -8482.         -1224.          6374.
  244       1         -10014.         25963.         -8486.         -1151.          6313.
  245       2         -10022.         25834.         -8486.         -1077.          6249.
  246       3         -10034.         25700.         -8483.         -1001.          6183.
  247       4         -10047.         25560.         -8477.          -922.          6114.
  248       5         -10062.         25414.         -8467.          -841.          6044.
  249       6         -10080.         25264.         -8454.          -759.          5971.
  250       7         -10100.         25107.         -8438.          -674.          5896.
  251       8         -10122.         24946.         -8418.          -587.          5819.
  252       9         -10146.         24779.         -8395.          -498.          5740.
  253      10         -10173.         24607.         -8369.          -407.          5658.
  254      11         -10202.         24430.         -8340.          -314.          5575.
  255      12         -10232.         24248.         -8307.          -219.          5489.
  256      13         -10265.         24060.         -8271.          -122.          5401.
  257      14         -10301.         23867.         -8232.           -23.          5311.
  258      15         -10338.         23670.         -8190.            77.          5220.
  259      16         -10377.         23467.         -8144.           180.          5126.
  260      17         -10419.         23260.         -8096.           285.          5030.
  261      18         -10462.         23047.         -8044.           391.          4932.
  262      19         -10508.         22830.         -7989.           499.          4833.
  263      20         -10556.         22608.         -7931.           610.          4731.
  264      21         -10605.         22381.         -7870.           721.          4628.
  265      22         -10657.         22150.         -7805.           835.          4523.
  266      23         -10711.         21914.         -7738.           951.          4416.
  267      24         -10767.         21674.         -7668.          1068.          4307.
  268      25         -10825.         21429.         -7594.          1186.          4196.
  269      26         -10885.         21180.         -7518.          1307.          4084.
  270      27         -10946.         20926.         -7439.          1429.          3970.
  271      28         -11010.         20669.         -7356.          1552.          3855.
  272      29         -11076.         20407.         -7271.          1678.          3738.
  273      30         -11143.         20141.         -7183.          1804.          3619.
  274      31         -11213.         19871.         -7092.          1932.          3499.
  275      32         -11284.         19598.         -6998.          2062.          3377.
  276      33         -11357.         19320.         -6901.          2193.          3254.
  277      34         -11432.         19039.         -6802.          2325.          3130.
  278      35         -11509.         18754.         -6700.          2459.          3004.
  279      36         -11588.         18465.         -6595.          2594.          2876.
  280      37         -11668.         18173.         -6487.          2730.          2748.
  281      38         -11750.         17878.         -6377.          2867.          2618.
  282      39         -11834.         17579.         -6264.          3006.          2487.
  283      40         -11919.         17277.         -6148.          3146.          2355.
  284      41         -12006.         16972.         -6030.          3286.          2222.
  285      42         -12095.         16664.         -5910.          3428.          2087.
  286      43         -12185.         16352.         -5786.          3571.          1952.
  287      44         -12277.         16039.         -5661.          3715.          1815.
  288      45         -12371.         15722.         -5533.          3860.          1678.
  289      46         -12466.         15403.         -5402.          4005.          1540.
  290      47         -12562.         15081.         -5270.          4151.          1401.
  291      48         -12660.         14757.         -5134.          4299.          1261.
  292      49         -12759.         14430.         -4997.          4446.          1120.
  293      50         -12860.         14101.         -4857.          4595.           979.
  294      51         -12962.         13770.         -4716.          4744.           837.
  295      52         -13066.         13437.         -4572.          4894.           694.
  296      53         -13170.         13102.         -4425.          5044.           551.
  297      54         -13276.         12765.         -4277.          5195.           407.
  298      55         -13384.         12427.         -4127.          5346.           262.
  299      56         -13492.         12087.         -3975.          5498.           118.
  300      57         -13602.         11745.         -3820.          5649.           -27.
  301      58         -13713.         11402.         -3664.          5802.          -173.
  302      59         -13825.         11058.         -3506.          5954.          -318.
  303      60         -13938.         10713.         -3346.          6107.          -464.
  304      61         -14052.         10367.         -3184.          6259.          -611.
  305      62         -14167.         10019.         -3021.          6412.          -757.
  306      63         -14283.          9671.         -2856.          6565.          -903.
  307      64         -14400.          9323.         -2689.          6718.         -1049.
  308      65         -14518.          8973.         -2521.          6870.         -1196.
  309      66         -14637.          8623.         -2351.          7023.         -1342.
  310      67         -14757.          8273.         -2179.          7175.         -1488.
  311      68         -14878.          7923.         -2006.          7327.         -1634.
  312      69         -14999.          7572.         -1832.          7479.         -1779.
  313      70         -15121.          7222.         -1656.          7631.         -1925.
  314      71         -15244.          6871.         -1479.          7782.         -2070.
  315      72         -15367.          6521.         -1300.          7932.         -2214.
  316      73         -15491.          6171.         -1121.          8082.         -2358.
  317      74         -15616.          5822.          -940.          8232.         -2502.
  318      75         -15741.          5473.          -758.          8381.         -2645.
  319      76         -15867.          5125.          -575.          8529.         -2788.
  320      77         -15993.          4778.          -391.          8677.         -2929.
  321      78         -16120.          4432.          -205.          8823.         -3070.
  322      79         -16247.          4086.           -19.          8969.         -3211.
  323      80         -16375.          3742.           168.          9114.         -3350.
  324      81         -16502.          3400.           356.          9258.         -3489.
  325      82         -16630.          3058.           544.          9402.         -3626.
  326      83         -16759.          2718.           734.          9544.         -3763.
  327      84         -16887.          2380.           924.          9685.         -3899.
  328      85         -17016.          2044.          1115.          9824.         -4033.
  329      86         -17145.          1709.          1306.          9963.         -4167.
  330      87         -17274.          1377.          1498.         10100.         -4299.
  331      88         -17403.          1046.          1690.         10237.         -4430.
  332      89         -17532.           718.          1883.         10371.         -4560.
  333      90         -17661.           393.          2076.         10505.         -4688.
  334      91         -17790.            69.          2270.         10636.         -4815.
  335      92         -17919.          -252.          2464.         10767.         -4940.
  336      93         -18048.          -570.          2658.         10896.         -5064.
  337      94         -18177.          -885.          2853.         11023.         -5187.
  338      95         -18305.         -1197.          3047.         11148.         -5307.
  339      96         -18434.         -1507.          3242.         11272.         -5426.
  340      97         -18562.         -1813.          3436.         11394.         -5544.
  341      98         -18689.         -2116.          3631.         11515.         -5659.
  342      99         -18816.         -2416.          3826.         11633.         -5773.
  343     100         -18943.         -2712.          4020.         11750.         -5885.
  344     101         -19070.         -3004.          4215.         11864.         -5995.
  345     102         -19196.         -3293.          4409.         11977.         -6104.
  346     103         -19321.         -3579.          4603.         12088.         -6210.
  347     104         -19446.         -3860.          4796.         12196.         -6314.
  348     105         -19571.         -4137.          4990.         12303.         -6416.
  349     106         -19695.         -4410.          5182.         12407.         -6516.
  350     107         -19818.         -4679.          5375.         12509.         -6613.
  351     108         -19940.         -4944.          5567.         12609.         -6709.
  352     109         -20062.         -5204.          5758.         12706.         -6802.
  353     110         -20183.         -5460.          5949.         12802.         -6893.
  354     111         -20303.         -5712.          6139.         12895.         -6981.
  355     112         -20422.         -5958.          6328.         12985.         -7067.
  356     113         -20541.         -6200.          6517.         13073.         -7151.
  357     114         -20658.         -6437.          6705.         13159.         -7232.
  358     115         -20775.         -6669.          6891.         13242.         -7311.
  359     116         -20891.         -6896.          7078.         13322.         -7387.
  360     117         -21005.         -7118.          7263.         13400.         -7460.
  361     118         -21119.         -7335.          7447.         13476.         -7531.
  362     119         -21231.         -7546.          7630.         13548.         -7599.
  363     120         -21343.         -7752.          7812.         13618.         -7664.
  364     121         -21453.         -7952.          7993.         13686.         -7727.
  365     122         -21562.          7457.         14024.            82.             0.
  366     123         -21670.          7296.         14213.           163.             3.
  367     124         -21777.          7152.         14405.           245.            26.
  368     125         -21882.          7017.         14597.           327.            59.
  369     126         -21986.          6877.         14784.           410.            84.
  370     127         -22089.          6729.         14964.           491.            95.
  371     128         -22191.          6573.         15137.           573.            92.
  372     129         -22291.          6411.         15305.           655.            79.
  373     130         -22389.          6245.         15467.           736.            58.
  374     131         -22486.          6077.         15624.           816.            30.
  375     132         -22582.          5907.         15777.           896.            -2.
  376     133         -22676.          5737.         15925.           976.           -38.
  377     134         -22769.          5567.         16070.          1055.           -77.
  378     135         -22860.          5399.         16211.          1133.          -117.
  379     136         -22950.          5232.         16348.          1211.          -159.
  380     137         -23037.          5067.         16482.          1288.          -201.
  381     138         -23124.          4904.         16612.          1364.          -244.
  382     139         -23208.          4744.         16739.          1439.          -286.
  383     140         -23291.          4586.         16862.          1514.          -329.
  384     141         -23372.          4432.         16983.          1588.          -371.
  385     142         -23452.          4281.         17099.          1660.          -412.
  386     143         -23529.          4133.         17213.          1732.          -452.
  387     144         -23605.          3989.         17323.          1802.          -491.
  388     145         -23679.          3848.         17430.          1872.          -529.
  389     146         -23752.          3711.         17534.          1940.          -566.
  390     147         -23822.          3579.         17634.          2008.          -602.
  391     148         -23891.          3450.         17731.          2074.          -636.
  392     149         -23957.          3325.         17824.          2139.          -669.
  393     150         -24022.          3205.         17915.          2202.          -700.
  394     151         -24085.          3089.         18002.          2264.          -729.
  395     152         -24146.          2977.         18085.          2325.          -757.
  396     153         -24204.          2870.         18166.          2385.          -783.
  397     154         -24261.          2768.         18243.          2443.          -808.
  398     155         -24316.          2670.         18316.          2500.          -830.
  399     156         -24369.          2576.         18386.          2555.          -851.
  400     157         -24420.          2488.         18453.          2609.          -870.
  401     158         -24469.          2404.         18517.          2661.          -887.
  402     159         -24515.          2325.         18577.          2712.          -902.
  403     160         -24560.          2251.         18633.          2761.          -915.
  404     161         -24602.          2182.         18686.          2808.          -926.
  405     162         -24643.          2118.         18736.          2854.          -935.
  406     163         -24681.          2059.         18783.          2898.          -942.
  407     164         -24717.          2005.         18825.          2940.          -947.
  408     165         -24751.          1956.         18865.          2981.          -949.
  409     166         -24783.          1912.         18901.          3020.          -950.
  410     167         -24813.          1874.         18933.          3057.          -949.
  411     168         -24841.          1840.         18963.          3093.          -945.
  412     169         -24866.          1812.         18988.          3126.          -940.
  413     170         -24889.          1789.         19010.          3158.          -932.
  414     171         -24910.          1771.         19029.          3188.          -922.
  415     172         -24929.          1759.         19044.          3216.          -910.
  416     173         -24946.          1752.         19056.          3242.          -896.
  417     174         -24960.          1750.         19064.          3266.          -880.
  418     175         -24972.          1753.         19069.          3288.          -861.
  419     176         -24982.          1762.         19071.          3308.          -841.
  420     177         -24990.          1777.         19069.          3327.          -818.
  421     178         -24996.          1796.         19063.          3343.          -793.
  422     179         -24999.          1821.         19054.          3358.          -766.
  423     180         -25000.          1851.         19042.          3370.          -737.
  424     181         -24999.          1887.         19026.          3381.          -705.
  425     182         -24996.          1928.         19007.          3389.          -672.
  426     183         -24990.          1974.         18984.          3396.          -636.
  427     184         -24982.          2026.         18958.          3400.          -598.
  428     185         -24972.          2083.         18929.          3403.          -558.
  429     186         -24960.          2145.         18896.          3403.          -516.
  430     187         -24946.          2212.         18860.          3402.          -472.
  431     188         -24929.          2285.         18820.          3398.          -425.
  432     189         -24910.          2363.         18777.          3392.          -377.
  433     190         -24889.          2447.         18731.          3385.          -326.
  434     191         -24866.          2535.         18682.          3375.          -274.
  435     192         -24841.          2629.         18629.          3364.          -219.
  436     193         -24813.          2728.         18573.          3350.          -162.
  437     194         -24783.          2832.         18513.          3334.          -104.
  438     195         -24751.          2941.         18450.          3317.           -43.
  439     196         -24717.          3055.         18385.          3297.            20.
  440     197         -24681.          3174.         18315.          3276.            84.
  441     198         -24643.          3299.         18243.          3252.           151.
  442     199         -24602.          3428.         18168.          3226.           220.
  443     200         -24560.          3562.         18089.          3199.           290.
  444     201         -24515.          3701.         18007.          3170.           362.
  445     202         -24469.          3845.         17922.          3138.           437.
  446     203         -24420.          3994.         17834.          3105.           513.
  447     204         -24369.          4147.         17743.          3070.           591.
  448     205         -24316.          4305.         17649.          3033.           670.
  449     206         -24261.          4468.         17552.          2994.           752.
  450     207         -24204.          4635.         17452.          2953.           835.
  451     208         -24146.          4807.         17349.          2910.           920.
  452     209         -24085.          4983.         17243.          2866.          1007.
  453     210         -24022.          5164.         17134.          2820.          1095.
  454     211         -23957.          5349.         17022.          2772.          1185.
  455     212         -23891.          5538.         16907.          2722.          1277.
  456     213         -23822.          5731.         16790.          2671.          1370.
  457     214         -23752.          5929.         16669.          2618.          1464.
  458     215         -23679.          6131.         16546.          2563.          1561.
  459     216         -23605.          6337.         16421.          2506.          1658.
  460     217         -23529.          6546.         16292.          2448.          1758.
  461     218         -23452.          6760.         16161.          2389.          1858.
  462     219         -23372.          6977.         16028.          2328.          1960.
  463     220         -23291.          7198.         15891.          2265.          2063.
  464     221         -23208.          7423.         15753.          2201.          2168.
  465     222         -23124.          7651.         15611.          2135.          2274.
  466     223         -23037.          7883.         15468.          2068.          2381.
  467     224         -22950.          8118.         15321.          1999.          2489.
  468     225         -22860.          8356.         15173.          1929.          2599.
  469     226         -22769.          8598.         15022.          1858.          2709.
  470     227         -22676.          8843.         14869.          1786.          2821.
  471     228         -22582.          9091.         14713.          1712.          2934.
  472     229         -22486.          9341.         14555.          1637.          3047.
  473     230         -22389.          9595.         14395.          1561.          3162.
  474     231         -22291.          9852.         14233.          1483.          3278.
  475     232         -22191.         10111.         14069.          1405.          3394.
  476     233         -22089.         10373.         13903.          1326.          3511.
  477     234         -21986.         10637.         13734.          1245.          3630.
  478     235         -21882.         10903.         13564.          1163.          3748.
  479     236         -21777.         11172.         13392.          1081.          3868.
  480     237         -21670.         11443.         13217.           998.          3988.
  481     238         -21562.         11717.         13041.           913.          4109.
  482     239         -21453.         11992.         12863.           828.          4231.
  483     240         -21343.         12269.         12684.           742.          4353.
  484     241         -21231.         12548.         12503.           656.          4475.
  485     242         -21119.         12829.         12320.           569.          4598.
  486     243         -21005.         13111.         12135.           481.          4722.
  487     244         -20891.         13395.         11949.           392.          4845.
  488     245         -20775.         10289.         10489.            -3.             0.
  489     246         -20658.         10426.         10244.            -8.             4.
  490     247         -20541.         10595.         10009.           -15.            49.
  491     248         -20422.         10802.          9786.           -23.           142.
  492     249         -20303.         11027.          9569.           -33.           260.
  493     250         -20183.         11260.          9352.           -44.           385.
  494     251         -20062.         11495.          9135.           -57.           511.
  495     252         -19940.         11731.          8917.           -71.           637.
  496     253         -19818.         11967.          8698.           -87.           759.
  497     254         -19695.         12202.          8477.          -104.           880.
  498     255         -19571.         12438.          8255.          -123.           999.
  499     256         -19446.         12674.          8032.          -143.          1116.
  500     257         -19321.         12909.          7808.          -165.          1231.
  501     258         -19196.         13145.          7583.          -187.          1345.
  502     259         -19070.         13382.          7358.          -211.          1458.
  503     260         -18943.         13618.          7132.          -237.          1570.
  504     261         -18816.         13856.          6906.          -263.          1681.
  505     262         -18689.         14093.          6679.          -291.          1792.
  506     263         -18562.         14331.          6452.          -320.          1901.
  507     264         -18434.         14569.          6225.          -349.          2011.
  508     265         -18305.         14808.          5997.          -380.          2119.
  509     266         -18177.         15046.          5770.          -412.          2227.
  510     267         -18048.         15285.          5543.          -445.          2335.
  511     268         -17919.         15525.          5315.          -479.          2442.
  512     269         -17790.         15764.          5088.          -513.          2548.
  513     270         -17661.         16003.          4862.          -549.          2654.
  514     271         -17532.         16242.          4635.          -585.          2760.
  515     272         -17403.         16481.          4409.          -622.          2865.
  516     273         -17274.         16720.          4183.          -659.          2969.
  517     274         -17145.         16958.          3958.          -698.          3073.
  518     275         -17016.         17196.          3733.          -737.          3177.
  519     276         -16887.         17433.          3509.          -776.          3280.
  520     277         -16759.         17670.          3286.          -816.          3382.
  521     278         -16630.         17906.          3063.          -856.          3483.
  522     279         -16502.         18142.          2842.          -897.          3584.
  523     280         -16375.         18376.          2621.          -938.          3684.
  524     281         -16247.         18610.          2401.          -979.          3784.
  525     282         -16120.         18842.          2181.         -1021.          3882.
  526     283         -15993.         19073.          1963.         -1063.          3980.
  527     284         -15867.         19303.          1746.         -1105.          4077.
  528     285         -15741.         19532.          1530.         -1147.          4174.
  529     286         -15616.         19759.          1315.         -1189.          4269.
  530     287         -15491.         19984.          1102.         -1231.          4363.
  531     288         -15367.         20208.           889.         -1273.          4456.
  532     289         -15244.         20430.           678.         -1316.          4549.
  533     290         -15121.         20650.           469.         -1358.          4640.
  534     291         -14999.         20868.           260.         -1399.          4730.
  535     292         -14878.         21084.            54.         -1441.          4819.
  536     293         -14757.         21298.          -152.         -1482.          4907.
  537     294         -14637.         21510.          -355.         -1523.          4994.
  538     295         -14518.         21719.          -557.         -1564.          5079.
  539     296         -14400.         21926.          -758.         -1604.          5163.
  540     297         -14283.         22130.          -957.         -1644.          5246.
  541     298         -14167.         22332.         -1154.         -1683.          5328.
  542     299         -14052.         22531.         -1349.         -1722.          5408.
  543     300         -13938.         22727.         -1542.         -1760.          5487.
  544     301         -13825.         22921.         -1733.         -1798.          5564.
  545     302         -13713.         23111.         -1923.         -1835.          5640.
  546     303         -13602.         23298.         -2110.         -1871.          5715.
  547     304         -13492.         23482.         -2296.         -1906.          5787.
  548     305         -13384.         23663.         -2479.         -1941.          5859.
  549     306         -13276.         23840.         -2661.         -1975.          5928.
  550     307         -13170.         24014.         -2840.         -2007.          5996.
  551     308         -13066.         24184.         -3017.         -2039.          6063.
  552     309         -12962.         24351.         -3192.         -2070.          6127.
  553     310         -12860.         24514.         -3364.         -2100.          6190.
  554     311         -12759.         24674.         -3534.         -2129.          6252.
  555     312         -12660.         24829.         -3702.         -2156.          6311.
  556     313         -12562.         24981.         -3867.         -2183.          6369.
  557     314         -12466.         25128.         -4030.         -2208.          6424.
  558     315         -12371.         25272.         -4191.         -2232.          6478.
  559     316         -12277.         25411.         -4349.         -2255.          6530.
  560     317         -12185.         25546.         -4505.         -2277.          6580.
  561     318         -12095.         25677.         -4657.         -2297.          6628.
  562     319         -12006.         25804.         -4808.         -2316.          6674.
  563     320         -11919.         25926.         -4956.         -2333.          6718.
  564     321         -11834.         26044.         -5101.         -2349.          6760.
  565     322         -11750.         26157.         -5243.         -2363.          6800.
  566     323         -11668.         26265.         -5383.         -2376.          6838.
  567     324         -11588.         26369.         -5519.         -2388.          6874.
  568     325         -11509.         26468.         -5654.         -2397.          6908.
  569     326         -11432.         26562.         -5785.         -2406.          6939.
  570     327         -11357.         26652.         -5913.         -2412.          6969.
  571     328         -11284.         26736.         -6039.         -2417.          6996.
  572     329         -11213.         26816.         -6161.         -2420.          7021.
  573     330         -11143.         26890.         -6281.         -2421.          7044.
  574     331         -11076.         26959.         -6398.         -2421.          7065.
  575     332         -11010.         27024.         -6512.         -2419.          7083.
  576     333         -10946.         27083.         -6622.         -2415.          7099.
  577     334         -10885.         27137.         -6730.         -2409.          7113.
  578     335         -10825.         27186.         -6835.         -2402.          7125.
  579     336         -10767.         27229.         -6937.         -2392.          7134.
  580     337         -10711.         27267.         -7035.         -2380.          7141.
  581     338         -10657.         27300.         -7131.         -2367.          7145.
  582     339         -10605.         27328.         -7223.         -2352.          7148.
  583     340         -10556.         27350.         -7312.         -2334.          7148.
  584     341         -10508.         27366.         -7398.         -2315.          7145.
  585     342         -10462.         27377.         -7481.         -2294.          7140.
  586     343         -10419.         27383.         -7561.         -2270.          7133.
  587     344         -10377.         27383.         -7637.         -2245.          7124.
  588     345         -10338.         27377.         -7710.         -2218.          7112.
  589     346         -10301.         27366.         -7780.         -2188.          7098.
  590     347         -10265.         27350.         -7847.         -2157.          7081.
  591     348         -10232.         27328.         -7910.         -2123.          7062.
  592     349         -10202.         27300.         -7970.         -2087.          7041.
  593     350         -10173.         27266.         -8027.         -2049.          7017.
  594     351         -10146.         27227.         -8081.         -2009.          6990.
  595     352         -10122.         27182.         -8131.         -1967.          6962.
  596     353         -10100.         27132.         -8178.         -1923.          6931.
  597     354         -10080.         27076.         -8222.         -1876.          6897.
  598     355         -10062.         27014.         -8262.         -1828.          6862.
  599     356         -10047.         26947.         -8299.         -1777.          6824.
  600     357         -10034.         26874.         -8333.         -1724.          6783.
  601     358         -10022.         26795.         -8363.         -1669.          6740.
  602     359         -10014.         26711.         -8390.         -1612.          6695.
  603     360         -10007.         26621.         -8414.         -1553.          6647.
  604     361         -10002.         26525.         -8434.         -1491.          6597.
  605     362         -10000.         26424.         -8451.         -1427.          6545.
  606     363         -10000.         26317.         -8465.         -1362.          6490.
  607     364         -10002.         26205.         -8475.         -1294.          6433.
  608     365         -10007.         26087.         -8482.         -1224.          6374.
  609       1         -10014.         25963.         -8486.         -1151.          6313.
  610       2         -10022.         25834.         -8486.         -1077.          6249.
  611       3         -10034.         25700.         -8483.         -1001.          6183.
  612       4         -10047.         25560.         -8477.          -922.          6114.
  613       5         -10062.         25414.         -8467.          -841.          6044.
  614       6         -10080.         25264.         -8454.          -759.          5971.
  615       7         -10100.         25107.         -8438.          -674.          5896.
  616       8         -10122.         24946.         -8418.          -587.          5819.
  617       9         -10146.         24779.         -8395.          -498.          5740.
  618      10         -10173.         24607.         -8369.          -407.          5658.
  619      11         -10202.         24430.         -8340.          -314.          5575.
  620      12         -10232.         24248.         -8307.          -219.          5489.
  621      13         -10265.         24060.         -8271.          -122.          5401.
  622      14         -10301.         23867.         -8232.           -23.          5311.
  623      15         -10338.         23670.         -8190.            77.          5220.
  624      16         -10377.         23467.         -8144.           180.          5126.
  625      17         -10419.         23260.         -8096.           285.          5030.
  626      18         -10462.         23047.         -8044.           391.          4932.
  627      19         -10508.         22830.         -7989.           499.          4833.
  628      20         -10556.         22608.         -7931.           610.          4731.
  629      21         -10605.         22381.         -7870.           721.          4628.
  630      22         -10657.         22150.         -7805.           835.          4523.
  631      23         -10711.         21914.         -7738.           951.          4416.
  632      24         -10767.         21674.         -7668.          1068.          4307.
  633      25         -10825.         21429.         -7594.          1186.          4196.
  634      26         -10885.         21180.         -7518.          1307.          4084.
  635      27         -10946.         20926.         -7439.          1429.          3970.
  636      28         -11010.         20669.         -7356.          1552.          3855.
  637      29         -11076.         20407.         -7271.          1678.          3738.
  638      30         -11143.         20141.         -7183.          1804.          3619.
  639      31         -11213.         19871.         -7092.          1932.          3499.
  640      32         -11284.         19598.         -6998.          2062.          3377.
  641      33         -11357.         19320.         -6901.          2193.          3254.
  642      34         -11432.         19039.         -6802.          2325.          3130.
  643      35         -11509.         18754.         -6700.          2459.          3004.
  644      36         -11588.         18465.         -6595.          2594.          2876.
  645      37         -11668.         18173.         -6487.          2730.          2748.
  646      38         -11750.         17878.         -6377.          2867.          2618.
  647      39         -11834.         17579.         -6264.          3006.          2487.
  648      40         -11919.         17277.         -6148.          3146.          2355.
  649      41         -12006.         16972.         -6030.          3286.          2222.
  650      42         -12095.         16664.         -5910.          3428.          2087.
  651      43         -12185.         16352.         -5786.          3571.          1952.
  652      44         -12277.         16039.         -5661.          3715.          1815.
  653      45         -12371.         15722.         -5533.          3860.          1678.
  654      46         -12466.         15403.         -5402.          4005.          1540.
  655      47         -12562.         15081.         -5270.          4151.          1401.
  656      48         -12660.         14757.         -5134.          4299.          1261.
  657      49         -12759.         14430.         -4997.          4446.          1120.
  658      50         -12860.         14101.         -4857.          4595.           979.
  659      51         -12962.         13770.         -4716.          4744.           837.
  660      52         -13066.         13437.         -4572.          4894.           694.
  661      53         -13170.         13102.         -4425.          5044.           551.
  662      54         -13276.         12765.         -4277.          5195.           407.
  663      55         -13384.         12427.         -4127.          5346.           262.
  664      56         -13492.         12087.         -3975.          5498.           118.
  665      57         -13602.         11745.         -3820.          5649.           -27.
  666      58         -13713.         11402.         -3664.          5802.          -173.
  667      59         -13825.         11058.         -3506.          5954.          -318.
  668      60         -13938.         10713.         -3346.          6107.          -464.
  669      61         -14052.         10367.         -3184.          6259.          -611.
  670      62         -14167.         10019.         -3021.          6412.          -757.
  671      63         -14283.          9671.         -2856.          6565.          -903.
  672      64         -14400.          9323.         -2689.          6718.         -1049.
  673      65         -14518.          8973.         -2521.          6870.         -1196.
  674      66         -14637.          8623.         -2351.          7023.         -1342.
  675      67         -14757.          8273.         -2179.          7175.         -1488.
  676      68         -14878.          7923.         -2006.          7327.         -1634.
  677      69         -14999.          7572.         -1832.          7479.         -1779.
  678      70         -15121.          7222.         -1656.          7631.         -1925.
  679      71         -15244.          6871.         -1479.          7782.         -2070.
  680      72         -15367.          6521.         -1300.          7932.         -2214.
  681      73         -15491.          6171.         -1121.          8082.         -2358.
  682      74         -15616.          5822.          -940.          8232.         -2502.
  683      75         -15741.          5473.          -758.          8381.         -2645.
  684      76         -15867.          5125.          -575.          8529.         -2788.
  685      77         -15993.          4778.          -391.          8677.         -2929.
  686      78         -16120.          4432.          -205.          8823.         -3070.
  687      79         -16247.          4086.           -19.          8969.         -3211.
  688      80         -16375.          3742.           168.          9114.         -3350.
  689      81         -16502.          3400.           356.          9258.         -3489.
  690      82         -16630.          3058.           544.          9402.         -3626.
  691      83         -16759.          2718.           734.          9544.         -3763.
  692      84         -16887.          2380.           924.          9685.         -3899.
  693      85         -17016.          2044.          1115.          9824.         -4033.
  694      86         -17145.          1709.          1306.          9963.         -4167.
  695      87         -17274.          1377.          1498.         10100.         -4299.
  696      88         -17403.          1046.          1690.         10237.         -4430.
  697      89         -17532.           718.          1883.         10371.         -4560.
  698      90         -17661.           393.          2076.         10505.         -4688.
  699      91         -17790.            69.          2270.         10636.         -4815.
  700      92         -17919.          -252.          2464.         10767.         -4940.
  701      93         -18048.          -570.          2658.         10896.         -5064.
  702      94         -18177.          -885.          2853.         11023.         -5187.
  703      95         -18305.         -1197.          3047.         11148.         -5307.
  704      96         -18434.         -1507.          3242.         11272.         -5426.
  705      97         -18562.         -1813.          3436.         11394.         -5544.
  706      98         -18689.         -2116.          3631.         11515.         -5659.
  707      99         -18816.         -2416.          3826.         11633.         -5773.
  708     100         -18943.         -2712.          4020.         11750.         -5885.
  709     101         -19070.         -3004.          4215.         11864.         -5995.
  710     102         -19196.         -3293.          4409.         11977.         -6104.
  711     103         -19321.         -3579.          4603.         12088.         -6210.
  712     104         -19446.         -3860.          4796.         12196.         -6314.
  713     105         -19571.         -4137.          4990.         12303.         -6416.
  714     106         -19695.         -4410.          5182.         12407.         -6516.
  715     107         -19818.         -4679.          5375.         12509.         -6613.
  716     108         -19940.         -4944.          5567.         12609.         -6709.
  717     109         -20062.         -5204.          5758.         12706.         -6802.
  718     110         -20183.         -5460.          5949.         12802.         -6893.
  719     111         -20303.         -5712.          6139.         12895.         -6981.
  720     112         -20422.         -5958.          6328.         12985.         -7067.
  721     113         -20541.         -6200.          6517.         13073.         -7151.
  722     114         -20658.         -6437.          6705.         13159.         -7232.
  723     115         -20775.         -6669.          6891.         13242.         -7311.
  724     116         -20891.         -6896.          7078.         13322.         -7387.
  725     117         -21005.         -7118.          7263.         13400.         -7460.
  726     118         -21119.         -7335.          7447.         13476.         -7531.
  727     119         -21231.         -7546.          7630.         13548.         -7599.
  728     120         -21343.         -7752.          7812.         13618.         -7664.
  729     121         -21453.         -7952.          7993.         13686.         -7727.
