    1     123         -21670.          7353.         14235.            82.             0.
    2     124         -21777.          7206.         14426.           164.            19.
    3     125         -21882.          7174.         14657.           246.           195.
    4     126         -21986.          7244.         14922.           330.           509.
    5     127         -22089.          7328.         15189.           414.           842.
    6     128         -22191.          7388.         15443.           499.          1139.
    7     129         -22291.          7414.         15681.           584.          1388.
    8     130         -22389.          7409.         15903.           669.          1592.
    9     131         -22486.          7379.         16112.           753.          1758.
   10     132         -22582.          7327.         16309.           838.          1892.
   11     133         -22676.          7259.         16496.           921.          1999.
   12     134         -22769.          7177.         16673.          1005.          2086.
   13     135         -22860.          7085.         16843.          1088.          2156.
   14     136         -22950.          6986.         17006.          1170.          2212.
   15     137         -23037.          6880.         17162.          1251.          2256.
   16     138         -23124.          6770.         17312.          1332.          2290.
   17     139         -23208.          6657.         17457.          1412.          2317.
   18     140         -23291.          6542.         17596.          1491.          2338.
   19     141         -23372.          6426.         17730.          1569.          2353.
   20     142         -23452.          6309.         17860.          1646.          2363.
   21     143         -23529.          6192.         17985.          1723.          2371.
   22     144         -23605.          6076.         18106.          1798.          2375.
   23     145         -23679.          5962.         18223.          1872.          2377.
   24     146         -23752.          5849.         18335.          1945.          2377.
   25     147         -23822.          5738.         18443.          2017.          2376.
   26     148         -23891.          5629.         18548.          2088.          2374.
   27     149         -23957.          5522.         18648.          2158.          2371.
   28     150         -24022.          5419.         18745.          2226.          2368.
   29     151         -24085.          5318.         18838.          2293.          2364.
   30     152         -24146.          5221.         18927.          2359.          2361.
   31     153         -24204.          5127.         19012.          2423.          2358.
   32     154         -24261.          5037.         19094.          2486.          2355.
   33     155         -24316.          4950.         19171.          2547.          2353.
   34     156         -24369.          4867.         19246.          2607.          2351.
   35     157         -24420.          4789.         19316.          2666.          2351.
   36     158         -24469.          4714.         19383.          2723.          2351.
   37     159         -24515.          4644.         19446.          2778.          2352.
   38     160         -24560.          4577.         19506.          2832.          2355.
   39     161         -24602.          4516.         19562.          2884.          2359.
   40     162         -24643.          4458.         19614.          2935.          2364.
   41     163         -24681.          4405.         19663.          2984.          2370.
   42     164         -24717.          4357.         19708.          3031.          2378.
   43     165         -24751.          4314.         19749.          3076.          2388.
   44     166         -24783.          4275.         19787.          3120.          2399.
   45     167         -24813.          4241.         19821.          3162.          2411.
   46     168         -24841.          4212.         19852.          3202.          2425.
   47     169         -24866.          4188.         19879.          3240.          2441.
   48     170         -24889.          4169.         19903.          3277.          2459.
   49     171         -24910.          4154.         19923.          3311.          2478.
   50     172         -24929.          4145.         19939.          3344.          2499.
   51     173         -24946.          4141.         19952.          3375.          2522.
   52     174         -24960.          4142.         19961.          3404.          2547.
   53     175         -24972.          4148.         19967.          3431.          2574.
   54     176         -24982.          4159.         19969.          3456.          2602.
   55     177         -24990.          4175.         19968.          3479.          2633.
   56     178         -24996.          4196.         19963.          3501.          2665.
   57     179         -24999.          4223.         19955.          3520.          2699.
   58     180         -25000.          4255.         19943.          3537.          2735.
   59     181         -24999.          4292.         19928.          3552.          2773.
   60     182         -24996.          4334.         19909.          3566.          2813.
   61     183         -24990.          4381.         19887.          3577.          2855.
   62     184         -24982.          4434.         19861.          3586.          2899.
   63     185         -24972.          4491.         19832.          3593.          2945.
   64     186         -24960.          4554.         19800.          3599.          2992.
   65     187         -24946.          4622.         19764.          3602.          3042.
   66     188         -24929.          4695.         19724.          3603.          3094.
   67     189         -24910.          4774.         19681.          3602.          3147.
   68     190         -24889.          4857.         19635.          3599.          3203.
   69     191         -24866.          4946.         19586.          3594.          3260.
   70     192         -24841.          5040.         19533.          3587.          3319.
   71     193         -24813.          5138.         19477.          3579.          3381.
   72     194         -24783.          5242.         19417.          3568.          3444.
   73     195         -24751.          5351.         19354.          3555.          3509.
   74     196         -24717.          5465.         19288.          3540.          3576.
   75     197         -24681.          5584.         19219.          3523.          3645.
   76     198         -24643.          5708.         19146.          3504.          3715.
   77     199         -24602.          5836.         19071.          3483.          3788.
   78     200         -24560.          5970.         18992.          3460.          3862.
   79     201         -24515.          6108.         18910.          3435.          3938.
   80     202         -24469.          6251.         18824.          3409.          4016.
   81     203         -24420.          6399.         18736.          3380.          4095.
   82     204         -24369.          6551.         18645.          3350.          4177.
   83     205         -24316.          6709.         18550.          3317.          4260.
   84     206         -24261.          6870.         18453.          3283.          4345.
   85     207         -24204.          7037.         18352.          3247.          4431.
   86     208         -24146.          7207.         18249.          3209.          4519.
   87     209         -24085.          7382.         18142.          3169.          4609.
   88     210         -24022.          7562.         18033.          3127.          4700.
   89     211         -23957.          7746.         17921.          3084.          4793.
   90     212         -23891.          7934.         17806.          3039.          4887.
   91     213         -23822.          8126.         17688.          2992.          4983.
   92     214         -23752.          8322.         17567.          2943.          5081.
   93     215         -23679.          8523.         17443.          2893.          5180.
   94     216         -23605.          8727.         17317.          2841.          5280.
   95     217         -23529.          8935.         17188.          2788.          5382.
   96     218         -23452.          9147.         17057.          2732.          5485.
   97     219         -23372.          9363.         16923.          2676.          5589.
   98     220         -23291.          9583.         16786.          2617.          5695.
   99     221         -23208.          9806.         16646.          2558.          5802.
  100     222         -23124.         10033.         16504.          2496.          5910.
  101     223         -23037.         10263.         16360.          2434.          6019.
  102     224         -22950.         10496.         16213.          2370.          6130.
  103     225         -22860.         10733.         16064.          2304.          6242.
  104     226         -22769.         10973.         15913.          2237.          6354.
  105     227         -22676.         11216.         15759.          2169.          6468.
  106     228         -22582.         11462.         15603.          2100.          6583.
  107     229         -22486.         11712.         15444.          2029.          6699.
  108     230         -22389.         11964.         15283.          1957.          6815.
  109     231         -22291.         12218.         15121.          1884.          6933.
  110     232         -22191.         12476.         14956.          1810.          7051.
  111     233         -22089.         12736.         14789.          1735.          7171.
  112     234         -21986.         12998.         14620.          1659.          7291.
  113     235         -21882.         13263.         14449.          1582.          7411.
  114     236         -21777.         13530.         14276.          1503.          7533.
  115     237         -21670.         13800.         14101.          1424.          7655.
  116     238         -21562.         14071.         13924.          1344.          7777.
  117     239         -21453.         14344.         13746.          1264.          7901.
  118     240         -21343.         14620.         13565.          1182.          8024.
  119     241         -21231.         14897.         13383.          1100.          8148.
  120     242         -21119.         15176.         13200.          1016.          8273.
  121     243         -21005.         15456.         13014.           933.          8398.
  122     244         -20891.         15738.         12827.           848.          8523.
  123     245         -20775.         10289.         10489.            -3.             0.
  124     246         -20658.         10438.         10249.            -8.            21.
  125     247         -20541.         10720.         10056.           -14.           220.
  126     248         -20422.         11131.          9910.           -21.           598.
  127     249         -20303.         11581.          9776.           -28.          1026.
  128     250         -20183.         12022.          9638.           -37.          1441.
  129     251         -20062.         12440.          9490.           -46.          1821.
  130     252         -19940.         12832.          9330.           -57.          2165.
  131     253         -19818.         13203.          9161.           -69.          2477.
  132     254         -19695.         13554.          8984.           -83.          2760.
  133     255         -19571.         13889.          8799.           -98.          3020.
  134     256         -19446.         14212.          8609.          -114.          3260.
  135     257         -19321.         14523.          8413.          -131.          3484.
  136     258         -19196.         14826.          8214.          -150.          3694.
  137     259         -19070.         15122.          8010.          -170.          3893.
  138     260         -18943.         15411.          7804.          -191.          4081.
  139     261         -18816.         15695.          7596.          -213.          4262.
  140     262         -18689.         15975.          7385.          -236.          4434.
  141     263         -18562.         16252.          7172.          -261.          4601.
  142     264         -18434.         16524.          6958.          -287.          4762.
  143     265         -18305.         16795.          6742.          -313.          4918.
  144     266         -18177.         17062.          6526.          -341.          5070.
  145     267         -18048.         17327.          6308.          -370.          5218.
  146     268         -17919.         17591.          6090.          -399.          5362.
  147     269         -17790.         17852.          5871.          -429.          5504.
  148     270         -17661.         18112.          5652.          -461.          5642.
  149     271         -17532.         18370.          5433.          -493.          5778.
  150     272         -17403.         18626.          5213.          -525.          5911.
  151     273         -17274.         18881.          4994.          -559.          6042.
  152     274         -17145.         19134.          4774.          -593.          6171.
  153     275         -17016.         19386.          4555.          -627.          6298.
  154     276         -16887.         19637.          4336.          -663.          6422.
  155     277         -16759.         19886.          4117.          -698.          6545.
  156     278         -16630.         20133.          3899.          -734.          6667.
  157     279         -16502.         20379.          3681.          -771.          6786.
  158     280         -16375.         20623.          3463.          -808.          6904.
  159     281         -16247.         20866.          3247.          -845.          7021.
  160     282         -16120.         21107.          3031.          -883.          7135.
  161     283         -15993.         21346.          2816.          -920.          7249.
  162     284         -15867.         21584.          2601.          -958.          7360.
  163     285         -15741.         21820.          2388.          -996.          7470.
  164     286         -15616.         22053.          2176.         -1034.          7579.
  165     287         -15491.         22285.          1965.         -1072.          7686.
  166     288         -15367.         22515.          1754.         -1110.          7792.
  167     289         -15244.         22742.          1545.         -1148.          7896.
  168     290         -15121.         22968.          1338.         -1186.          7998.
  169     291         -14999.         23191.          1131.         -1224.          8099.
  170     292         -14878.         23412.           926.         -1262.          8199.
  171     293         -14757.         23630.           723.         -1299.          8297.
  172     294         -14637.         23846.           521.         -1336.          8393.
  173     295         -14518.         24059.           320.         -1372.          8488.
  174     296         -14400.         24269.           121.         -1409.          8581.
  175     297         -14283.         24477.           -77.         -1444.          8673.
  176     298         -14167.         24682.          -272.         -1480.          8763.
  177     299         -14052.         24884.          -466.         -1514.          8851.
  178     300         -13938.         25083.          -659.         -1548.          8938.
  179     301         -13825.         25279.          -849.         -1582.          9023.
  180     302         -13713.         25471.         -1038.         -1615.          9106.
  181     303         -13602.         25661.         -1224.         -1647.          9188.
  182     304         -13492.         25847.         -1409.         -1678.          9267.
  183     305         -13384.         26030.         -1592.         -1709.          9345.
  184     306         -13276.         26209.         -1772.         -1739.          9422.
  185     307         -13170.         26385.         -1951.         -1767.          9496.
  186     308         -13066.         26557.         -2127.         -1795.          9569.
  187     309         -12962.         26725.         -2301.         -1822.          9639.
  188     310         -12860.         26889.         -2473.         -1848.          9708.
  189     311         -12759.         27050.         -2643.         -1873.          9775.
  190     312         -12660.         27207.         -2810.         -1897.          9840.
  191     313         -12562.         27359.         -2975.         -1919.          9903.
  192     314         -12466.         27508.         -3138.         -1941.          9964.
  193     315         -12371.         27652.         -3298.         -1961.         10023.
  194     316         -12277.         27793.         -3456.         -1980.         10080.
  195     317         -12185.         27928.         -3611.         -1997.         10135.
  196     318         -12095.         28060.         -3764.         -2013.         10187.
  197     319         -12006.         28187.         -3914.         -2028.         10238.
  198     320         -11919.         28310.         -4062.         -2042.         10287.
  199     321         -11834.         28428.         -4207.         -2054.         10333.
  200     322         -11750.         28541.         -4349.         -2064.         10378.
  201     323         -11668.         28650.         -4488.         -2074.         10420.
  202     324         -11588.         28754.         -4625.         -2081.         10460.
  203     325         -11509.         28853.         -4759.         -2087.         10498.
  204     326         -11432.         28947.         -4890.         -2091.         10533.
  205     327         -11357.         29037.         -5019.         -2094.         10566.
  206     328         -11284.         29121.         -5144.         -2095.         10597.
  207     329         -11213.         29200.         -5267.         -2094.         10626.
  208     330         -11143.         29275.         -5387.         -2092.         10653.
  209     331         -11076.         29344.         -5504.         -2088.         10677.
  210     332         -11010.         29408.         -5617.         -2082.         10699.
  211     333         -10946.         29467.         -5728.         -2074.         10718.
  212     334         -10885.         29521.         -5836.         -2064.         10736.
  213     335         -10825.         29569.         -5941.         -2053.         10750.
  214     336         -10767.         29612.         -6043.         -2040.         10763.
  215     337         -10711.         29650.         -6142.         -2024.         10773.
  216     338         -10657.         29683.         -6237.         -2007.         10781.
  217     339         -10605.         29709.         -6330.         -1988.         10786.
  218     340         -10556.         29731.         -6419.         -1967.         10789.
  219     341         -10508.         29747.         -6505.         -1944.         10790.
  220     342         -10462.         29757.         -6588.         -1919.         10788.
  221     343         -10419.         29762.         -6668.         -1892.         10784.
  222     344         -10377.         29762.         -6745.         -1863.         10777.
  223     345         -10338.         29756.         -6818.         -1832.         10768.
  224     346         -10301.         29744.         -6889.         -1798.         10756.
  225     347         -10265.         29727.         -6956.         -1763.         10742.
  226     348         -10232.         29704.         -7019.         -1726.         10726.
  227     349         -10202.         29675.         -7080.         -1686.         10707.
  228     350         -10173.         29641.         -7137.         -1645.         10686.
  229     351         -10146.         29601.         -7191.         -1601.         10662.
  230     352         -10122.         29555.         -7241.         -1555.         10636.
  231     353         -10100.         29504.         -7289.         -1507.         10607.
  232     354         -10080.         29447.         -7333.         -1457.         10576.
  233     355         -10062.         29384.         -7373.         -1405.         10543.
  234     356         -10047.         29316.         -7411.         -1351.         10507.
  235     357         -10034.         29242.         -7445.         -1294.         10469.
  236     358         -10022.         29162.         -7476.         -1236.         10428.
  237     359         -10014.         29077.         -7503.         -1175.         10385.
  238     360         -10007.         28986.         -7527.         -1112.         10340.
  239     361         -10002.         28889.         -7548.         -1047.         10292.
  240     362         -10000.         28787.         -7565.          -979.         10242.
  241     363         -10000.         28679.         -7579.          -910.         10189.
  242     364         -10002.         28565.         -7590.          -838.         10135.
  243     365         -10007.         28446.         -7597.          -765.         10077.
  244       1         -10014.         28322.         -7601.          -689.         10018.
  245       2         -10022.         28192.         -7602.          -611.          9956.
  246       3         -10034.         28056.         -7599.          -531.          9892.
  247       4         -10047.         27915.         -7593.          -449.          9826.
  248       5         -10062.         27768.         -7584.          -365.          9757.
  249       6         -10080.         27616.         -7572.          -278.          9686.
  250       7         -10100.         27459.         -7556.          -190.          9613.
  251       8         -10122.         27296.         -7537.          -100.          9538.
  252       9         -10146.         27128.         -7514.            -7.          9460.
  253      10         -10173.         26955.         -7489.            87.          9381.
  254      11         -10202.         26777.         -7460.           184.          9299.
  255      12         -10232.         26593.         -7428.           282.          9215.
  256      13         -10265.         26404.         -7392.           382.          9129.
  257      14         -10301.         26210.         -7354.           485.          9041.
  258      15         -10338.         26011.         -7312.           589.          8951.
  259      16         -10377.         25807.         -7267.           695.          8859.
  260      17         -10419.         25598.         -7219.           803.          8765.
  261      18         -10462.         25385.         -7167.           913.          8668.
  262      19         -10508.         25166.         -7113.          1025.          8570.
  263      20         -10556.         24943.         -7055.          1139.          8471.
  264      21         -10605.         24715.         -6995.          1254.          8369.
  265      22         -10657.         24482.         -6931.          1371.          8265.
  266      23         -10711.         24245.         -6864.          1490.          8160.
  267      24         -10767.         24003.         -6794.          1610.          8052.
  268      25         -10825.         23757.         -6721.          1733.          7944.
  269      26         -10885.         23506.         -6645.          1856.          7833.
  270      27         -10946.         23252.         -6567.          1982.          7720.
  271      28         -11010.         22993.         -6485.          2109.          7606.
  272      29         -11076.         22729.         -6400.          2237.          7491.
  273      30         -11143.         22462.         -6312.          2367.          7374.
  274      31         -11213.         22191.         -6222.          2499.          7255.
  275      32         -11284.         21916.         -6129.          2632.          7135.
  276      33         -11357.         21637.         -6033.          2766.          7013.
  277      34         -11432.         21354.         -5934.          2902.          6890.
  278      35         -11509.         21067.         -5832.          3039.          6765.
  279      36         -11588.         20777.         -5728.          3177.          6639.
  280      37         -11668.         20484.         -5621.          3317.          6512.
  281      38         -11750.         20187.         -5511.          3457.          6384.
  282      39         -11834.         19887.         -5398.          3599.          6254.
  283      40         -11919.         19583.         -5283.          3742.          6123.
  284      41         -12006.         19277.         -5166.          3887.          5991.
  285      42         -12095.         18967.         -5046.          4032.          5858.
  286      43         -12185.         18655.         -4923.          4178.          5724.
  287      44         -12277.         18339.         -4798.          4325.          5589.
  288      45         -12371.         18021.         -4671.          4473.          5453.
  289      46         -12466.         17700.         -4541.          4622.          5316.
  290      47         -12562.         17377.         -4409.          4771.          5178.
  291      48         -12660.         17051.         -4274.          4922.          5039.
  292      49         -12759.         16723.         -4137.          5073.          4900.
  293      50         -12860.         16393.         -3998.          5225.          4759.
  294      51         -12962.         16060.         -3857.          5377.          4618.
  295      52         -13066.         15726.         -3713.          5530.          4477.
  296      53         -13170.         15389.         -3568.          5684.          4335.
  297      54         -13276.         15051.         -3420.          5838.          4192.
  298      55         -13384.         14711.         -3270.          5992.          4049.
  299      56         -13492.         14369.         -3119.          6147.          3905.
  300      57         -13602.         14026.         -2965.          6302.          3761.
  301      58         -13713.         13682.         -2809.          6457.          3617.
  302      59         -13825.         13336.         -2652.          6613.          3473.
  303      60         -13938.         12989.         -2493.          6769.          3328.
  304      61         -14052.         12641.         -2331.          6925.          3183.
  305      62         -14167.         12293.         -2169.          7081.          3038.
  306      63         -14283.         11943.         -2004.          7237.          2892.
  307      64         -14400.         11593.         -1838.          7393.          2747.
  308      65         -14518.         11242.         -1670.          7548.          2602.
  309      66         -14637.         10890.         -1501.          7704.          2457.
  310      67         -14757.         10539.         -1330.          7860.          2312.
  311      68         -14878.         10187.         -1157.          8015.          2167.
  312      69         -14999.          9835.          -983.          8170.          2022.
  313      70         -15121.          9483.          -808.          8325.          1878.
  314      71         -15244.          9131.          -632.          8479.          1734.
  315      72         -15367.          8779.          -454.          8633.          1590.
  316      73         -15491.          8428.          -275.          8786.          1447.
  317      74         -15616.          8077.           -94.          8938.          1305.
  318      75         -15741.          7726.            87.          9090.          1162.
  319      76         -15867.          7377.           270.          9242.          1021.
  320      77         -15993.          7028.           453.          9393.           880.
  321      78         -16120.          6680.           638.          9542.           740.
  322      79         -16247.          6333.           823.          9691.           601.
  323      80         -16375.          5988.          1010.          9840.           462.
  324      81         -16502.          5643.          1197.          9987.           325.
  325      82         -16630.          5300.          1385.         10133.           188.
  326      83         -16759.          4959.          1574.         10278.            52.
  327      84         -16887.          4619.          1763.         10422.           -83.
  328      85         -17016.          4281.          1954.         10565.          -216.
  329      86         -17145.          3945.          2144.         10707.          -349.
  330      87         -17274.          3611.          2336.         10847.          -480.
  331      88         -17403.          3279.          2528.         10986.          -610.
  332      89         -17532.          2949.          2720.         11124.          -739.
  333      90         -17661.          2622.          2913.         11260.          -866.
  334      91         -17790.          2297.          3106.         11395.          -992.
  335      92         -17919.          1975.          3299.         11529.         -1117.
  336      93         -18048.          1655.          3493.         11661.         -1240.
  337      94         -18177.          1338.          3686.         11791.         -1362.
  338      95         -18305.          1024.          3880.         11919.         -1481.
  339      96         -18434.           713.          4074.         12046.         -1600.
  340      97         -18562.           405.          4268.         12171.         -1716.
  341      98         -18689.           101.          4462.         12295.         -1831.
  342      99         -18816.          -200.          4656.         12416.         -1944.
  343     100         -18943.          -498.          4850.         12536.         -2055.
  344     101         -19070.          -792.          5044.         12653.         -2165.
  345     102         -19196.         -1083.          5238.         12769.         -2272.
  346     103         -19321.         -1370.          5431.         12883.         -2377.
  347     104         -19446.         -1652.          5624.         12994.         -2480.
  348     105         -19571.         -1931.          5817.         13104.         -2582.
  349     106         -19695.         -2206.          6009.         13211.         -2681.
  350     107         -19818.         -2477.          6201.         13316.         -2778.
  351     108         -19940.         -2743.          6392.         13419.         -2872.
  352     109         -20062.         -3005.          6583.         13519.         -2965.
  353     110         -20183.         -3262.          6773.         13617.         -3055.
  354     111         -20303.         -3515.          6962.         13713.         -3142.
  355     112         -20422.         -3763.          7151.         13807.         -3228.
  356     113         -20541.         -4007.          7339.         13898.         -3311.
  357     114         -20658.         -4245.          7526.         13986.         -3391.
  358     115         -20775.         -4479.          7713.         14072.         -3469.
  359     116         -20891.         -4708.          7898.         14156.         -3544.
  360     117         -21005.         -4931.          8083.         14237.         -3617.
  361     118         -21119.         -5149.          8266.         14315.         -3687.
  362     119         -21231.         -5362.          8449.         14390.         -3754.
  363     120         -21343.         -5570.          8630.         14463.         -3819.
  364     121         -21453.         -5772.          8811.         14534.         -3881.
  365     122         -21562.          7457.         14024.            82.             0.
  366     123         -21670.          7308.         14218.           163.            19.
  367     124         -21777.          7276.         14452.           246.           197.
  368     125         -21882.          7346.         14721.           330.           515.
  369     126         -21986.          7431.         14992.           414.           851.
  370     127         -22089.          7491.         15250.           499.          1151.
  371     128         -22191.          7518.         15492.           584.          1402.
  372     129         -22291.          7512.         15718.           669.          1608.
  373     130         -22389.          7481.         15930.           753.          1775.
  374     131         -22486.          7428.         16131.           838.          1910.
  375     132         -22582.          7358.         16321.           922.          2019.
  376     133         -22676.          7275.         16502.          1006.          2106.
  377     134         -22769.          7181.         16675.          1089.          2176.
  378     135         -22860.          7080.         16841.          1171.          2232.
  379     136         -22950.          6972.         17001.          1253.          2276.
  380     137         -23037.          6859.         17154.          1334.          2310.
  381     138         -23124.          6744.         17302.          1414.          2336.
  382     139         -23208.          6626.         17445.          1494.          2356.
  383     140         -23291.          6507.         17583.          1573.          2371.
  384     141         -23372.          6387.         17716.          1650.          2381.
  385     142         -23452.          6267.         17844.          1727.          2387.
  386     143         -23529.          6148.         17969.          1803.          2391.
  387     144         -23605.          6031.         18089.          1878.          2392.
  388     145         -23679.          5914.         18205.          1952.          2391.
  389     146         -23752.          5800.         18317.          2024.          2389.
  390     147         -23822.          5687.         18425.          2096.          2386.
  391     148         -23891.          5578.         18529.          2166.          2382.
  392     149         -23957.          5471.         18629.          2235.          2377.
  393     150         -24022.          5366.         18725.          2303.          2373.
  394     151         -24085.          5265.         18818.          2369.          2368.
  395     152         -24146.          5168.         18907.          2435.          2364.
  396     153         -24204.          5074.         18992.          2498.          2360.
  397     154         -24261.          4983.         19073.          2561.          2356.
  398     155         -24316.          4897.         19151.          2622.          2353.
  399     156         -24369.          4814.         19225.          2681.          2351.
  400     157         -24420.          4735.         19296.          2739.          2350.
  401     158         -24469.          4661.         19363.          2795.          2350.
  402     159         -24515.          4590.         19426.          2850.          2351.
  403     160         -24560.          4524.         19486.          2903.          2354.
  404     161         -24602.          4463.         19542.          2955.          2357.
  405     162         -24643.          4406.         19594.          3005.          2362.
  406     163         -24681.          4354.         19643.          3053.          2369.
  407     164         -24717.          4306.         19688.          3099.          2376.
  408     165         -24751.          4263.         19730.          3144.          2386.
  409     166         -24783.          4225.         19768.          3187.          2397.
  410     167         -24813.          4191.         19803.          3228.          2409.
  411     168         -24841.          4163.         19834.          3268.          2424.
  412     169         -24866.          4139.         19861.          3306.          2440.
  413     170         -24889.          4121.         19885.          3341.          2458.
  414     171         -24910.          4107.         19905.          3375.          2477.
  415     172         -24929.          4098.         19922.          3407.          2498.
  416     173         -24946.          4095.         19935.          3437.          2522.
  417     174         -24960.          4097.         19944.          3466.          2547.
  418     175         -24972.          4103.         19950.          3492.          2573.
  419     176         -24982.          4115.         19953.          3516.          2602.
  420     177         -24990.          4132.         19952.          3539.          2633.
  421     178         -24996.          4154.         19948.          3559.          2665.
  422     179         -24999.          4182.         19940.          3578.          2700.
  423     180         -25000.          4214.         19928.          3594.          2736.
  424     181         -24999.          4252.         19913.          3609.          2775.
  425     182         -24996.          4295.         19895.          3621.          2815.
  426     183         -24990.          4343.         19873.          3632.          2857.
  427     184         -24982.          4396.         19847.          3640.          2902.
  428     185         -24972.          4455.         19818.          3647.          2948.
  429     186         -24960.          4519.         19786.          3651.          2996.
  430     187         -24946.          4587.         19751.          3654.          3046.
  431     188         -24929.          4662.         19711.          3654.          3098.
  432     189         -24910.          4741.         19669.          3652.          3152.
  433     190         -24889.          4825.         19623.          3649.          3208.
  434     191         -24866.          4915.         19574.          3643.          3266.
  435     192         -24841.          5009.         19521.          3635.          3325.
  436     193         -24813.          5109.         19466.          3626.          3387.
  437     194         -24783.          5214.         19406.          3614.          3451.
  438     195         -24751.          5323.         19344.          3600.          3516.
  439     196         -24717.          5438.         19278.          3584.          3584.
  440     197         -24681.          5558.         19209.          3567.          3653.
  441     198         -24643.          5683.         19137.          3547.          3724.
  442     199         -24602.          5812.         19062.          3525.          3797.
  443     200         -24560.          5947.         18983.          3502.          3871.
  444     201         -24515.          6086.         18901.          3476.          3948.
  445     202         -24469.          6230.         18816.          3449.          4026.
  446     203         -24420.          6379.         18728.          3419.          4106.
  447     204         -24369.          6532.         18637.          3388.          4188.
  448     205         -24316.          6690.         18543.          3355.          4272.
  449     206         -24261.          6853.         18446.          3319.          4357.
  450     207         -24204.          7020.         18346.          3283.          4444.
  451     208         -24146.          7191.         18243.          3244.          4532.
  452     209         -24085.          7367.         18137.          3203.          4622.
  453     210         -24022.          7548.         18028.          3161.          4714.
  454     211         -23957.          7733.         17916.          3117.          4808.
  455     212         -23891.          7922.         17801.          3071.          4903.
  456     213         -23822.          8115.         17683.          3023.          4999.
  457     214         -23752.          8312.         17563.          2974.          5097.
  458     215         -23679.          8513.         17440.          2923.          5196.
  459     216         -23605.          8718.         17314.          2870.          5297.
  460     217         -23529.          8928.         17185.          2816.          5399.
  461     218         -23452.          9141.         17054.          2760.          5503.
  462     219         -23372.          9357.         16920.          2702.          5607.
  463     220         -23291.          9578.         16784.          2643.          5714.
  464     221         -23208.          9802.         16645.          2583.          5821.
  465     222         -23124.         10029.         16503.          2521.          5930.
  466     223         -23037.         10260.         16359.          2457.          6039.
  467     224         -22950.         10495.         16213.          2393.          6150.
  468     225         -22860.         10732.         16064.          2326.          6263.
  469     226         -22769.         10973.         15913.          2259.          6376.
  470     227         -22676.         11217.         15759.          2190.          6490.
  471     228         -22582.         11464.         15603.          2120.          6605.
  472     229         -22486.         11714.         15445.          2049.          6721.
  473     230         -22389.         11967.         15285.          1976.          6839.
  474     231         -22291.         12222.         15122.          1903.          6957.
  475     232         -22191.         12481.         14958.          1828.          7075.
  476     233         -22089.         12741.         14791.          1752.          7195.
  477     234         -21986.         13005.         14622.          1675.          7315.
  478     235         -21882.         13270.         14451.          1597.          7437.
  479     236         -21777.         13538.         14279.          1518.          7558.
  480     237         -21670.         13808.         14104.          1438.          7681.
  481     238         -21562.         14081.         13928.          1358.          7804.
  482     239         -21453.         14355.         13750.          1276.          7928.
  483     240         -21343.         14631.         13570.          1194.          8052.
  484     241         -21231.         14909.         13388.          1111.          8176.
  485     242         -21119.         15188.         13204.          1027.          8301.
  486     243         -21005.         15470.         13019.           943.          8427.
  487     244         -20891.         15752.         12833.           858.          8552.
  488     245         -20775.         10289.         10489.            -3.             0.
  489     246         -20658.         10438.         10249.            -8.            21.
  490     247         -20541.         10720.         10056.           -14.           220.
  491     248         -20422.         11131.          9910.           -21.           598.
  492     249         -20303.         11581.          9776.           -28.          1026.
  493     250         -20183.         12022.          9638.           -37.          1441.
  494     251         -20062.         12440.          9490.           -46.          1821.
  495     252         -19940.         12832.          9330.           -57.          2165.
  496     253         -19818.         13203.          9161.           -69.          2477.
  497     254         -19695.         13554.          8984.           -83.          2760.
  498     255         -19571.         13889.          8799.           -98.          3020.
  499     256         -19446.         14212.          8609.          -114.          3260.
  500     257         -19321.         14523.          8413.          -131.          3484.
  501     258         -19196.         14826.          8214.          -150.          3694.
  502     259         -19070.         15122.          8010.          -170.          3893.
  503     260         -18943.         15411.          7804.          -191.          4081.
  504     261         -18816.         15695.          7596.          -213.          4262.
  505     262         -18689.         15975.          7385.          -236.          4434.
  506     263         -18562.         16252.          7172.          -261.          4601.
  507     264         -18434.         16524.          6958.          -287.          4762.
  508     265         -18305.         16795.          6742.          -313.          4918.
  509     266         -18177.         17062.          6526.          -341.          5070.
  510     267         -18048.         17327.          6308.          -370.          5218.
  511     268         -17919.         17591.          6090.          -399.          5362.
  512     269         -17790.         17852.          5871.          -429.          5504.
  513     270         -17661.         18112.          5652.          -461.          5642.
  514     271         -17532.         18370.          5433.          -493.          5778.
  515     272         -17403.         18626.          5213.          -525.          5911.
  516     273         -17274.         18881.          4994.          -559.          6042.
  517     274         -17145.         19134.          4774.          -593.          6171.
  518     275         -17016.         19386.          4555.          -627.          6298.
  519     276         -16887.         19637.          4336.          -663.          6422.
  520     277         -16759.         19886.          4117.          -698.          6545.
  521     278         -16630.         20133.          3899.          -734.          6667.
  522     279         -16502.         20379.          3681.          -771.          6786.
  523     280         -16375.         20623.          3463.          -808.          6904.
  524     281         -16247.         20866.          3247.          -845.          7021.
  525     282         -16120.         21107.          3031.          -883.          7135.
  526     283         -15993.         21346.          2816.          -920.          7249.
  527     284         -15867.         21584.          2601.          -958.          7360.
  528     285         -15741.         21820.          2388.          -996.          7470.
  529     286         -15616.         22053.          2176.         -1034.          7579.
  530     287         -15491.         22285.          1965.         -1072.          7686.
  531     288         -15367.         22515.          1754.         -1110.          7792.
  532     289         -15244.         22742.          1545.         -1148.          7896.
  533     290         -15121.         22968.          1338.         -1186.          7998.
  534     291         -14999.         23191.          1131.         -1224.          8099.
  535     292         -14878.         23412.           926.         -1262.          8199.
  536     293         -14757.         23630.           723.         -1299.          8297.
  537     294         -14637.         23846.           521.         -1336.          8393.
  538     295         -14518.         24059.           320.         -1372.          8488.
  539     296         -14400.         24269.           121.         -1409.          8581.
  540     297         -14283.         24477.           -77.         -1444.          8673.
  541     298         -14167.         24682.          -272.         -1480.          8763.
  542     299         -14052.         24884.          -466.         -1514.          8851.
  543     300         -13938.         25083.          -659.         -1548.          8938.
  544     301         -13825.         25279.          -849.         -1582.          9023.
  545     302         -13713.         25471.         -1038.         -1615.          9106.
  546     303         -13602.         25661.         -1224.         -1647.          9188.
  547     304         -13492.         25847.         -1409.         -1678.          9267.
  548     305         -13384.         26030.         -1592.         -1709.          9345.
  549     306         -13276.         26209.         -1772.         -1739.          9422.
  550     307         -13170.         26385.         -1951.         -1767.          9496.
  551     308         -13066.         26557.         -2127.         -1795.          9569.
  552     309         -12962.         26725.         -2301.         -1822.          9639.
  553     310         -12860.         26889.         -2473.         -1848.          9708.
  554     311         -12759.         27050.         -2643.         -1873.          9775.
  555     312         -12660.         27207.         -2810.         -1897.          9840.
  556     313         -12562.         27359.         -2975.         -1919.          9903.
  557     314         -12466.         27508.         -3138.         -1941.          9964.
  558     315         -12371.         27652.         -3298.         -1961.         10023.
  559     316         -12277.         27793.         -3456.         -1980.         10080.
  560     317         -12185.         27928.         -3611.         -1997.         10135.
  561     318         -12095.         28060.         -3764.         -2013.         10187.
  562     319         -12006.         28187.         -3914.         -2028.         10238.
  563     320         -11919.         28310.         -4062.         -2042.         10287.
  564     321         -11834.         28428.         -4207.         -2054.         10333.
  565     322         -11750.         28541.         -4349.         -2064.         10378.
  566     323         -11668.         28650.         -4488.         -2074.         10420.
  567     324         -11588.         28754.         -4625.         -2081.         10460.
  568     325         -11509.         28853.         -4759.         -2087.         10498.
  569     326         -11432.         28947.         -4890.         -2091.         10533.
  570     327         -11357.         29037.         -5019.         -2094.         10566.
  571     328         -11284.         29121.         -5144.         -2095.         10597.
  572     329         -11213.         29200.         -5267.         -2094.         10626.
  573     330         -11143.         29275.         -5387.         -2092.         10653.
  574     331         -11076.         29344.         -5504.         -2088.         10677.
  575     332         -11010.         29408.         -5617.         -2082.         10699.
  576     333         -10946.         29467.         -5728.         -2074.         10718.
  577     334         -10885.         29521.         -5836.         -2064.         10736.
  578     335         -10825.         29569.         -5941.         -2053.         10750.
  579     336         -10767.         29612.         -6043.         -2040.         10763.
  580     337         -10711.         29650.         -6142.         -2024.         10773.
  581     338         -10657.         29683.         -6237.         -2007.         10781.
  582     339         -10605.         29709.         -6330.         -1988.         10786.
  583     340         -10556.         29731.         -6419.         -1967.         10789.
  584     341         -10508.         29747.         -6505.         -1944.         10790.
  585     342         -10462.         29757.         -6588.         -1919.         10788.
  586     343         -10419.         29762.         -6668.         -1892.         10784.
  587     344         -10377.         29762.         -6745.         -1863.         10777.
  588     345         -10338.         29756.         -6818.         -1832.         10768.
  589     346         -10301.         29744.         -6889.         -1798.         10756.
  590     347         -10265.         29727.         -6956.         -1763.         10742.
  591     348         -10232.         29704.         -7019.         -1726.         10726.
  592     349         -10202.         29675.         -7080.         -1686.         10707.
  593     350         -10173.         29641.         -7137.         -1645.         10686.
  594     351         -10146.         29601.         -7191.         -1601.         10662.
  595     352         -10122.         29555.         -7241.         -1555.         10636.
  596     353         -10100.         29504.         -7289.         -1507.         10607.
  597     354         -10080.         29447.         -7333.         -1457.         10576.
  598     355         -10062.         29384.         -7373.         -1405.         10543.
  599     356         -10047.         29316.         -7411.         -1351.         10507.
  600     357         -10034.         29242.         -7445.         -1294.         10469.
  601     358         -10022.         29162.         -7476.         -1236.         10428.
  602     359         -10014.         29077.         -7503.         -1175.         10385.
  603     360         -10007.         28986.         -7527.         -1112.         10340.
  604     361         -10002.         28889.         -7548.         -1047.         10292.
  605     362         -10000.         28787.         -7565.          -979.         10242.
  606     363         -10000.         28679.         -7579.          -910.         10189.
  607     364         -10002.         28565.         -7590.          -838.         10135.
  608     365         -10007.         28446.         -7597.          -765.         10077.
  609       1         -10014.         28322.         -7601.          -689.         10018.
  610       2         -10022.         28192.         -7602.          -611.          9956.
  611       3         -10034.         28056.         -7599.          -531.          9892.
  612       4         -10047.         27915.         -7593.          -449.          9826.
  613       5         -10062.         27768.         -7584.          -365.          9757.
  614       6         -10080.         27616.         -7572.          -278.          9686.
  615       7         -10100.         27459.         -7556.          -190.          9613.
  616       8         -10122.         27296.         -7537.          -100.          9538.
  617       9         -10146.         27128.         -7514.            -7.          9460.
  618      10         -10173.         26955.         -7489.            87.          9381.
  619      11         -10202.         26777.         -7460.           184.          9299.
  620      12         -10232.         26593.         -7428.           282.          9215.
  621      13         -10265.         26404.         -7392.           382.          9129.
  622      14         -10301.         26210.         -7354.           485.          9041.
  623      15         -10338.         26011.         -7312.           589.          8951.
  624      16         -10377.         25807.         -7267.           695.          8859.
  625      17         -10419.         25598.         -7219.           803.          8765.
  626      18         -10462.         25385.         -7167.           913.          8668.
  627      19         -10508.         25166.         -7113.          1025.          8570.
  628      20         -10556.         24943.         -7055.          1139.          8471.
  629      21         -10605.         24715.         -6995.          1254.          8369.
  630      22         -10657.         24482.         -6931.          1371.          8265.
  631      23         -10711.         24245.         -6864.          1490.          8160.
  632      24         -10767.         24003.         -6794.          1610.          8052.
  633      25         -10825.         23757.         -6721.          1733.          7944.
  634      26         -10885.         23506.         -6645.          1856.          7833.
  635      27         -10946.         23252.         -6567.          1982.          7720.
  636      28         -11010.         22993.         -6485.          2109.          7606.
  637      29         -11076.         22729.         -6400.          2237.          7491.
  638      30         -11143.         22462.         -6312.          2367.          7374.
  639      31         -11213.         22191.         -6222.          2499.          7255.
  640      32         -11284.         21916.         -6129.          2632.          7135.
  641      33         -11357.         21637.         -6033.          2766.          7013.
  642      34         -11432.         21354.         -5934.          2902.          6890.
  643      35         -11509.         21067.         -5832.          3039.          6765.
  644      36         -11588.         20777.         -5728.          3177.          6639.
  645      37         -11668.         20484.         -5621.          3317.          6512.
  646      38         -11750.         20187.         -5511.          3457.          6384.
  647      39         -11834.         19887.         -5398.          3599.          6254.
  648      40         -11919.         19583.         -5283.          3742.          6123.
  649      41         -12006.         19277.         -5166.          3887.          5991.
  650      42         -12095.         18967.         -5046.          4032.          5858.
  651      43         -12185.         18655.         -4923.          4178.          5724.
  652      44         -12277.         18339.         -4798.          4325.          5589.
  653      45         -12371.         18021.         -4671.          4473.          5453.
  654      46         -12466.         17700.         -4541.          4622.          5316.
  655      47         -12562.         17377.         -4409.          4771.          5178.
  656      48         -12660.         17051.         -4274.          4922.          5039.
  657      49         -12759.         16723.         -4137.          5073.          4900.
  658      50         -12860.         16393.         -3998.          5225.          4759.
  659      51         -12962.         16060.         -3857.          5377.          4618.
  660      52         -13066.         15726.         -3713.          5530.          4477.
  661      53         -13170.         15389.         -3568.          5684.          4335.
  662      54         -13276.         15051.         -3420.          5838.          4192.
  663      55         -13384.         14711.         -3270.          5992.          4049.
  664      56         -13492.         14369.         -3119.          6147.          3905.
  665      57         -13602.         14026.         -2965.          6302.          3761.
  666      58         -13713.         13682.         -2809.          6457.          3617.
  667      59         -13825.         13336.         -2652.          6613.          3473.
  668      60         -13938.         12989.         -2493.          6769.          3328.
  669      61         -14052.         12641.         -2331.          6925.          3183.
  670      62         -14167.         12293.         -2169.          7081.          3038.
  671      63         -14283.         11943.         -2004.          7237.          2892.
  672      64         -14400.         11593.         -1838.          7393.          2747.
  673      65         -14518.         11242.         -1670.          7548.          2602.
  674      66         -14637.         10890.         -1501.          7704.          2457.
  675      67         -14757.         10539.         -1330.          7860.          2312.
  676      68         -14878.         10187.         -1157.          8015.          2167.
  677      69         -14999.          9835.          -983.          8170.          2022.
  678      70         -15121.          9483.          -808.          8325.          1878.
  679      71         -15244.          9131.          -632.          8479.          1734.
  680      72         -15367.          8779.          -454.          8633.          1590.
  681      73         -15491.          8428.          -275.          8786.          1447.
  682      74         -15616.          8077.           -94.          8938.          1305.
  683      75         -15741.          7726.            87.          9090.          1162.
  684      76         -15867.          7377.           270.          9242.          1021.
  685      77         -15993.          7028.           453.          9393.           880.
  686      78         -16120.          6680.           638.          9542.           740.
  687      79         -16247.          6333.           823.          9691.           601.
  688      80         -16375.          5988.          1010.          9840.           462.
  689      81         -16502.          5643.          1197.          9987.           325.
  690      82         -16630.          5300.          1385.         10133.           188.
  691      83         -16759.          4959.          1574.         10278.            52.
  692      84         -16887.          4619.          1763.         10422.           -83.
  693      85         -17016.          4281.          1954.         10565.          -216.
  694      86         -17145.          3945.          2144.         10707.          -349.
  695      87         -17274.          3611.          2336.         10847.          -480.
  696      88         -17403.          3279.          2528.         10986.          -610.
  697      89         -17532.          2949.          2720.         11124.          -739.
  698      90         -17661.          2622.          2913.         11260.          -866.
  699      91         -17790.          2297.          3106.         11395.          -992.
  700      92         -17919.          1975.          3299.         11529.         -1117.
  701      93         -18048.          1655.          3493.         11661.         -1240.
  702      94         -18177.          1338.          3686.         11791.         -1362.
  703      95         -18305.          1024.          3880.         11919.         -1481.
  704      96         -18434.           713.          4074.         12046.         -1600.
  705      97         -18562.           405.          4268.         12171.         -1716.
  706      98         -18689.           101.          4462.         12295.         -1831.
  707      99         -18816.          -200.          4656.         12416.         -1944.
  708     100         -18943.          -498.          4850.         12536.         -2055.
  709     101         -19070.          -792.          5044.         12653.         -2165.
  710     102         -19196.         -1083.          5238.         12769.         -2272.
  711     103         -19321.         -1370.          5431.         12883.         -2377.
  712     104         -19446.         -1652.          5624.         12994.         -2480.
  713     105         -19571.         -1931.          5817.         13104.         -2582.
  714     106         -19695.         -2206.          6009.         13211.         -2681.
  715     107         -19818.         -2477.          6201.         13316.         -2778.
  716     108         -19940.         -2743.          6392.         13419.         -2872.
  717     109         -20062.         -3005.          6583.         13519.         -2965.
  718     110         -20183.         -3262.          6773.         13617.         -3055.
  719     111         -20303.         -3515.          6962.         13713.         -3142.
  720     112         -20422.         -3763.          7151.         13807.         -3228.
  721     113         -20541.         -4007.          7339.         13898.         -3311.
  722     114         -20658.         -4245.          7526.         13986.         -3391.
  723     115         -20775.         -4479.          7713.         14072.         -3469.
  724     116         -20891.         -4708.          7898.         14156.         -3544.
  725     117         -21005.         -4931.          8083.         14237.         -3617.
  726     118         -21119.         -5149.          8266.         14315.         -3687.
  727     119         -21231.         -5362.          8449.         14390.         -3754.
  728     120         -21343.         -5570.          8630.         14463.         -3819.
  729     121         -21453.         -5772.          8811.         14534.         -3881.
