 Day of  Day of
 sim.     year         Qrad         Qslur2air     Qslur2floor      Qslur2wall       Qout
    1     123         -16903.          4853.         11898.            65.           -88.
    2     124         -16986.          4371.         11640.           127.          -849.
    3     125         -17068.          3946.         11430.           186.         -1506.
    4     126         -17149.          3629.         11312.           243.         -1965.
    5     127         -17230.          3379.         11251.           300.         -2299.
    6     128         -17309.          3173.         11224.           357.         -2555.
    7     129         -17387.          2994.         11220.           412.         -2760.
    8     130         -17464.          2835.         11231.           467.         -2930.
    9     131         -17539.          2691.         11251.           522.         -3075.
   10     132         -17614.          2558.         11279.           576.         -3201.
   11     133         -17688.          2434.         11312.           629.         -3313.
   12     134         -17760.          2317.         11348.           682.         -3413.
   13     135         -17831.          2205.         11387.           734.         -3504.
   14     136         -17901.          2100.         11428.           785.         -3588.
   15     137         -17969.          1998.         11470.           836.         -3666.
   16     138         -18036.          1901.         11512.           886.         -3738.
   17     139         -18102.          1807.         11555.           935.         -3805.
   18     140         -18167.          1717.         11598.           984.         -3868.
   19     141         -18230.          1631.         11640.          1031.         -3928.
   20     142         -18292.          1547.         11683.          1078.         -3984.
   21     143         -18353.          1466.         11725.          1125.         -4038.
   22     144         -18412.          1388.         11766.          1170.         -4088.
   23     145         -18470.          1313.         11807.          1214.         -4136.
   24     146         -18526.          1240.         11846.          1258.         -4182.
   25     147         -18581.          1170.         11885.          1301.         -4225.
   26     148         -18635.          1103.         11923.          1343.         -4266.
   27     149         -18687.          1038.         11960.          1384.         -4305.
   28     150         -18737.           976.         11996.          1424.         -4342.
   29     151         -18786.           916.         12030.          1463.         -4377.
   30     152         -18834.           858.         12064.          1501.         -4411.
   31     153         -18879.           803.         12096.          1538.         -4442.
   32     154         -18924.           751.         12127.          1575.         -4472.
   33     155         -18967.           701.         12156.          1610.         -4500.
   34     156         -19008.           653.         12185.          1644.         -4526.
   35     157         -19047.           608.         12212.          1677.         -4551.
   36     158         -19085.           565.         12238.          1710.         -4574.
   37     159         -19122.           524.         12262.          1741.         -4595.
   38     160         -19157.           486.         12285.          1771.         -4615.
   39     161         -19190.           451.         12306.          1800.         -4633.
   40     162         -19221.           417.         12327.          1828.         -4649.
   41     163         -19251.           387.         12345.          1855.         -4664.
   42     164         -19280.           358.         12362.          1881.         -4678.
   43     165         -19306.           332.         12378.          1906.         -4690.
   44     166         -19331.           309.         12393.          1929.         -4700.
   45     167         -19354.           288.         12406.          1952.         -4709.
   46     168         -19376.           269.         12417.          1973.         -4716.
   47     169         -19395.           253.         12427.          1994.         -4722.
   48     170         -19414.           239.         12435.          2013.         -4727.
   49     171         -19430.           227.         12442.          2031.         -4729.
   50     172         -19445.           218.         12447.          2048.         -4731.
   51     173         -19458.           212.         12451.          2064.         -4730.
   52     174         -19469.           207.         12454.          2079.         -4729.
   53     175         -19478.           206.         12454.          2093.         -4725.
   54     176         -19486.           206.         12454.          2105.         -4721.
   55     177         -19492.           209.         12452.          2117.         -4715.
   56     178         -19497.           215.         12448.          2127.         -4707.
   57     179         -19499.           223.         12442.          2136.         -4698.
   58     180         -19500.           233.         12436.          2144.         -4687.
   59     181         -19499.           246.         12427.          2151.         -4675.
   60     182         -19497.           261.         12417.          2157.         -4661.
   61     183         -19492.           278.         12406.          2162.         -4646.
   62     184         -19486.           298.         12393.          2166.         -4630.
   63     185         -19478.           320.         12379.          2168.         -4612.
   64     186         -19469.           344.         12363.          2169.         -4592.
   65     187         -19458.           371.         12345.          2170.         -4571.
   66     188         -19445.           400.         12326.          2169.         -4549.
   67     189         -19430.           432.         12305.          2167.         -4525.
   68     190         -19414.           466.         12283.          2164.         -4500.
   69     191         -19395.           502.         12260.          2161.         -4473.
   70     192         -19376.           540.         12235.          2156.         -4445.
   71     193         -19354.           581.         12208.          2150.         -4416.
   72     194         -19331.           624.         12180.          2142.         -4385.
   73     195         -19306.           669.         12150.          2134.         -4352.
   74     196         -19280.           716.         12119.          2125.         -4319.
   75     197         -19251.           766.         12087.          2115.         -4283.
   76     198         -19221.           818.         12053.          2104.         -4247.
   77     199         -19190.           872.         12017.          2092.         -4209.
   78     200         -19157.           928.         11980.          2079.         -4169.
   79     201         -19122.           986.         11942.          2065.         -4129.
   80     202         -19085.          1046.         11902.          2051.         -4087.
   81     203         -19047.          1108.         11861.          2035.         -4043.
   82     204         -19008.          1173.         11818.          2018.         -3999.
   83     205         -18967.          1239.         11774.          2001.         -3953.
   84     206         -18924.          1308.         11729.          1982.         -3905.
   85     207         -18879.          1378.         11682.          1963.         -3856.
   86     208         -18834.          1451.         11633.          1943.         -3806.
   87     209         -18786.          1525.         11584.          1922.         -3755.
   88     210         -18737.          1601.         11533.          1900.         -3703.
   89     211         -18687.          1680.         11480.          1878.         -3649.
   90     212         -18635.          1760.         11427.          1855.         -3594.
   91     213         -18581.          1841.         11372.          1831.         -3537.
   92     214         -18526.          1925.         11315.          1806.         -3480.
   93     215         -18470.          2011.         11258.          1781.         -3421.
   94     216         -18412.          2098.         11199.          1755.         -3361.
   95     217         -18353.          2187.         11138.          1728.         -3300.
   96     218         -18292.          2277.         11077.          1701.         -3238.
   97     219         -18230.          2369.         11014.          1673.         -3175.
   98     220         -18167.          2463.         10950.          1644.         -3110.
   99     221         -18102.          2559.         10885.          1615.         -3044.
  100     222         -18036.          2655.         10818.          1585.         -2977.
  101     223         -17969.          2754.         10751.          1555.         -2910.
  102     224         -17901.          2854.         10682.          1524.         -2841.
  103     225         -17831.          2955.         10612.          1493.         -2771.
  104     226         -17760.          3058.         10541.          1461.         -2700.
  105     227         -17688.          3162.         10468.          1429.         -2628.
  106     228         -17614.          3267.         10395.          1397.         -2555.
  107     229         -17539.          3374.         10321.          1364.         -2480.
  108     230         -17464.          3482.         10245.          1331.         -2406.
  109     231         -17387.          3591.         10168.          1297.         -2330.
  110     232         -17309.          3702.         10091.          1264.         -2253.
  111     233         -17230.          3813.         10012.          1229.         -2175.
  112     234         -17149.          3926.          9932.          1195.         -2096.
  113     235         -17068.          4040.          9851.          1160.         -2017.
  114     236         -16986.          4154.          9770.          1126.         -1937.
  115     237         -16903.          4270.          9687.          1091.         -1855.
  116     238         -16819.          4386.          9603.          1055.         -1774.
  117     239         -16733.          4504.          9519.          1020.         -1691.
  118     240         -16647.          4622.          9433.           985.         -1607.
  119     241         -16560.          4741.          9347.           949.         -1523.
  120     242         -16473.          4861.          9259.           914.         -1438.
  121     243         -16384.          4982.          9171.           878.         -1353.
  122     244         -16295.          5103.          9082.           843.         -1267.
  123     245         -16204.          6233.          9874.            10.           -87.
  124     246         -16113.          5899.          9384.            17.          -814.
  125     247         -16022.          5645.          8963.            20.         -1394.
  126     248         -15929.          5508.          8643.            21.         -1757.
  127     249         -15836.          5443.          8385.            21.         -1987.
  128     250         -15743.          5422.          8165.            20.         -2135.
  129     251         -15648.          5431.          7969.            18.         -2230.
  130     252         -15553.          5460.          7789.            16.         -2288.
  131     253         -15458.          5503.          7622.            12.         -2321.
  132     254         -15362.          5557.          7463.             8.         -2334.
  133     255         -15265.          5619.          7310.             3.         -2333.
  134     256         -15168.          5687.          7163.            -3.         -2321.
  135     257         -15071.          5761.          7019.            -9.         -2299.
  136     258         -14973.          5839.          6878.           -16.         -2271.
  137     259         -14874.          5920.          6740.           -23.         -2237.
  138     260         -14776.          6005.          6604.           -31.         -2198.
  139     261         -14677.          6091.          6470.           -40.         -2155.
  140     262         -14578.          6180.          6337.           -49.         -2109.
  141     263         -14478.          6271.          6206.           -58.         -2060.
  142     264         -14378.          6363.          6075.           -68.         -2008.
  143     265         -14278.          6457.          5946.           -78.         -1954.
  144     266         -14178.          6551.          5817.           -89.         -1898.
  145     267         -14078.          6647.          5690.          -100.         -1841.
  146     268         -13977.          6744.          5563.          -112.         -1782.
  147     269         -13877.          6841.          5437.          -123.         -1722.
  148     270         -13776.          6939.          5312.          -135.         -1661.
  149     271         -13675.          7037.          5187.          -147.         -1599.
  150     272         -13574.          7136.          5063.          -160.         -1536.
  151     273         -13474.          7235.          4939.          -172.         -1472.
  152     274         -13373.          7334.          4816.          -185.         -1408.
  153     275         -13273.          7433.          4694.          -198.         -1343.
  154     276         -13172.          7533.          4572.          -211.         -1278.
  155     277         -13072.          7632.          4451.          -224.         -1213.
  156     278         -12972.          7731.          4331.          -237.         -1147.
  157     279         -12872.          7831.          4211.          -250.         -1081.
  158     280         -12772.          7930.          4091.          -264.         -1015.
  159     281         -12673.          8028.          3973.          -277.          -949.
  160     282         -12574.          8127.          3855.          -290.          -882.
  161     283         -12475.          8225.          3737.          -303.          -816.
  162     284         -12376.          8322.          3620.          -316.          -749.
  163     285         -12278.          8419.          3504.          -328.          -683.
  164     286         -12181.          8516.          3388.          -341.          -617.
  165     287         -12083.          8612.          3274.          -353.          -551.
  166     288         -11986.          8707.          3159.          -365.          -485.
  167     289         -11890.          8801.          3046.          -377.          -420.
  168     290         -11794.          8895.          2933.          -388.          -355.
  169     291         -11699.          8988.          2821.          -400.          -290.
  170     292         -11605.          9080.          2710.          -411.          -225.
  171     293         -11511.          9171.          2599.          -421.          -161.
  172     294         -11417.          9262.          2490.          -431.           -97.
  173     295         -11324.          9351.          2381.          -441.           -34.
  174     296         -11232.          9439.          2273.          -451.            29.
  175     297         -11141.          9527.          2165.          -459.            91.
  176     298         -11050.          9613.          2059.          -468.           153.
  177     299         -10961.          9698.          1953.          -476.           215.
  178     300         -10872.          9781.          1849.          -483.           275.
  179     301         -10783.          9864.          1745.          -490.           335.
  180     302         -10696.          9945.          1642.          -496.           395.
  181     303         -10609.         10025.          1540.          -502.           453.
  182     304         -10524.         10103.          1439.          -507.           511.
  183     305         -10439.         10180.          1339.          -512.           569.
  184     306         -10356.         10256.          1240.          -516.           625.
  185     307         -10273.         10330.          1142.          -519.           681.
  186     308         -10191.         10403.          1045.          -521.           736.
  187     309         -10110.         10474.           949.          -523.           790.
  188     310         -10031.         10544.           854.          -524.           843.
  189     311          -9952.         10612.           761.          -524.           896.
  190     312          -9875.         10678.           668.          -524.           947.
  191     313          -9798.         10742.           576.          -523.           998.
  192     314          -9723.         10805.           486.          -521.          1047.
  193     315          -9649.         10866.           396.          -518.          1096.
  194     316          -9576.         10926.           308.          -514.          1144.
  195     317          -9505.         10983.           221.          -509.          1190.
  196     318          -9434.         11039.           135.          -504.          1236.
  197     319          -9365.         11093.            50.          -498.          1281.
  198     320          -9297.         11145.           -33.          -490.          1324.
  199     321          -9230.         11195.          -116.          -482.          1366.
  200     322          -9165.         11243.          -197.          -473.          1408.
  201     323          -9101.         11289.          -277.          -463.          1448.
  202     324          -9038.         11333.          -355.          -452.          1487.
  203     325          -8977.         11375.          -433.          -440.          1525.
  204     326          -8917.         11415.          -509.          -427.          1562.
  205     327          -8859.         11453.          -584.          -414.          1597.
  206     328          -8802.         11489.          -657.          -399.          1631.
  207     329          -8746.         11523.          -729.          -383.          1664.
  208     330          -8692.         11554.          -800.          -366.          1696.
  209     331          -8639.         11583.          -870.          -348.          1727.
  210     332          -8588.         11611.          -938.          -329.          1756.
  211     333          -8538.         11636.         -1004.          -309.          1784.
  212     334          -8490.         11658.         -1070.          -288.          1810.
  213     335          -8443.         11679.         -1134.          -266.          1835.
  214     336          -8398.         11697.         -1196.          -243.          1859.
  215     337          -8355.         11713.         -1258.          -219.          1882.
  216     338          -8313.         11727.         -1317.          -194.          1903.
  217     339          -8272.         11739.         -1376.          -168.          1923.
  218     340          -8233.         11748.         -1433.          -140.          1941.
  219     341          -8196.         11755.         -1488.          -112.          1958.
  220     342          -8160.         11759.         -1542.           -83.          1974.
  221     343          -8127.         11761.         -1595.           -52.          1988.
  222     344          -8094.         11761.         -1646.           -20.          2000.
  223     345          -8063.         11759.         -1696.            12.          2012.
  224     346          -8034.         11754.         -1744.            46.          2021.
  225     347          -8007.         11746.         -1791.            81.          2030.
  226     348          -7981.         11737.         -1836.           117.          2036.
  227     349          -7957.         11725.         -1879.           154.          2042.
  228     350          -7935.         11710.         -1922.           192.          2045.
  229     351          -7914.         11693.         -1962.           231.          2048.
  230     352          -7895.         11674.         -2002.           271.          2048.
  231     353          -7878.         11652.         -2039.           312.          2047.
  232     354          -7863.         11628.         -2075.           354.          2045.
  233     355          -7849.         11602.         -2110.           398.          2041.
  234     356          -7837.         11573.         -2143.           442.          2036.
  235     357          -7826.         11542.         -2175.           488.          2029.
  236     358          -7818.         11508.         -2205.           534.          2020.
  237     359          -7811.         11472.         -2233.           581.          2010.
  238     360          -7805.         11434.         -2260.           630.          1998.
  239     361          -7802.         11393.         -2285.           679.          1985.
  240     362          -7800.         11350.         -2309.           730.          1970.
  241     363          -7800.         11304.         -2331.           781.          1954.
  242     364          -7802.         11256.         -2352.           833.          1936.
  243     365          -7805.         11206.         -2371.           887.          1916.
  244       1          -7811.         11153.         -2389.           941.          1895.
  245       2          -7818.         11098.         -2405.           996.          1872.
  246       3          -7826.         11041.         -2419.          1052.          1848.
  247       4          -7837.         10981.         -2432.          1109.          1822.
  248       5          -7849.         10919.         -2444.          1167.          1794.
  249       6          -7863.         10855.         -2454.          1226.          1765.
  250       7          -7878.         10789.         -2462.          1286.          1735.
  251       8          -7895.         10720.         -2469.          1346.          1702.
  252       9          -7914.         10649.         -2474.          1408.          1668.
  253      10          -7935.         10576.         -2478.          1470.          1633.
  254      11          -7957.         10500.         -2480.          1533.          1596.
  255      12          -7981.         10422.         -2480.          1597.          1557.
  256      13          -8007.         10343.         -2479.          1661.          1517.
  257      14          -8034.         10261.         -2477.          1726.          1476.
  258      15          -8063.         10176.         -2473.          1792.          1432.
  259      16          -8094.         10090.         -2467.          1859.          1388.
  260      17          -8127.         10002.         -2460.          1926.          1341.
  261      18          -8160.          9911.         -2452.          1994.          1293.
  262      19          -8196.          9819.         -2442.          2063.          1244.
  263      20          -8233.          9724.         -2430.          2132.          1193.
  264      21          -8272.          9628.         -2417.          2202.          1141.
  265      22          -8313.          9529.         -2403.          2273.          1087.
  266      23          -8355.          9429.         -2387.          2344.          1032.
  267      24          -8398.          9327.         -2369.          2416.           975.
  268      25          -8443.          9222.         -2350.          2488.           916.
  269      26          -8490.          9116.         -2330.          2560.           857.
  270      27          -8538.          9008.         -2308.          2634.           795.
  271      28          -8588.          8899.         -2285.          2707.           733.
  272      29          -8639.          8787.         -2260.          2781.           669.
  273      30          -8692.          8674.         -2234.          2856.           603.
  274      31          -8746.          8559.         -2207.          2930.           536.
  275      32          -8802.          8442.         -2178.          3005.           468.
  276      33          -8859.          8324.         -2148.          3081.           398.
  277      34          -8917.          8204.         -2116.          3157.           328.
  278      35          -8977.          8082.         -2083.          3233.           255.
  279      36          -9038.          7959.         -2048.          3309.           182.
  280      37          -9101.          7835.         -2013.          3385.           107.
  281      38          -9165.          7709.         -1975.          3462.            30.
  282      39          -9230.          7581.         -1937.          3539.           -47.
  283      40          -9297.          7452.         -1897.          3616.          -126.
  284      41          -9365.          7322.         -1856.          3693.          -206.
  285      42          -9434.          7191.         -1814.          3770.          -287.
  286      43          -9505.          7058.         -1770.          3848.          -369.
  287      44          -9576.          6924.         -1725.          3925.          -453.
  288      45          -9649.          6788.         -1679.          4002.          -537.
  289      46          -9723.          6652.         -1632.          4080.          -623.
  290      47          -9798.          6514.         -1583.          4157.          -710.
  291      48          -9875.          6376.         -1533.          4234.          -798.
  292      49          -9952.          6236.         -1482.          4311.          -887.
  293      50         -10031.          6095.         -1430.          4388.          -977.
  294      51         -10110.          5954.         -1377.          4465.         -1069.
  295      52         -10191.          5811.         -1322.          4542.         -1161.
  296      53         -10273.          5668.         -1267.          4618.         -1254.
  297      54         -10356.          5523.         -1210.          4694.         -1348.
  298      55         -10439.          5378.         -1152.          4770.         -1443.
  299      56         -10524.          5232.         -1093.          4846.         -1539.
  300      57         -10609.          5086.         -1033.          4921.         -1636.
  301      58         -10696.          4939.          -972.          4996.         -1733.
  302      59         -10783.          4791.          -910.          5070.         -1832.
  303      60         -10872.          4643.          -847.          5145.         -1931.
  304      61         -10961.          4494.          -782.          5218.         -2031.
  305      62         -11050.          4345.          -717.          5292.         -2132.
  306      63         -11141.          4195.          -651.          5364.         -2233.
  307      64         -11232.          4045.          -584.          5436.         -2335.
  308      65         -11324.          3894.          -516.          5508.         -2438.
  309      66         -11417.          3744.          -447.          5579.         -2541.
  310      67         -11511.          3593.          -377.          5650.         -2646.
  311      68         -11605.          3442.          -307.          5720.         -2750.
  312      69         -11699.          3290.          -235.          5789.         -2855.
  313      70         -11794.          3139.          -163.          5857.         -2961.
  314      71         -11890.          2988.           -90.          5925.         -3067.
  315      72         -11986.          2836.           -16.          5992.         -3174.
  316      73         -12083.          2685.            59.          6059.         -3281.
  317      74         -12181.          2534.           135.          6124.         -3388.
  318      75         -12278.          2382.           211.          6189.         -3496.
  319      76         -12376.          2231.           288.          6253.         -3604.
  320      77         -12475.          2081.           366.          6316.         -3712.
  321      78         -12574.          1930.           444.          6378.         -3821.
  322      79         -12673.          1780.           523.          6439.         -3930.
  323      80         -12772.          1631.           603.          6499.         -4039.
  324      81         -12872.          1481.           683.          6559.         -4148.
  325      82         -12972.          1333.           764.          6617.         -4258.
  326      83         -13072.          1185.           846.          6674.         -4367.
  327      84         -13172.          1037.           928.          6731.         -4477.
  328      85         -13273.           890.          1011.          6786.         -4586.
  329      86         -13373.           744.          1094.          6840.         -4696.
  330      87         -13474.           598.          1178.          6893.         -4805.
  331      88         -13574.           453.          1262.          6945.         -4915.
  332      89         -13675.           309.          1346.          6996.         -5024.
  333      90         -13776.           166.          1431.          7046.         -5133.
  334      91         -13877.            24.          1517.          7094.         -5242.
  335      92         -13977.          -118.          1603.          7141.         -5351.
  336      93         -14078.          -258.          1689.          7187.         -5459.
  337      94         -14178.          -397.          1775.          7232.         -5568.
  338      95         -14278.          -535.          1862.          7276.         -5676.
  339      96         -14378.          -672.          1950.          7318.         -5783.
  340      97         -14478.          -808.          2037.          7359.         -5890.
  341      98         -14578.          -943.          2125.          7399.         -5997.
  342      99         -14677.         -1076.          2213.          7437.         -6103.
  343     100         -14776.         -1208.          2301.          7474.         -6209.
  344     101         -14874.         -1339.          2389.          7510.         -6314.
  345     102         -14973.         -1468.          2478.          7544.         -6419.
  346     103         -15071.         -1596.          2567.          7577.         -6523.
  347     104         -15168.         -1722.          2656.          7608.         -6627.
  348     105         -15265.         -1847.          2745.          7638.         -6729.
  349     106         -15362.         -1970.          2834.          7667.         -6831.
  350     107         -15458.         -2092.          2923.          7694.         -6933.
  351     108         -15553.         -2212.          3012.          7720.         -7033.
  352     109         -15648.         -2330.          3101.          7744.         -7133.
  353     110         -15743.         -2446.          3190.          7767.         -7232.
  354     111         -15836.         -2561.          3279.          7788.         -7330.
  355     112         -15929.         -2674.          3369.          7808.         -7427.
  356     113         -16022.         -2785.          3458.          7826.         -7523.
  357     114         -16113.         -2894.          3547.          7843.         -7618.
  358     115         -16204.         -3001.          3636.          7858.         -7712.
  359     116         -16295.         -3106.          3724.          7872.         -7805.
  360     117         -16384.         -3210.          3813.          7884.         -7897.
  361     118         -16473.         -3311.          3901.          7895.         -7987.
  362     119         -16560.         -3410.          3989.          7904.         -8077.
  363     120         -16647.         -3507.          4077.          7911.         -8165.
  364     121         -16733.         -3602.          4165.          7917.         -8252.
  365     122         -16819.          4897.         11770.            65.           -87.
  366     123         -16903.          4418.         11518.           126.          -840.
  367     124         -16986.          3997.         11313.           186.         -1491.
  368     125         -17068.          3681.         11198.           243.         -1946.
  369     126         -17149.          3432.         11139.           301.         -2278.
  370     127         -17230.          3225.         11116.           357.         -2532.
  371     128         -17309.          3046.         11114.           413.         -2736.
  372     129         -17387.          2887.         11126.           468.         -2905.
  373     130         -17464.          2742.         11149.           523.         -3050.
  374     131         -17539.          2608.         11179.           577.         -3176.
  375     132         -17614.          2483.         11213.           630.         -3288.
  376     133         -17688.          2365.         11251.           683.         -3388.
  377     134         -17760.          2252.         11292.           736.         -3480.
  378     135         -17831.          2145.         11334.           787.         -3564.
  379     136         -17901.          2043.         11378.           838.         -3642.
  380     137         -17969.          1944.         11422.           888.         -3715.
  381     138         -18036.          1849.         11467.           938.         -3783.
  382     139         -18102.          1758.         11511.           987.         -3846.
  383     140         -18167.          1670.         11556.          1035.         -3907.
  384     141         -18230.          1584.         11600.          1082.         -3964.
  385     142         -18292.          1502.         11644.          1129.         -4018.
  386     143         -18353.          1423.         11687.          1174.         -4069.
  387     144         -18412.          1346.         11729.          1219.         -4118.
  388     145         -18470.          1272.         11771.          1263.         -4164.
  389     146         -18526.          1200.         11811.          1307.         -4208.
  390     147         -18581.          1131.         11851.          1349.         -4250.
  391     148         -18635.          1064.         11889.          1390.         -4290.
  392     149         -18687.          1000.         11927.          1431.         -4328.
  393     150         -18737.           939.         11963.          1471.         -4364.
  394     151         -18786.           880.         11999.          1509.         -4399.
  395     152         -18834.           823.         12033.          1547.         -4431.
  396     153         -18879.           768.         12065.          1584.         -4462.
  397     154         -18924.           717.         12097.          1620.         -4491.
  398     155         -18967.           667.         12127.          1654.         -4518.
  399     156         -19008.           620.         12156.          1688.         -4544.
  400     157         -19047.           575.         12184.          1721.         -4568.
  401     158         -19085.           533.         12210.          1753.         -4590.
  402     159         -19122.           493.         12235.          1783.         -4611.
  403     160         -19157.           455.         12258.          1813.         -4630.
  404     161         -19190.           420.         12280.          1842.         -4648.
  405     162         -19221.           388.         12301.          1869.         -4664.
  406     163         -19251.           357.         12320.          1896.         -4679.
  407     164         -19280.           329.         12337.          1921.         -4692.
  408     165         -19306.           304.         12354.          1945.         -4703.
  409     166         -19331.           281.         12368.          1969.         -4713.
  410     167         -19354.           260.         12382.          1991.         -4722.
  411     168         -19376.           242.         12393.          2012.         -4729.
  412     169         -19395.           226.         12404.          2032.         -4734.
  413     170         -19414.           213.         12412.          2050.         -4738.
  414     171         -19430.           202.         12420.          2068.         -4741.
  415     172         -19445.           193.         12425.          2085.         -4741.
  416     173         -19458.           187.         12430.          2100.         -4741.
  417     174         -19469.           183.         12432.          2114.         -4739.
  418     175         -19478.           182.         12434.          2127.         -4735.
  419     176         -19486.           183.         12433.          2140.         -4730.
  420     177         -19492.           186.         12431.          2150.         -4724.
  421     178         -19497.           192.         12428.          2160.         -4716.
  422     179         -19499.           201.         12423.          2169.         -4706.
  423     180         -19500.           211.         12417.          2177.         -4696.
  424     181         -19499.           224.         12409.          2183.         -4683.
  425     182         -19497.           240.         12399.          2188.         -4669.
  426     183         -19492.           258.         12388.          2193.         -4654.
  427     184         -19486.           278.         12376.          2196.         -4637.
  428     185         -19478.           300.         12361.          2198.         -4619.
  429     186         -19469.           325.         12346.          2199.         -4599.
  430     187         -19458.           352.         12329.          2199.         -4578.
  431     188         -19445.           382.         12310.          2197.         -4555.
  432     189         -19430.           414.         12290.          2195.         -4531.
  433     190         -19414.           448.         12268.          2192.         -4506.
  434     191         -19395.           485.         12245.          2187.         -4479.
  435     192         -19376.           523.         12220.          2182.         -4450.
  436     193         -19354.           564.         12194.          2175.         -4421.
  437     194         -19331.           608.         12166.          2168.         -4389.
  438     195         -19306.           653.         12137.          2159.         -4357.
  439     196         -19280.           701.         12106.          2150.         -4323.
  440     197         -19251.           751.         12074.          2139.         -4287.
  441     198         -19221.           803.         12040.          2128.         -4250.
  442     199         -19190.           857.         12005.          2115.         -4212.
  443     200         -19157.           914.         11968.          2102.         -4173.
  444     201         -19122.           972.         11930.          2087.         -4132.
  445     202         -19085.          1033.         11891.          2072.         -4089.
  446     203         -19047.          1096.         11850.          2056.         -4046.
  447     204         -19008.          1161.         11808.          2039.         -4001.
  448     205         -18967.          1228.         11764.          2021.         -3954.
  449     206         -18924.          1296.         11719.          2002.         -3907.
  450     207         -18879.          1367.         11672.          1982.         -3858.
  451     208         -18834.          1440.         11624.          1962.         -3807.
  452     209         -18786.          1515.         11575.          1941.         -3756.
  453     210         -18737.          1591.         11524.          1919.         -3703.
  454     211         -18687.          1670.         11472.          1896.         -3649.
  455     212         -18635.          1750.         11419.          1872.         -3594.
  456     213         -18581.          1833.         11364.          1848.         -3537.
  457     214         -18526.          1917.         11308.          1823.         -3479.
  458     215         -18470.          2002.         11250.          1797.         -3420.
  459     216         -18412.          2090.         11192.          1770.         -3360.
  460     217         -18353.          2179.         11132.          1743.         -3299.
  461     218         -18292.          2270.         11071.          1716.         -3236.
  462     219         -18230.          2363.         11008.          1687.         -3172.
  463     220         -18167.          2457.         10944.          1658.         -3108.
  464     221         -18102.          2552.         10879.          1629.         -3042.
  465     222         -18036.          2650.         10813.          1599.         -2975.
  466     223         -17969.          2748.         10746.          1568.         -2906.
  467     224         -17901.          2849.         10677.          1537.         -2837.
  468     225         -17831.          2950.         10608.          1506.         -2767.
  469     226         -17760.          3053.         10537.          1474.         -2696.
  470     227         -17688.          3158.         10465.          1441.         -2623.
  471     228         -17614.          3264.         10392.          1409.         -2550.
  472     229         -17539.          3371.         10318.          1375.         -2476.
  473     230         -17464.          3479.         10242.          1342.         -2400.
  474     231         -17387.          3589.         10166.          1308.         -2324.
  475     232         -17309.          3699.         10088.          1274.         -2247.
  476     233         -17230.          3811.         10010.          1240.         -2169.
  477     234         -17149.          3924.          9930.          1205.         -2090.
  478     235         -17068.          4038.          9850.          1170.         -2010.
  479     236         -16986.          4153.          9768.          1135.         -1930.
  480     237         -16903.          4269.          9686.          1100.         -1848.
  481     238         -16819.          4386.          9603.          1064.         -1766.
  482     239         -16733.          4503.          9518.          1029.         -1683.
  483     240         -16647.          4622.          9433.           993.         -1599.
  484     241         -16560.          4741.          9347.           957.         -1515.
  485     242         -16473.          4862.          9260.           922.         -1430.
  486     243         -16384.          4982.          9172.           886.         -1344.
  487     244         -16295.          5104.          9083.           850.         -1257.
  488     245         -16204.          6233.          9874.            10.           -87.
  489     246         -16113.          5899.          9384.            17.          -814.
  490     247         -16022.          5645.          8963.            20.         -1394.
  491     248         -15929.          5508.          8643.            21.         -1757.
  492     249         -15836.          5443.          8385.            21.         -1987.
  493     250         -15743.          5422.          8165.            20.         -2135.
  494     251         -15648.          5431.          7969.            18.         -2230.
  495     252         -15553.          5460.          7789.            16.         -2288.
  496     253         -15458.          5503.          7622.            12.         -2321.
  497     254         -15362.          5557.          7463.             8.         -2334.
  498     255         -15265.          5619.          7310.             3.         -2333.
  499     256         -15168.          5687.          7163.            -3.         -2321.
  500     257         -15071.          5761.          7019.            -9.         -2299.
  501     258         -14973.          5839.          6878.           -16.         -2271.
  502     259         -14874.          5920.          6740.           -23.         -2237.
  503     260         -14776.          6005.          6604.           -31.         -2198.
  504     261         -14677.          6091.          6470.           -40.         -2155.
  505     262         -14578.          6180.          6337.           -49.         -2109.
  506     263         -14478.          6271.          6206.           -58.         -2060.
  507     264         -14378.          6363.          6075.           -68.         -2008.
  508     265         -14278.          6457.          5946.           -78.         -1954.
  509     266         -14178.          6551.          5817.           -89.         -1898.
  510     267         -14078.          6647.          5690.          -100.         -1841.
  511     268         -13977.          6744.          5563.          -112.         -1782.
  512     269         -13877.          6841.          5437.          -123.         -1722.
  513     270         -13776.          6939.          5312.          -135.         -1661.
  514     271         -13675.          7037.          5187.          -147.         -1599.
  515     272         -13574.          7136.          5063.          -160.         -1536.
  516     273         -13474.          7235.          4939.          -172.         -1472.
  517     274         -13373.          7334.          4816.          -185.         -1408.
  518     275         -13273.          7433.          4694.          -198.         -1343.
  519     276         -13172.          7533.          4572.          -211.         -1278.
  520     277         -13072.          7632.          4451.          -224.         -1213.
  521     278         -12972.          7731.          4331.          -237.         -1147.
  522     279         -12872.          7831.          4211.          -250.         -1081.
  523     280         -12772.          7930.          4091.          -264.         -1015.
  524     281         -12673.          8028.          3973.          -277.          -949.
  525     282         -12574.          8127.          3855.          -290.          -882.
  526     283         -12475.          8225.          3737.          -303.          -816.
  527     284         -12376.          8322.          3620.          -316.          -749.
  528     285         -12278.          8419.          3504.          -328.          -683.
  529     286         -12181.          8516.          3388.          -341.          -617.
  530     287         -12083.          8612.          3274.          -353.          -551.
  531     288         -11986.          8707.          3159.          -365.          -485.
  532     289         -11890.          8801.          3046.          -377.          -420.
  533     290         -11794.          8895.          2933.          -388.          -355.
  534     291         -11699.          8988.          2821.          -400.          -290.
  535     292         -11605.          9080.          2710.          -411.          -225.
  536     293         -11511.          9171.          2599.          -421.          -161.
  537     294         -11417.          9262.          2490.          -431.           -97.
  538     295         -11324.          9351.          2381.          -441.           -34.
  539     296         -11232.          9439.          2273.          -451.            29.
  540     297         -11141.          9527.          2165.          -459.            91.
  541     298         -11050.          9613.          2059.          -468.           153.
  542     299         -10961.          9698.          1953.          -476.           215.
  543     300         -10872.          9781.          1849.          -483.           275.
  544     301         -10783.          9864.          1745.          -490.           335.
  545     302         -10696.          9945.          1642.          -496.           395.
  546     303         -10609.         10025.          1540.          -502.           453.
  547     304         -10524.         10103.          1439.          -507.           511.
  548     305         -10439.         10180.          1339.          -512.           569.
  549     306         -10356.         10256.          1240.          -516.           625.
  550     307         -10273.         10330.          1142.          -519.           681.
  551     308         -10191.         10403.          1045.          -521.           736.
  552     309         -10110.         10474.           949.          -523.           790.
  553     310         -10031.         10544.           854.          -524.           843.
  554     311          -9952.         10612.           761.          -524.           896.
  555     312          -9875.         10678.           668.          -524.           947.
  556     313          -9798.         10742.           576.          -523.           998.
  557     314          -9723.         10805.           486.          -521.          1047.
  558     315          -9649.         10866.           396.          -518.          1096.
  559     316          -9576.         10926.           308.          -514.          1144.
  560     317          -9505.         10983.           221.          -509.          1190.
  561     318          -9434.         11039.           135.          -504.          1236.
  562     319          -9365.         11093.            50.          -498.          1281.
  563     320          -9297.         11145.           -33.          -490.          1324.
  564     321          -9230.         11195.          -116.          -482.          1366.
  565     322          -9165.         11243.          -197.          -473.          1408.
  566     323          -9101.         11289.          -277.          -463.          1448.
  567     324          -9038.         11333.          -355.          -452.          1487.
  568     325          -8977.         11375.          -433.          -440.          1525.
  569     326          -8917.         11415.          -509.          -427.          1562.
  570     327          -8859.         11453.          -584.          -414.          1597.
  571     328          -8802.         11489.          -657.          -399.          1631.
  572     329          -8746.         11523.          -729.          -383.          1664.
  573     330          -8692.         11554.          -800.          -366.          1696.
  574     331          -8639.         11583.          -870.          -348.          1727.
  575     332          -8588.         11611.          -938.          -329.          1756.
  576     333          -8538.         11636.         -1004.          -309.          1784.
  577     334          -8490.         11658.         -1070.          -288.          1810.
  578     335          -8443.         11679.         -1134.          -266.          1835.
  579     336          -8398.         11697.         -1196.          -243.          1859.
  580     337          -8355.         11713.         -1258.          -219.          1882.
  581     338          -8313.         11727.         -1317.          -194.          1903.
  582     339          -8272.         11739.         -1376.          -168.          1923.
  583     340          -8233.         11748.         -1433.          -140.          1941.
  584     341          -8196.         11755.         -1488.          -112.          1958.
  585     342          -8160.         11759.         -1542.           -83.          1974.
  586     343          -8127.         11761.         -1595.           -52.          1988.
  587     344          -8094.         11761.         -1646.           -20.          2000.
  588     345          -8063.         11759.         -1696.            12.          2012.
  589     346          -8034.         11754.         -1744.            46.          2021.
  590     347          -8007.         11746.         -1791.            81.          2030.
  591     348          -7981.         11737.         -1836.           117.          2036.
  592     349          -7957.         11725.         -1879.           154.          2042.
  593     350          -7935.         11710.         -1922.           192.          2045.
  594     351          -7914.         11693.         -1962.           231.          2048.
  595     352          -7895.         11674.         -2002.           271.          2048.
  596     353          -7878.         11652.         -2039.           312.          2047.
  597     354          -7863.         11628.         -2075.           354.          2045.
  598     355          -7849.         11602.         -2110.           398.          2041.
  599     356          -7837.         11573.         -2143.           442.          2036.
  600     357          -7826.         11542.         -2175.           488.          2029.
  601     358          -7818.         11508.         -2205.           534.          2020.
  602     359          -7811.         11472.         -2233.           581.          2010.
  603     360          -7805.         11434.         -2260.           630.          1998.
  604     361          -7802.         11393.         -2285.           679.          1985.
  605     362          -7800.         11350.         -2309.           730.          1970.
  606     363          -7800.         11304.         -2331.           781.          1954.
  607     364          -7802.         11256.         -2352.           833.          1936.
  608     365          -7805.         11206.         -2371.           887.          1916.
  609       1          -7811.         11153.         -2389.           941.          1895.
  610       2          -7818.         11098.         -2405.           996.          1872.
  611       3          -7826.         11041.         -2419.          1052.          1848.
  612       4          -7837.         10981.         -2432.          1109.          1822.
  613       5          -7849.         10919.         -2444.          1167.          1794.
  614       6          -7863.         10855.         -2454.          1226.          1765.
  615       7          -7878.         10789.         -2462.          1286.          1735.
  616       8          -7895.         10720.         -2469.          1346.          1702.
  617       9          -7914.         10649.         -2474.          1408.          1668.
  618      10          -7935.         10576.         -2478.          1470.          1633.
  619      11          -7957.         10500.         -2480.          1533.          1596.
  620      12          -7981.         10422.         -2480.          1597.          1557.
  621      13          -8007.         10343.         -2479.          1661.          1517.
  622      14          -8034.         10261.         -2477.          1726.          1476.
  623      15          -8063.         10176.         -2473.          1792.          1432.
  624      16          -8094.         10090.         -2467.          1859.          1388.
  625      17          -8127.         10002.         -2460.          1926.          1341.
  626      18          -8160.          9911.         -2452.          1994.          1293.
  627      19          -8196.          9819.         -2442.          2063.          1244.
  628      20          -8233.          9724.         -2430.          2132.          1193.
  629      21          -8272.          9628.         -2417.          2202.          1141.
  630      22          -8313.          9529.         -2403.          2273.          1087.
  631      23          -8355.          9429.         -2387.          2344.          1032.
  632      24          -8398.          9327.         -2369.          2416.           975.
  633      25          -8443.          9222.         -2350.          2488.           916.
  634      26          -8490.          9116.         -2330.          2560.           857.
  635      27          -8538.          9008.         -2308.          2634.           795.
  636      28          -8588.          8899.         -2285.          2707.           733.
  637      29          -8639.          8787.         -2260.          2781.           669.
  638      30          -8692.          8674.         -2234.          2856.           603.
  639      31          -8746.          8559.         -2207.          2930.           536.
  640      32          -8802.          8442.         -2178.          3005.           468.
  641      33          -8859.          8324.         -2148.          3081.           398.
  642      34          -8917.          8204.         -2116.          3157.           328.
  643      35          -8977.          8082.         -2083.          3233.           255.
  644      36          -9038.          7959.         -2048.          3309.           182.
  645      37          -9101.          7835.         -2013.          3385.           107.
  646      38          -9165.          7709.         -1975.          3462.            30.
  647      39          -9230.          7581.         -1937.          3539.           -47.
  648      40          -9297.          7452.         -1897.          3616.          -126.
  649      41          -9365.          7322.         -1856.          3693.          -206.
  650      42          -9434.          7191.         -1814.          3770.          -287.
  651      43          -9505.          7058.         -1770.          3848.          -369.
  652      44          -9576.          6924.         -1725.          3925.          -453.
  653      45          -9649.          6788.         -1679.          4002.          -537.
  654      46          -9723.          6652.         -1632.          4080.          -623.
  655      47          -9798.          6514.         -1583.          4157.          -710.
  656      48          -9875.          6376.         -1533.          4234.          -798.
  657      49          -9952.          6236.         -1482.          4311.          -887.
  658      50         -10031.          6095.         -1430.          4388.          -977.
  659      51         -10110.          5954.         -1377.          4465.         -1069.
  660      52         -10191.          5811.         -1322.          4542.         -1161.
  661      53         -10273.          5668.         -1267.          4618.         -1254.
  662      54         -10356.          5523.         -1210.          4694.         -1348.
  663      55         -10439.          5378.         -1152.          4770.         -1443.
  664      56         -10524.          5232.         -1093.          4846.         -1539.
  665      57         -10609.          5086.         -1033.          4921.         -1636.
  666      58         -10696.          4939.          -972.          4996.         -1733.
  667      59         -10783.          4791.          -910.          5070.         -1832.
  668      60         -10872.          4643.          -847.          5145.         -1931.
  669      61         -10961.          4494.          -782.          5218.         -2031.
  670      62         -11050.          4345.          -717.          5292.         -2132.
  671      63         -11141.          4195.          -651.          5364.         -2233.
  672      64         -11232.          4045.          -584.          5436.         -2335.
  673      65         -11324.          3894.          -516.          5508.         -2438.
  674      66         -11417.          3744.          -447.          5579.         -2541.
  675      67         -11511.          3593.          -377.          5650.         -2646.
  676      68         -11605.          3442.          -307.          5720.         -2750.
  677      69         -11699.          3290.          -235.          5789.         -2855.
  678      70         -11794.          3139.          -163.          5857.         -2961.
  679      71         -11890.          2988.           -90.          5925.         -3067.
  680      72         -11986.          2836.           -16.          5992.         -3174.
  681      73         -12083.          2685.            59.          6059.         -3281.
  682      74         -12181.          2534.           135.          6124.         -3388.
  683      75         -12278.          2382.           211.          6189.         -3496.
  684      76         -12376.          2231.           288.          6253.         -3604.
  685      77         -12475.          2081.           366.          6316.         -3712.
  686      78         -12574.          1930.           444.          6378.         -3821.
  687      79         -12673.          1780.           523.          6439.         -3930.
  688      80         -12772.          1631.           603.          6499.         -4039.
  689      81         -12872.          1481.           683.          6559.         -4148.
  690      82         -12972.          1333.           764.          6617.         -4258.
  691      83         -13072.          1185.           846.          6674.         -4367.
  692      84         -13172.          1037.           928.          6731.         -4477.
  693      85         -13273.           890.          1011.          6786.         -4586.
  694      86         -13373.           744.          1094.          6840.         -4696.
  695      87         -13474.           598.          1178.          6893.         -4805.
  696      88         -13574.           453.          1262.          6945.         -4915.
  697      89         -13675.           309.          1346.          6996.         -5024.
  698      90         -13776.           166.          1431.          7046.         -5133.
  699      91         -13877.            24.          1517.          7094.         -5242.
  700      92         -13977.          -118.          1603.          7141.         -5351.
  701      93         -14078.          -258.          1689.          7187.         -5459.
  702      94         -14178.          -397.          1775.          7232.         -5568.
  703      95         -14278.          -535.          1862.          7276.         -5676.
  704      96         -14378.          -672.          1950.          7318.         -5783.
  705      97         -14478.          -808.          2037.          7359.         -5890.
  706      98         -14578.          -943.          2125.          7399.         -5997.
  707      99         -14677.         -1076.          2213.          7437.         -6103.
  708     100         -14776.         -1208.          2301.          7474.         -6209.
  709     101         -14874.         -1339.          2389.          7510.         -6314.
  710     102         -14973.         -1468.          2478.          7544.         -6419.
  711     103         -15071.         -1596.          2567.          7577.         -6523.
  712     104         -15168.         -1722.          2656.          7608.         -6627.
  713     105         -15265.         -1847.          2745.          7638.         -6729.
  714     106         -15362.         -1970.          2834.          7667.         -6831.
  715     107         -15458.         -2092.          2923.          7694.         -6933.
  716     108         -15553.         -2212.          3012.          7720.         -7033.
  717     109         -15648.         -2330.          3101.          7744.         -7133.
  718     110         -15743.         -2446.          3190.          7767.         -7232.
  719     111         -15836.         -2561.          3279.          7788.         -7330.
  720     112         -15929.         -2674.          3369.          7808.         -7427.
  721     113         -16022.         -2785.          3458.          7826.         -7523.
  722     114         -16113.         -2894.          3547.          7843.         -7618.
  723     115         -16204.         -3001.          3636.          7858.         -7712.
  724     116         -16295.         -3106.          3724.          7872.         -7805.
  725     117         -16384.         -3210.          3813.          7884.         -7897.
  726     118         -16473.         -3311.          3901.          7895.         -7987.
  727     119         -16560.         -3410.          3989.          7904.         -8077.
  728     120         -16647.         -3507.          4077.          7911.         -8165.
  729     121         -16733.         -3602.          4165.          7917.         -8252.
