    1     123         -21670.          7353.         14235.            82.            -0.
    2     124         -21777.          7192.         14421.           164.             0.
    3     125         -21882.          7033.         14604.           246.            -0.
    4     126         -21986.          6875.         14783.           328.             0.
    5     127         -22089.          6719.         14960.           409.             0.
    6     128         -22191.          6565.         15134.           491.            -0.
    7     129         -22291.          6413.         15305.           573.             0.
    8     130         -22389.          6262.         15473.           654.             0.
    9     131         -22486.          6114.         15638.           735.            -0.
   10     132         -22582.          5967.         15799.           816.             0.
   11     133         -22676.          5823.         15957.           896.             0.
   12     134         -22769.          5681.         16112.           976.             0.
   13     135         -22860.          5541.         16264.          1055.            -0.
   14     136         -22950.          5403.         16412.          1134.             0.
   15     137         -23037.          5268.         16557.          1212.             0.
   16     138         -23124.          5135.         16699.          1290.            -0.
   17     139         -23208.          5005.         16837.          1367.            -0.
   18     140         -23291.          4877.         16972.          1443.             0.
   19     141         -23372.          4752.         17103.          1518.             0.
   20     142         -23452.          4629.         17230.          1592.             0.
   21     143         -23529.          4510.         17354.          1666.            -0.
   22     144         -23605.          4392.         17475.          1738.             0.
   23     145         -23679.          4278.         17591.          1810.             0.
   24     146         -23752.          4167.         17704.          1880.            -0.
   25     147         -23822.          4059.         17814.          1950.             0.
   26     148         -23891.          3953.         17919.          2018.            -0.
   27     149         -23957.          3851.         18021.          2085.             0.
   28     150         -24022.          3751.         18120.          2151.            -0.
   29     151         -24085.          3655.         18214.          2215.             0.
   30     152         -24146.          3562.         18305.          2279.             0.
   31     153         -24204.          3472.         18392.          2340.             0.
   32     154         -24261.          3386.         18474.          2401.             0.
   33     155         -24316.          3303.         18554.          2460.             0.
   34     156         -24369.          3223.         18629.          2517.             0.
   35     157         -24420.          3146.         18700.          2573.             0.
   36     158         -24469.          3073.         18768.          2628.             0.
   37     159         -24515.          3004.         18831.          2681.             0.
   38     160         -24560.          2937.         18891.          2732.             0.
   39     161         -24602.          2875.         18946.          2781.             0.
   40     162         -24643.          2816.         18998.          2829.             0.
   41     163         -24681.          2760.         19046.          2875.             0.
   42     164         -24717.          2708.         19089.          2920.             0.
   43     165         -24751.          2660.         19129.          2962.            -0.
   44     166         -24783.          2616.         19165.          3003.             0.
   45     167         -24813.          2575.         19197.          3041.            -0.
   46     168         -24841.          2538.         19224.          3078.             0.
   47     169         -24866.          2505.         19248.          3113.             0.
   48     170         -24889.          2475.         19268.          3146.             0.
   49     171         -24910.          2450.         19283.          3177.             0.
   50     172         -24929.          2428.         19295.          3206.             0.
   51     173         -24946.          2410.         19303.          3233.             0.
   52     174         -24960.          2395.         19307.          3258.             0.
   53     175         -24972.          2385.         19306.          3281.             0.
   54     176         -24982.          2379.         19302.          3302.             0.
   55     177         -24990.          2376.         19294.          3320.             0.
   56     178         -24996.          2377.         19281.          3337.            -0.
   57     179         -24999.          2383.         19265.          3351.             0.
   58     180         -25000.          2392.         19245.          3363.             0.
   59     181         -24999.          2405.         19220.          3373.             0.
   60     182         -24996.          2422.         19192.          3381.            -0.
   61     183         -24990.          2443.         19160.          3387.             0.
   62     184         -24982.          2468.         19124.          3390.            -0.
   63     185         -24972.          2497.         19084.          3391.             0.
   64     186         -24960.          2529.         19040.          3390.             0.
   65     187         -24946.          2566.         18993.          3387.             0.
   66     188         -24929.          2607.         18941.          3381.            -0.
   67     189         -24910.          2651.         18885.          3374.             0.
   68     190         -24889.          2700.         18826.          3363.            -0.
   69     191         -24866.          2752.         18763.          3351.            -0.
   70     192         -24841.          2808.         18696.          3336.            -0.
   71     193         -24813.          2868.         18625.          3320.            -0.
   72     194         -24783.          2932.         18551.          3300.             0.
   73     195         -24751.          3000.         18473.          3279.            -0.
   74     196         -24717.          3072.         18391.          3255.             0.
   75     197         -24681.          3147.         18305.          3229.             0.
   76     198         -24643.          3226.         18216.          3201.             0.
   77     199         -24602.          3309.         18123.          3170.            -0.
   78     200         -24560.          3396.         18026.          3138.             0.
   79     201         -24515.          3486.         17926.          3103.             0.
   80     202         -24469.          3580.         17823.          3065.             0.
   81     203         -24420.          3678.         17716.          3026.             0.
   82     204         -24369.          3779.         17605.          2984.            -0.
   83     205         -24316.          3884.         17491.          2940.             0.
   84     206         -24261.          3993.         17374.          2894.             0.
   85     207         -24204.          4105.         17253.          2846.             0.
   86     208         -24146.          4221.         17129.          2796.             0.
   87     209         -24085.          4340.         17001.          2743.            -0.
   88     210         -24022.          4462.         16871.          2689.             0.
   89     211         -23957.          4588.         16737.          2632.             0.
   90     212         -23891.          4718.         16600.          2574.             0.
   91     213         -23822.          4850.         16459.          2513.            -0.
   92     214         -23752.          4986.         16316.          2450.             0.
   93     215         -23679.          5125.         16169.          2385.             0.
   94     216         -23605.          5267.         16020.          2318.             0.
   95     217         -23529.          5412.         15867.          2250.             0.
   96     218         -23452.          5561.         15712.          2179.             0.
   97     219         -23372.          5712.         15553.          2107.             0.
   98     220         -23291.          5867.         15392.          2032.            -0.
   99     221         -23208.          6024.         15228.          1956.            -0.
  100     222         -23124.          6184.         15061.          1878.            -0.
  101     223         -23037.          6347.         14892.          1798.            -0.
  102     224         -22950.          6513.         14720.          1717.             0.
  103     225         -22860.          6682.         14545.          1634.             0.
  104     226         -22769.          6853.         14367.          1549.             0.
  105     227         -22676.          7026.         14187.          1462.            -0.
  106     228         -22582.          7203.         14005.          1374.             0.
  107     229         -22486.          7381.         13820.          1285.             0.
  108     230         -22389.          7562.         13633.          1194.             0.
  109     231         -22291.          7746.         13444.          1101.             0.
  110     232         -22191.          7932.         13252.          1007.             0.
  111     233         -22089.          8120.         13058.           912.            -0.
  112     234         -21986.          8310.         12862.           815.             0.
  113     235         -21882.          8502.         12663.           717.            -0.
  114     236         -21777.          8696.         12463.           618.             0.
  115     237         -21670.          8892.         12261.           518.            -0.
  116     238         -21562.          9090.         12056.           416.             0.
  117     239         -21453.          9290.         11850.           313.             0.
  118     240         -21343.          9491.         11642.           209.            -0.
  119     241         -21231.          9694.         11432.           105.             0.
  120     242         -21119.          9899.         11221.            -1.             0.
  121     243         -21005.         10105.         11008.          -108.             0.
  122     244         -20891.         10313.         10793.          -215.             0.
  123     245         -20775.         10289.         10489.            -3.            -0.
  124     246         -20658.         10423.         10243.            -8.             0.
  125     247         -20541.         10560.          9996.           -15.            -0.
  126     248         -20422.         10699.          9747.           -24.            -0.
  127     249         -20303.         10839.          9498.           -34.             0.
  128     250         -20183.         10982.          9248.           -47.            -0.
  129     251         -20062.         11126.          8997.           -61.            -0.
  130     252         -19940.         11272.          8745.           -77.             0.
  131     253         -19818.         11420.          8493.           -95.            -0.
  132     254         -19695.         11570.          8240.          -115.             0.
  133     255         -19571.         11721.          7986.          -136.             0.
  134     256         -19446.         11873.          7732.          -159.            -0.
  135     257         -19321.         12027.          7477.          -183.            -0.
  136     258         -19196.         12183.          7222.          -209.             0.
  137     259         -19070.         12339.          6967.          -237.            -0.
  138     260         -18943.         12497.          6712.          -266.             0.
  139     261         -18816.         12657.          6456.          -296.            -0.
  140     262         -18689.         12817.          6200.          -328.             0.
  141     263         -18562.         12978.          5944.          -361.            -0.
  142     264         -18434.         13140.          5689.          -395.             0.
  143     265         -18305.         13303.          5433.          -431.             0.
  144     266         -18177.         13467.          5178.          -468.             0.
  145     267         -18048.         13632.          4923.          -506.             0.
  146     268         -17919.         13797.          4668.          -545.             0.
  147     269         -17790.         13963.          4413.          -586.             0.
  148     270         -17661.         14129.          4159.          -627.             0.
  149     271         -17532.         14296.          3905.          -669.             0.
  150     272         -17403.         14463.          3652.          -713.             0.
  151     273         -17274.         14631.          3400.          -757.             0.
  152     274         -17145.         14799.          3148.          -802.            -0.
  153     275         -17016.         14966.          2897.          -848.             0.
  154     276         -16887.         15134.          2647.          -894.             0.
  155     277         -16759.         15302.          2398.          -941.             0.
  156     278         -16630.         15470.          2150.          -989.             0.
  157     279         -16502.         15637.          1903.         -1038.             0.
  158     280         -16375.         15805.          1656.         -1087.            -0.
  159     281         -16247.         15972.          1411.         -1136.            -0.
  160     282         -16120.         16138.          1168.         -1186.             0.
  161     283         -15993.         16305.           925.         -1236.            -0.
  162     284         -15867.         16470.           684.         -1287.             0.
  163     285         -15741.         16635.           444.         -1338.            -0.
  164     286         -15616.         16799.           206.         -1389.             0.
  165     287         -15491.         16963.           -31.         -1440.             0.
  166     288         -15367.         17125.          -267.         -1491.             0.
  167     289         -15244.         17287.          -500.         -1543.             0.
  168     290         -15121.         17448.          -732.         -1594.             0.
  169     291         -14999.         17607.          -963.         -1646.             0.
  170     292         -14878.         17766.         -1191.         -1697.             0.
  171     293         -14757.         17923.         -1417.         -1748.             0.
  172     294         -14637.         18079.         -1642.         -1799.             0.
  173     295         -14518.         18233.         -1865.         -1850.            -0.
  174     296         -14400.         18386.         -2085.         -1900.             0.
  175     297         -14283.         18537.         -2304.         -1950.             0.
  176     298         -14167.         18687.         -2520.         -2000.             0.
  177     299         -14052.         18835.         -2735.         -2049.             0.
  178     300         -13938.         18982.         -2947.         -2097.            -0.
  179     301         -13825.         19126.         -3156.         -2145.             0.
  180     302         -13713.         19269.         -3364.         -2193.            -0.
  181     303         -13602.         19410.         -3568.         -2240.            -0.
  182     304         -13492.         19549.         -3771.         -2286.            -0.
  183     305         -13384.         19685.         -3971.         -2331.             0.
  184     306         -13276.         19820.         -4168.         -2375.            -0.
  185     307         -13170.         19952.         -4363.         -2419.             0.
  186     308         -13066.         20082.         -4555.         -2461.             0.
  187     309         -12962.         20209.         -4745.         -2503.            -0.
  188     310         -12860.         20335.         -4931.         -2543.             0.
  189     311         -12759.         20457.         -5115.         -2583.             0.
  190     312         -12660.         20577.         -5296.         -2621.             0.
  191     313         -12562.         20695.         -5475.         -2658.            -0.
  192     314         -12466.         20810.         -5650.         -2694.             0.
  193     315         -12371.         20922.         -5822.         -2729.             0.
  194     316         -12277.         21031.         -5992.         -2762.            -0.
  195     317         -12185.         21137.         -6158.         -2794.            -0.
  196     318         -12095.         21241.         -6321.         -2824.             0.
  197     319         -12006.         21341.         -6481.         -2853.            -0.
  198     320         -11919.         21439.         -6638.         -2881.             0.
  199     321         -11834.         21533.         -6792.         -2907.             0.
  200     322         -11750.         21624.         -6943.         -2931.             0.
  201     323         -11668.         21712.         -7090.         -2954.            -0.
  202     324         -11588.         21797.         -7234.         -2975.             0.
  203     325         -11509.         21878.         -7375.         -2995.            -0.
  204     326         -11432.         21957.         -7512.         -3012.            -0.
  205     327         -11357.         22031.         -7646.         -3028.            -0.
  206     328         -11284.         22103.         -7776.         -3042.             0.
  207     329         -11213.         22171.         -7903.         -3054.             0.
  208     330         -11143.         22235.         -8027.         -3065.            -0.
  209     331         -11076.         22296.         -8147.         -3073.            -0.
  210     332         -11010.         22353.         -8263.         -3079.             0.
  211     333         -10946.         22406.         -8376.         -3084.            -0.
  212     334         -10885.         22456.         -8485.         -3086.             0.
  213     335         -10825.         22502.         -8591.         -3086.             0.
  214     336         -10767.         22545.         -8693.         -3084.            -0.
  215     337         -10711.         22583.         -8792.         -3080.             0.
  216     338         -10657.         22618.         -8886.         -3074.            -0.
  217     339         -10605.         22649.         -8977.         -3066.             0.
  218     340         -10556.         22676.         -9065.         -3055.            -0.
  219     341         -10508.         22699.         -9148.         -3043.             0.
  220     342         -10462.         22718.         -9228.         -3028.            -0.
  221     343         -10419.         22733.         -9304.         -3010.            -0.
  222     344         -10377.         22744.         -9377.         -2990.             0.
  223     345         -10338.         22751.         -9445.         -2968.             0.
  224     346         -10301.         22754.         -9510.         -2944.             0.
  225     347         -10265.         22753.         -9571.         -2917.            -0.
  226     348         -10232.         22748.         -9628.         -2888.            -0.
  227     349         -10202.         22739.         -9681.         -2857.             0.
  228     350         -10173.         22726.         -9730.         -2823.             0.
  229     351         -10146.         22708.         -9776.         -2786.            -0.
  230     352         -10122.         22687.         -9817.         -2747.            -0.
  231     353         -10100.         22661.         -9855.         -2706.             0.
  232     354         -10080.         22631.         -9889.         -2662.             0.
  233     355         -10062.         22597.         -9919.         -2616.             0.
  234     356         -10047.         22558.         -9945.         -2567.             0.
  235     357         -10034.         22516.         -9967.         -2515.            -0.
  236     358         -10022.         22469.         -9985.         -2462.             0.
  237     359         -10014.         22418.        -10000.         -2405.             0.
  238     360         -10007.         22363.        -10010.         -2346.            -0.
  239     361         -10002.         22304.        -10017.         -2285.             0.
  240     362         -10000.         22241.        -10020.         -2221.             0.
  241     363         -10000.         22173.        -10019.         -2154.             0.
  242     364         -10002.         22101.        -10014.         -2085.             0.
  243     365         -10007.         22025.        -10005.         -2013.             0.
  244       1         -10014.         21945.         -9992.         -1939.             0.
  245       2         -10022.         21861.         -9976.         -1862.            -0.
  246       3         -10034.         21772.         -9956.         -1783.             0.
  247       4         -10047.         21680.         -9932.         -1701.             0.
  248       5         -10062.         21583.         -9904.         -1617.             0.
  249       6         -10080.         21482.         -9872.         -1530.            -0.
  250       7         -10100.         21377.         -9836.         -1441.             0.
  251       8         -10122.         21269.         -9797.         -1349.             0.
  252       9         -10146.         21156.         -9754.         -1255.             0.
  253      10         -10173.         21039.         -9707.         -1158.             0.
  254      11         -10202.         20918.         -9657.         -1059.            -0.
  255      12         -10232.         20793.         -9603.          -958.             0.
  256      13         -10265.         20664.         -9545.          -854.            -0.
  257      14         -10301.         20531.         -9483.          -747.             0.
  258      15         -10338.         20394.         -9418.          -638.            -0.
  259      16         -10377.         20254.         -9349.          -527.             0.
  260      17         -10419.         20109.         -9277.          -414.            -0.
  261      18         -10462.         19961.         -9201.          -298.            -0.
  262      19         -10508.         19809.         -9122.          -180.             0.
  263      20         -10556.         19654.         -9039.           -60.            -0.
  264      21         -10605.         19495.         -8952.            63.            -0.
  265      22         -10657.         19332.         -8862.           188.             0.
  266      23         -10711.         19165.         -8769.           314.             0.
  267      24         -10767.         18995.         -8672.           444.            -0.
  268      25         -10825.         18822.         -8572.           575.             0.
  269      26         -10885.         18645.         -8468.           708.             0.
  270      27         -10946.         18465.         -8362.           843.            -0.
  271      28         -11010.         18281.         -8252.           981.             0.
  272      29         -11076.         18094.         -8138.          1120.            -0.
  273      30         -11143.         17904.         -8022.          1261.             0.
  274      31         -11213.         17710.         -7902.          1405.             0.
  275      32         -11284.         17514.         -7779.          1550.             0.
  276      33         -11357.         17314.         -7653.          1697.             0.
  277      34         -11432.         17112.         -7525.          1845.            -0.
  278      35         -11509.         16906.         -7393.          1996.             0.
  279      36         -11588.         16697.         -7258.          2148.             0.
  280      37         -11668.         16486.         -7120.          2302.             0.
  281      38         -11750.         16272.         -6979.          2457.            -0.
  282      39         -11834.         16055.         -6835.          2614.            -0.
  283      40         -11919.         15835.         -6689.          2773.             0.
  284      41         -12006.         15613.         -6540.          2933.            -0.
  285      42         -12095.         15388.         -6388.          3094.             0.
  286      43         -12185.         15161.         -6233.          3257.            -0.
  287      44         -12277.         14932.         -6076.          3421.             0.
  288      45         -12371.         14700.         -5916.          3587.             0.
  289      46         -12466.         14466.         -5754.          3754.            -0.
  290      47         -12562.         14229.         -5589.          3922.            -0.
  291      48         -12660.         13991.         -5422.          4091.             0.
  292      49         -12759.         13750.         -5252.          4261.            -0.
  293      50         -12860.         13508.         -5080.          4432.             0.
  294      51         -12962.         13263.         -4906.          4604.            -0.
  295      52         -13066.         13017.         -4729.          4777.            -0.
  296      53         -13170.         12769.         -4550.          4951.             0.
  297      54         -13276.         12520.         -4369.          5126.             0.
  298      55         -13384.         12269.         -4186.          5301.            -0.
  299      56         -13492.         12016.         -4001.          5477.            -0.
  300      57         -13602.         11762.         -3814.          5654.             0.
  301      58         -13713.         11506.         -3625.          5832.             0.
  302      59         -13825.         11250.         -3434.          6009.             0.
  303      60         -13938.         10992.         -3242.          6188.             0.
  304      61         -14052.         10733.         -3047.          6366.            -0.
  305      62         -14167.         10473.         -2851.          6545.             0.
  306      63         -14283.         10212.         -2653.          6725.             0.
  307      64         -14400.          9950.         -2454.          6904.             0.
  308      65         -14518.          9687.         -2253.          7084.             0.
  309      66         -14637.          9424.         -2050.          7264.            -0.
  310      67         -14757.          9160.         -1847.          7443.            -0.
  311      68         -14878.          8896.         -1641.          7623.             0.
  312      69         -14999.          8631.         -1435.          7802.             0.
  313      70         -15121.          8366.         -1227.          7982.             0.
  314      71         -15244.          8101.         -1018.          8161.             0.
  315      72         -15367.          7835.          -808.          8340.            -0.
  316      73         -15491.          7570.          -596.          8518.             0.
  317      74         -15616.          7304.          -384.          8696.             0.
  318      75         -15741.          7038.          -171.          8874.             0.
  319      76         -15867.          6773.            43.          9051.             0.
  320      77         -15993.          6508.           258.          9227.             0.
  321      78         -16120.          6243.           474.          9403.             0.
  322      79         -16247.          5979.           690.          9578.             0.
  323      80         -16375.          5715.           908.          9752.             0.
  324      81         -16502.          5452.          1125.          9925.             0.
  325      82         -16630.          5190.          1344.         10097.             0.
  326      83         -16759.          4928.          1562.         10268.             0.
  327      84         -16887.          4668.          1782.         10438.             0.
  328      85         -17016.          4408.          2001.         10607.             0.
  329      86         -17145.          4149.          2221.         10775.            -0.
  330      87         -17274.          3892.          2441.         10941.             0.
  331      88         -17403.          3636.          2661.         11106.            -0.
  332      89         -17532.          3381.          2882.         11270.             0.
  333      90         -17661.          3127.          3102.         11432.             0.
  334      91         -17790.          2876.          3322.         11592.            -0.
  335      92         -17919.          2625.          3543.         11751.             0.
  336      93         -18048.          2376.          3763.         11909.            -0.
  337      94         -18177.          2130.          3983.         12064.             0.
  338      95         -18305.          1884.          4203.         12218.             0.
  339      96         -18434.          1641.          4422.         12370.             0.
  340      97         -18562.          1400.          4641.         12520.             0.
  341      98         -18689.          1161.          4860.         12668.             0.
  342      99         -18816.           924.          5078.         12814.            -0.
  343     100         -18943.           690.          5296.         12958.            -0.
  344     101         -19070.           458.          5513.         13099.            -0.
  345     102         -19196.           228.          5729.         13239.            -0.
  346     103         -19321.             1.          5945.         13376.             0.
  347     104         -19446.          -224.          6160.         13511.            -0.
  348     105         -19571.          -446.          6374.         13643.            -0.
  349     106         -19695.          -665.          6587.         13773.            -0.
  350     107         -19818.          -882.          6799.         13900.            -0.
  351     108         -19940.         -1095.          7010.         14025.            -0.
  352     109         -20062.         -1306.          7220.         14147.             0.
  353     110         -20183.         -1513.          7429.         14267.            -0.
  354     111         -20303.         -1717.          7637.         14384.            -0.
  355     112         -20422.         -1918.          7843.         14498.            -0.
  356     113         -20541.         -2116.          8048.         14609.             0.
  357     114         -20658.         -2311.          8252.         14717.             0.
  358     115         -20775.         -2502.          8454.         14822.             0.
  359     116         -20891.         -2689.          8655.         14924.             0.
  360     117         -21005.         -2873.          8855.         15024.             0.
  361     118         -21119.         -3053.          9052.         15120.             0.
  362     119         -21231.         -3230.          9248.         15213.             0.
  363     120         -21343.         -3403.          9443.         15303.            -0.
  364     121         -21453.         -3572.          9636.         15389.             0.
  365     122         -21562.          7456.         14024.            82.            -0.
  366     123         -21670.          7294.         14213.           163.             0.
  367     124         -21777.          7133.         14398.           245.             0.
  368     125         -21882.          6974.         14581.           327.             0.
  369     126         -21986.          6816.         14761.           409.             0.
  370     127         -22089.          6660.         14938.           491.             0.
  371     128         -22191.          6506.         15112.           572.            -0.
  372     129         -22291.          6354.         15283.           654.             0.
  373     130         -22389.          6203.         15451.           735.            -0.
  374     131         -22486.          6055.         15616.           816.            -0.
  375     132         -22582.          5909.         15777.           896.             0.
  376     133         -22676.          5764.         15935.           976.             0.
  377     134         -22769.          5622.         16090.          1056.             0.
  378     135         -22860.          5483.         16242.          1135.             0.
  379     136         -22950.          5345.         16391.          1214.            -0.
  380     137         -23037.          5210.         16536.          1292.             0.
  381     138         -23124.          5078.         16677.          1369.            -0.
  382     139         -23208.          4948.         16815.          1445.             0.
  383     140         -23291.          4820.         16950.          1521.            -0.
  384     141         -23372.          4695.         17081.          1596.             0.
  385     142         -23452.          4573.         17209.          1670.             0.
  386     143         -23529.          4453.         17333.          1743.            -0.
  387     144         -23605.          4337.         17454.          1815.             0.
  388     145         -23679.          4223.         17570.          1886.            -0.
  389     146         -23752.          4112.         17684.          1956.             0.
  390     147         -23822.          4004.         17793.          2025.             0.
  391     148         -23891.          3898.         17899.          2093.             0.
  392     149         -23957.          3796.         18001.          2160.             0.
  393     150         -24022.          3697.         18099.          2225.             0.
  394     151         -24085.          3602.         18194.          2289.             0.
  395     152         -24146.          3509.         18285.          2352.             0.
  396     153         -24204.          3420.         18372.          2413.             0.
  397     154         -24261.          3333.         18455.          2473.             0.
  398     155         -24316.          3251.         18534.          2532.             0.
  399     156         -24369.          3171.         18609.          2589.             0.
  400     157         -24420.          3095.         18681.          2644.             0.
  401     158         -24469.          3022.         18748.          2698.             0.
  402     159         -24515.          2953.         18812.          2750.             0.
  403     160         -24560.          2887.         18872.          2801.             0.
  404     161         -24602.          2825.         18928.          2849.            -0.
  405     162         -24643.          2767.         18980.          2897.             0.
  406     163         -24681.          2712.         19027.          2942.             0.
  407     164         -24717.          2660.         19071.          2986.             0.
  408     165         -24751.          2613.         19111.          3028.             0.
  409     166         -24783.          2569.         19147.          3067.            -0.
  410     167         -24813.          2528.         19179.          3106.            -0.
  411     168         -24841.          2492.         19207.          3142.            -0.
  412     169         -24866.          2459.         19231.          3176.             0.
  413     170         -24889.          2430.         19251.          3208.             0.
  414     171         -24910.          2405.         19267.          3238.             0.
  415     172         -24929.          2384.         19279.          3267.            -0.
  416     173         -24946.          2366.         19287.          3293.             0.
  417     174         -24960.          2352.         19290.          3317.             0.
  418     175         -24972.          2343.         19290.          3339.            -0.
  419     176         -24982.          2337.         19286.          3359.            -0.
  420     177         -24990.          2335.         19278.          3377.             0.
  421     178         -24996.          2337.         19266.          3393.            -0.
  422     179         -24999.          2343.         19250.          3406.             0.
  423     180         -25000.          2352.         19230.          3418.             0.
  424     181         -24999.          2366.         19206.          3427.             0.
  425     182         -24996.          2384.         19178.          3434.            -0.
  426     183         -24990.          2405.         19146.          3439.            -0.
  427     184         -24982.          2431.         19110.          3441.            -0.
  428     185         -24972.          2460.         19071.          3442.            -0.
  429     186         -24960.          2494.         19027.          3440.             0.
  430     187         -24946.          2531.         18979.          3435.            -0.
  431     188         -24929.          2572.         18928.          3429.             0.
  432     189         -24910.          2617.         18873.          3420.             0.
  433     190         -24889.          2666.         18814.          3409.            -0.
  434     191         -24866.          2719.         18751.          3396.            -0.
  435     192         -24841.          2776.         18684.          3380.            -0.
  436     193         -24813.          2837.         18613.          3363.             0.
  437     194         -24783.          2901.         18539.          3343.             0.
  438     195         -24751.          2970.         18461.          3320.             0.
  439     196         -24717.          3042.         18380.          3296.            -0.
  440     197         -24681.          3118.         18294.          3269.             0.
  441     198         -24643.          3198.         18205.          3240.             0.
  442     199         -24602.          3282.         18113.          3208.             0.
  443     200         -24560.          3369.         18016.          3174.             0.
  444     201         -24515.          3460.         17917.          3139.             0.
  445     202         -24469.          3555.         17813.          3100.             0.
  446     203         -24420.          3653.         17706.          3060.            -0.
  447     204         -24369.          3755.         17596.          3017.             0.
  448     205         -24316.          3861.         17482.          2973.             0.
  449     206         -24261.          3970.         17365.          2926.             0.
  450     207         -24204.          4083.         17245.          2877.             0.
  451     208         -24146.          4199.         17121.          2825.             0.
  452     209         -24085.          4319.         16994.          2772.             0.
  453     210         -24022.          4442.         16863.          2717.             0.
  454     211         -23957.          4569.         16729.          2659.             0.
  455     212         -23891.          4699.         16592.          2599.            -0.
  456     213         -23822.          4832.         16452.          2538.             0.
  457     214         -23752.          4968.         16309.          2474.            -0.
  458     215         -23679.          5108.         16163.          2408.             0.
  459     216         -23605.          5251.         16014.          2341.             0.
  460     217         -23529.          5397.         15861.          2271.             0.
  461     218         -23452.          5546.         15706.          2200.             0.
  462     219         -23372.          5698.         15548.          2126.            -0.
  463     220         -23291.          5853.         15387.          2051.            -0.
  464     221         -23208.          6011.         15223.          1974.             0.
  465     222         -23124.          6172.         15057.          1895.             0.
  466     223         -23037.          6336.         14887.          1814.            -0.
  467     224         -22950.          6502.         14716.          1732.            -0.
  468     225         -22860.          6671.         14541.          1648.             0.
  469     226         -22769.          6843.         14364.          1562.             0.
  470     227         -22676.          7017.         14184.          1475.            -0.
  471     228         -22582.          7194.         14002.          1386.            -0.
  472     229         -22486.          7374.         13817.          1295.             0.
  473     230         -22389.          7555.         13630.          1204.             0.
  474     231         -22291.          7739.         13441.          1110.             0.
  475     232         -22191.          7926.         13250.          1015.            -0.
  476     233         -22089.          8114.         13056.           919.            -0.
  477     234         -21986.          8305.         12860.           822.             0.
  478     235         -21882.          8498.         12662.           723.             0.
  479     236         -21777.          8692.         12462.           623.             0.
  480     237         -21670.          8889.         12260.           521.             0.
  481     238         -21562.          9088.         12055.           419.             0.
  482     239         -21453.          9288.         11849.           316.             0.
  483     240         -21343.          9490.         11642.           211.            -0.
  484     241         -21231.          9694.         11432.           105.             0.
  485     242         -21119.          9899.         11221.            -1.             0.
  486     243         -21005.         10106.         11008.          -108.             0.
  487     244         -20891.         10314.         10793.          -217.             0.
  488     245         -20775.         10289.         10489.            -3.            -0.
  489     246         -20658.         10423.         10243.            -8.             0.
  490     247         -20541.         10560.          9996.           -15.            -0.
  491     248         -20422.         10699.          9747.           -24.            -0.
  492     249         -20303.         10839.          9498.           -34.             0.
  493     250         -20183.         10982.          9248.           -47.            -0.
  494     251         -20062.         11126.          8997.           -61.            -0.
  495     252         -19940.         11272.          8745.           -77.             0.
  496     253         -19818.         11420.          8493.           -95.            -0.
  497     254         -19695.         11570.          8240.          -115.             0.
  498     255         -19571.         11721.          7986.          -136.             0.
  499     256         -19446.         11873.          7732.          -159.            -0.
  500     257         -19321.         12027.          7477.          -183.            -0.
  501     258         -19196.         12183.          7222.          -209.             0.
  502     259         -19070.         12339.          6967.          -237.            -0.
  503     260         -18943.         12497.          6712.          -266.             0.
  504     261         -18816.         12657.          6456.          -296.            -0.
  505     262         -18689.         12817.          6200.          -328.             0.
  506     263         -18562.         12978.          5944.          -361.            -0.
  507     264         -18434.         13140.          5689.          -395.             0.
  508     265         -18305.         13303.          5433.          -431.             0.
  509     266         -18177.         13467.          5178.          -468.             0.
  510     267         -18048.         13632.          4923.          -506.             0.
  511     268         -17919.         13797.          4668.          -545.             0.
  512     269         -17790.         13963.          4413.          -586.             0.
  513     270         -17661.         14129.          4159.          -627.             0.
  514     271         -17532.         14296.          3905.          -669.             0.
  515     272         -17403.         14463.          3652.          -713.             0.
  516     273         -17274.         14631.          3400.          -757.             0.
  517     274         -17145.         14799.          3148.          -802.            -0.
  518     275         -17016.         14966.          2897.          -848.             0.
  519     276         -16887.         15134.          2647.          -894.             0.
  520     277         -16759.         15302.          2398.          -941.             0.
  521     278         -16630.         15470.          2150.          -989.             0.
  522     279         -16502.         15637.          1903.         -1038.             0.
  523     280         -16375.         15805.          1656.         -1087.            -0.
  524     281         -16247.         15972.          1411.         -1136.            -0.
  525     282         -16120.         16138.          1168.         -1186.             0.
  526     283         -15993.         16305.           925.         -1236.            -0.
  527     284         -15867.         16470.           684.         -1287.             0.
  528     285         -15741.         16635.           444.         -1338.            -0.
  529     286         -15616.         16799.           206.         -1389.             0.
  530     287         -15491.         16963.           -31.         -1440.             0.
  531     288         -15367.         17125.          -267.         -1491.             0.
  532     289         -15244.         17287.          -500.         -1543.             0.
  533     290         -15121.         17448.          -732.         -1594.             0.
  534     291         -14999.         17607.          -963.         -1646.             0.
  535     292         -14878.         17766.         -1191.         -1697.             0.
  536     293         -14757.         17923.         -1417.         -1748.             0.
  537     294         -14637.         18079.         -1642.         -1799.             0.
  538     295         -14518.         18233.         -1865.         -1850.            -0.
  539     296         -14400.         18386.         -2085.         -1900.             0.
  540     297         -14283.         18537.         -2304.         -1950.             0.
  541     298         -14167.         18687.         -2520.         -2000.             0.
  542     299         -14052.         18835.         -2735.         -2049.             0.
  543     300         -13938.         18982.         -2947.         -2097.            -0.
  544     301         -13825.         19126.         -3156.         -2145.             0.
  545     302         -13713.         19269.         -3364.         -2193.            -0.
  546     303         -13602.         19410.         -3568.         -2240.            -0.
  547     304         -13492.         19549.         -3771.         -2286.            -0.
  548     305         -13384.         19685.         -3971.         -2331.             0.
  549     306         -13276.         19820.         -4168.         -2375.            -0.
  550     307         -13170.         19952.         -4363.         -2419.             0.
  551     308         -13066.         20082.         -4555.         -2461.             0.
  552     309         -12962.         20209.         -4745.         -2503.            -0.
  553     310         -12860.         20335.         -4931.         -2543.             0.
  554     311         -12759.         20457.         -5115.         -2583.             0.
  555     312         -12660.         20577.         -5296.         -2621.             0.
  556     313         -12562.         20695.         -5475.         -2658.            -0.
  557     314         -12466.         20810.         -5650.         -2694.             0.
  558     315         -12371.         20922.         -5822.         -2729.             0.
  559     316         -12277.         21031.         -5992.         -2762.            -0.
  560     317         -12185.         21137.         -6158.         -2794.            -0.
  561     318         -12095.         21241.         -6321.         -2824.             0.
  562     319         -12006.         21341.         -6481.         -2853.            -0.
  563     320         -11919.         21439.         -6638.         -2881.             0.
  564     321         -11834.         21533.         -6792.         -2907.             0.
  565     322         -11750.         21624.         -6943.         -2931.             0.
  566     323         -11668.         21712.         -7090.         -2954.            -0.
  567     324         -11588.         21797.         -7234.         -2975.             0.
  568     325         -11509.         21878.         -7375.         -2995.            -0.
  569     326         -11432.         21957.         -7512.         -3012.            -0.
  570     327         -11357.         22031.         -7646.         -3028.            -0.
  571     328         -11284.         22103.         -7776.         -3042.             0.
  572     329         -11213.         22171.         -7903.         -3054.             0.
  573     330         -11143.         22235.         -8027.         -3065.            -0.
  574     331         -11076.         22296.         -8147.         -3073.            -0.
  575     332         -11010.         22353.         -8263.         -3079.             0.
  576     333         -10946.         22406.         -8376.         -3084.            -0.
  577     334         -10885.         22456.         -8485.         -3086.             0.
  578     335         -10825.         22502.         -8591.         -3086.             0.
  579     336         -10767.         22545.         -8693.         -3084.            -0.
  580     337         -10711.         22583.         -8792.         -3080.             0.
  581     338         -10657.         22618.         -8886.         -3074.            -0.
  582     339         -10605.         22649.         -8977.         -3066.             0.
  583     340         -10556.         22676.         -9065.         -3055.            -0.
  584     341         -10508.         22699.         -9148.         -3043.             0.
  585     342         -10462.         22718.         -9228.         -3028.            -0.
  586     343         -10419.         22733.         -9304.         -3010.            -0.
  587     344         -10377.         22744.         -9377.         -2990.             0.
  588     345         -10338.         22751.         -9445.         -2968.             0.
  589     346         -10301.         22754.         -9510.         -2944.             0.
  590     347         -10265.         22753.         -9571.         -2917.            -0.
  591     348         -10232.         22748.         -9628.         -2888.            -0.
  592     349         -10202.         22739.         -9681.         -2857.             0.
  593     350         -10173.         22726.         -9730.         -2823.             0.
  594     351         -10146.         22708.         -9776.         -2786.            -0.
  595     352         -10122.         22687.         -9817.         -2747.            -0.
  596     353         -10100.         22661.         -9855.         -2706.             0.
  597     354         -10080.         22631.         -9889.         -2662.             0.
  598     355         -10062.         22597.         -9919.         -2616.             0.
  599     356         -10047.         22558.         -9945.         -2567.             0.
  600     357         -10034.         22516.         -9967.         -2515.            -0.
  601     358         -10022.         22469.         -9985.         -2462.             0.
  602     359         -10014.         22418.        -10000.         -2405.             0.
  603     360         -10007.         22363.        -10010.         -2346.            -0.
  604     361         -10002.         22304.        -10017.         -2285.             0.
  605     362         -10000.         22241.        -10020.         -2221.             0.
  606     363         -10000.         22173.        -10019.         -2154.             0.
  607     364         -10002.         22101.        -10014.         -2085.             0.
  608     365         -10007.         22025.        -10005.         -2013.             0.
  609       1         -10014.         21945.         -9992.         -1939.             0.
  610       2         -10022.         21861.         -9976.         -1862.            -0.
  611       3         -10034.         21772.         -9956.         -1783.             0.
  612       4         -10047.         21680.         -9932.         -1701.             0.
  613       5         -10062.         21583.         -9904.         -1617.             0.
  614       6         -10080.         21482.         -9872.         -1530.            -0.
  615       7         -10100.         21377.         -9836.         -1441.             0.
  616       8         -10122.         21269.         -9797.         -1349.             0.
  617       9         -10146.         21156.         -9754.         -1255.             0.
  618      10         -10173.         21039.         -9707.         -1158.             0.
  619      11         -10202.         20918.         -9657.         -1059.            -0.
  620      12         -10232.         20793.         -9603.          -958.             0.
  621      13         -10265.         20664.         -9545.          -854.            -0.
  622      14         -10301.         20531.         -9483.          -747.             0.
  623      15         -10338.         20394.         -9418.          -638.            -0.
  624      16         -10377.         20254.         -9349.          -527.             0.
  625      17         -10419.         20109.         -9277.          -414.            -0.
  626      18         -10462.         19961.         -9201.          -298.            -0.
  627      19         -10508.         19809.         -9122.          -180.             0.
  628      20         -10556.         19654.         -9039.           -60.            -0.
  629      21         -10605.         19495.         -8952.            63.            -0.
  630      22         -10657.         19332.         -8862.           188.             0.
  631      23         -10711.         19165.         -8769.           314.             0.
  632      24         -10767.         18995.         -8672.           444.            -0.
  633      25         -10825.         18822.         -8572.           575.             0.
  634      26         -10885.         18645.         -8468.           708.             0.
  635      27         -10946.         18465.         -8362.           843.            -0.
  636      28         -11010.         18281.         -8252.           981.             0.
  637      29         -11076.         18094.         -8138.          1120.            -0.
  638      30         -11143.         17904.         -8022.          1261.             0.
  639      31         -11213.         17710.         -7902.          1405.             0.
  640      32         -11284.         17514.         -7779.          1550.             0.
  641      33         -11357.         17314.         -7653.          1697.             0.
  642      34         -11432.         17112.         -7525.          1845.            -0.
  643      35         -11509.         16906.         -7393.          1996.             0.
  644      36         -11588.         16697.         -7258.          2148.             0.
  645      37         -11668.         16486.         -7120.          2302.             0.
  646      38         -11750.         16272.         -6979.          2457.            -0.
  647      39         -11834.         16055.         -6835.          2614.            -0.
  648      40         -11919.         15835.         -6689.          2773.             0.
  649      41         -12006.         15613.         -6540.          2933.            -0.
  650      42         -12095.         15388.         -6388.          3094.             0.
  651      43         -12185.         15161.         -6233.          3257.            -0.
  652      44         -12277.         14932.         -6076.          3421.             0.
  653      45         -12371.         14700.         -5916.          3587.             0.
  654      46         -12466.         14466.         -5754.          3754.            -0.
  655      47         -12562.         14229.         -5589.          3922.            -0.
  656      48         -12660.         13991.         -5422.          4091.             0.
  657      49         -12759.         13750.         -5252.          4261.            -0.
  658      50         -12860.         13508.         -5080.          4432.             0.
  659      51         -12962.         13263.         -4906.          4604.            -0.
  660      52         -13066.         13017.         -4729.          4777.            -0.
  661      53         -13170.         12769.         -4550.          4951.             0.
  662      54         -13276.         12520.         -4369.          5126.             0.
  663      55         -13384.         12269.         -4186.          5301.            -0.
  664      56         -13492.         12016.         -4001.          5477.            -0.
  665      57         -13602.         11762.         -3814.          5654.             0.
  666      58         -13713.         11506.         -3625.          5832.             0.
  667      59         -13825.         11250.         -3434.          6009.             0.
  668      60         -13938.         10992.         -3242.          6188.             0.
  669      61         -14052.         10733.         -3047.          6366.            -0.
  670      62         -14167.         10473.         -2851.          6545.             0.
  671      63         -14283.         10212.         -2653.          6725.             0.
  672      64         -14400.          9950.         -2454.          6904.             0.
  673      65         -14518.          9687.         -2253.          7084.             0.
  674      66         -14637.          9424.         -2050.          7264.            -0.
  675      67         -14757.          9160.         -1847.          7443.            -0.
  676      68         -14878.          8896.         -1641.          7623.             0.
  677      69         -14999.          8631.         -1435.          7802.             0.
  678      70         -15121.          8366.         -1227.          7982.             0.
  679      71         -15244.          8101.         -1018.          8161.             0.
  680      72         -15367.          7835.          -808.          8340.            -0.
  681      73         -15491.          7570.          -596.          8518.             0.
  682      74         -15616.          7304.          -384.          8696.             0.
  683      75         -15741.          7038.          -171.          8874.             0.
  684      76         -15867.          6773.            43.          9051.             0.
  685      77         -15993.          6508.           258.          9227.             0.
  686      78         -16120.          6243.           474.          9403.             0.
  687      79         -16247.          5979.           690.          9578.             0.
  688      80         -16375.          5715.           908.          9752.             0.
  689      81         -16502.          5452.          1125.          9925.             0.
  690      82         -16630.          5190.          1344.         10097.             0.
  691      83         -16759.          4928.          1562.         10268.             0.
  692      84         -16887.          4668.          1782.         10438.             0.
  693      85         -17016.          4408.          2001.         10607.             0.
  694      86         -17145.          4149.          2221.         10775.            -0.
  695      87         -17274.          3892.          2441.         10941.             0.
  696      88         -17403.          3636.          2661.         11106.            -0.
  697      89         -17532.          3381.          2882.         11270.             0.
  698      90         -17661.          3127.          3102.         11432.             0.
  699      91         -17790.          2876.          3322.         11592.            -0.
  700      92         -17919.          2625.          3543.         11751.             0.
  701      93         -18048.          2376.          3763.         11909.            -0.
  702      94         -18177.          2130.          3983.         12064.             0.
  703      95         -18305.          1884.          4203.         12218.             0.
  704      96         -18434.          1641.          4422.         12370.             0.
  705      97         -18562.          1400.          4641.         12520.             0.
  706      98         -18689.          1161.          4860.         12668.             0.
  707      99         -18816.           924.          5078.         12814.            -0.
  708     100         -18943.           690.          5296.         12958.            -0.
  709     101         -19070.           458.          5513.         13099.            -0.
  710     102         -19196.           228.          5729.         13239.            -0.
  711     103         -19321.             1.          5945.         13376.             0.
  712     104         -19446.          -224.          6160.         13511.            -0.
  713     105         -19571.          -446.          6374.         13643.            -0.
  714     106         -19695.          -665.          6587.         13773.            -0.
  715     107         -19818.          -882.          6799.         13900.            -0.
  716     108         -19940.         -1095.          7010.         14025.            -0.
  717     109         -20062.         -1306.          7220.         14147.             0.
  718     110         -20183.         -1513.          7429.         14267.            -0.
  719     111         -20303.         -1717.          7637.         14384.            -0.
  720     112         -20422.         -1918.          7843.         14498.            -0.
  721     113         -20541.         -2116.          8048.         14609.             0.
  722     114         -20658.         -2311.          8252.         14717.             0.
  723     115         -20775.         -2502.          8454.         14822.             0.
  724     116         -20891.         -2689.          8655.         14924.             0.
  725     117         -21005.         -2873.          8855.         15024.             0.
  726     118         -21119.         -3053.          9052.         15120.             0.
  727     119         -21231.         -3230.          9248.         15213.             0.
  728     120         -21343.         -3403.          9443.         15303.            -0.
  729     121         -21453.         -3572.          9636.         15389.             0.
