    1     123         -21670.          7353.         14235.            82.            -0.
    2     124         -21777.          7182.         14417.           164.           -14.
    3     125         -21882.          6926.         14563.           245.          -147.
    4     126         -21986.          6585.         14674.           326.          -402.
    5     127         -22089.          6219.         14773.           405.          -691.
    6     128         -22191.          5862.         14871.           484.          -973.
    7     129         -22291.          5524.         14972.           563.         -1232.
    8     130         -22389.          5206.         15077.           641.         -1466.
    9     131         -22486.          4907.         15185.           718.         -1677.
   10     132         -22582.          4624.         15296.           794.         -1868.
   11     133         -22676.          4356.         15407.           870.         -2043.
   12     134         -22769.          4101.         15520.           945.         -2202.
   13     135         -22860.          3858.         15633.          1020.         -2350.
   14     136         -22950.          3624.         15745.          1094.         -2486.
   15     137         -23037.          3400.         15857.          1167.         -2613.
   16     138         -23124.          3185.         15967.          1240.         -2732.
   17     139         -23208.          2977.         16077.          1311.         -2843.
   18     140         -23291.          2777.         16184.          1382.         -2948.
   19     141         -23372.          2584.         16290.          1452.         -3046.
   20     142         -23452.          2398.         16394.          1521.         -3139.
   21     143         -23529.          2219.         16495.          1588.         -3227.
   22     144         -23605.          2045.         16594.          1655.         -3310.
   23     145         -23679.          1878.         16691.          1721.         -3389.
   24     146         -23752.          1717.         16785.          1786.         -3464.
   25     147         -23822.          1561.         16877.          1849.         -3534.
   26     148         -23891.          1411.         16966.          1912.         -3601.
   27     149         -23957.          1267.         17053.          1973.         -3665.
   28     150         -24022.          1129.         17136.          2033.         -3724.
   29     151         -24085.           996.         17217.          2091.         -3781.
   30     152         -24146.           868.         17295.          2149.         -3834.
   31     153         -24204.           747.         17369.          2205.         -3884.
   32     154         -24261.           630.         17441.          2259.         -3931.
   33     155         -24316.           519.         17510.          2312.         -3975.
   34     156         -24369.           414.         17576.          2364.         -4016.
   35     157         -24420.           314.         17638.          2414.         -4054.
   36     158         -24469.           220.         17697.          2463.         -4089.
   37     159         -24515.           131.         17754.          2510.         -4121.
   38     160         -24560.            47.         17807.          2555.         -4151.
   39     161         -24602.           -31.         17857.          2599.         -4178.
   40     162         -24643.          -104.         17903.          2642.         -4202.
   41     163         -24681.          -171.         17946.          2682.         -4223.
   42     164         -24717.          -232.         17987.          2721.         -4242.
   43     165         -24751.          -288.         18023.          2758.         -4258.
   44     166         -24783.          -339.         18057.          2794.         -4272.
   45     167         -24813.          -384.         18087.          2827.         -4283.
   46     168         -24841.          -424.         18114.          2859.         -4291.
   47     169         -24866.          -458.         18137.          2890.         -4297.
   48     170         -24889.          -486.         18157.          2918.         -4300.
   49     171         -24910.          -509.         18174.          2944.         -4301.
   50     172         -24929.          -526.         18187.          2969.         -4299.
   51     173         -24946.          -538.         18197.          2992.         -4295.
   52     174         -24960.          -545.         18204.          3012.         -4288.
   53     175         -24972.          -545.         18207.          3031.         -4279.
   54     176         -24982.          -541.         18207.          3048.         -4267.
   55     177         -24990.          -530.         18204.          3064.         -4253.
   56     178         -24996.          -515.         18197.          3077.         -4237.
   57     179         -24999.          -493.         18186.          3088.         -4218.
   58     180         -25000.          -466.         18173.          3097.         -4197.
   59     181         -24999.          -434.         18156.          3104.         -4173.
   60     182         -24996.          -396.         18135.          3110.         -4147.
   61     183         -24990.          -353.         18112.          3113.         -4118.
   62     184         -24982.          -304.         18085.          3114.         -4088.
   63     185         -24972.          -250.         18054.          3113.         -4055.
   64     186         -24960.          -190.         18020.          3111.         -4019.
   65     187         -24946.          -125.         17983.          3106.         -3981.
   66     188         -24929.           -55.         17943.          3099.         -3942.
   67     189         -24910.            21.         17899.          3090.         -3899.
   68     190         -24889.           102.         17852.          3080.         -3855.
   69     191         -24866.           189.         17802.          3067.         -3808.
   70     192         -24841.           281.         17748.          3052.         -3760.
   71     193         -24813.           378.         17691.          3035.         -3709.
   72     194         -24783.           480.         17631.          3017.         -3655.
   73     195         -24751.           587.         17568.          2996.         -3600.
   74     196         -24717.           700.         17501.          2973.         -3543.
   75     197         -24681.           818.         17432.          2948.         -3483.
   76     198         -24643.           941.         17359.          2922.         -3422.
   77     199         -24602.          1068.         17283.          2893.         -3358.
   78     200         -24560.          1201.         17204.          2863.         -3292.
   79     201         -24515.          1339.         17121.          2830.         -3225.
   80     202         -24469.          1482.         17036.          2796.         -3155.
   81     203         -24420.          1629.         16947.          2759.         -3084.
   82     204         -24369.          1781.         16856.          2721.         -3011.
   83     205         -24316.          1939.         16761.          2681.         -2935.
   84     206         -24261.          2100.         16664.          2639.         -2858.
   85     207         -24204.          2267.         16564.          2595.         -2779.
   86     208         -24146.          2438.         16460.          2549.         -2698.
   87     209         -24085.          2613.         16354.          2502.         -2616.
   88     210         -24022.          2793.         16245.          2453.         -2531.
   89     211         -23957.          2977.         16133.          2402.         -2445.
   90     212         -23891.          3166.         16018.          2349.         -2358.
   91     213         -23822.          3359.         15900.          2295.         -2268.
   92     214         -23752.          3556.         15780.          2239.         -2178.
   93     215         -23679.          3757.         15656.          2181.         -2085.
   94     216         -23605.          3962.         15530.          2121.         -1991.
   95     217         -23529.          4172.         15402.          2060.         -1895.
   96     218         -23452.          4385.         15271.          1998.         -1798.
   97     219         -23372.          4602.         15137.          1934.         -1700.
   98     220         -23291.          4823.         15001.          1868.         -1600.
   99     221         -23208.          5047.         14862.          1801.         -1499.
  100     222         -23124.          5275.         14720.          1732.         -1396.
  101     223         -23037.          5506.         14577.          1662.         -1293.
  102     224         -22950.          5741.         14430.          1590.         -1188.
  103     225         -22860.          5980.         14282.          1518.         -1081.
  104     226         -22769.          6221.         14131.          1443.          -974.
  105     227         -22676.          6466.         13977.          1368.          -865.
  106     228         -22582.          6714.         13822.          1291.          -755.
  107     229         -22486.          6965.         13664.          1213.          -645.
  108     230         -22389.          7218.         13504.          1134.          -533.
  109     231         -22291.          7475.         13342.          1054.          -420.
  110     232         -22191.          7734.         13178.           972.          -307.
  111     233         -22089.          7996.         13011.           890.          -192.
  112     234         -21986.          8260.         12843.           806.           -77.
  113     235         -21882.          8527.         12673.           722.            39.
  114     236         -21777.          8796.         12501.           636.           156.
  115     237         -21670.          9068.         12326.           550.           274.
  116     238         -21562.          9341.         12150.           463.           392.
  117     239         -21453.          9617.         11973.           375.           511.
  118     240         -21343.          9894.         11793.           286.           630.
  119     241         -21231.         10173.         11612.           196.           750.
  120     242         -21119.         10454.         11429.           106.           871.
  121     243         -21005.         10737.         11245.            15.           992.
  122     244         -20891.         11021.         11059.           -76.          1113.
  123     245         -20775.         10289.         10489.            -3.            -0.
  124     246         -20658.         10414.         10240.            -8.           -12.
  125     247         -20541.         10471.          9962.           -15.          -122.
  126     248         -20422.         10472.          9662.           -25.          -313.
  127     249         -20303.         10472.          9361.           -37.          -507.
  128     250         -20183.         10497.          9066.           -52.          -671.
  129     251         -20062.         10550.          8781.           -68.          -798.
  130     252         -19940.         10629.          8504.           -86.          -892.
  131     253         -19818.         10731.          8234.          -105.          -958.
  132     254         -19695.         10851.          7970.          -126.         -1000.
  133     255         -19571.         10987.          7711.          -149.         -1022.
  134     256         -19446.         11136.          7455.          -173.         -1028.
  135     257         -19321.         11295.          7203.          -198.         -1022.
  136     258         -19196.         11465.          6953.          -225.         -1004.
  137     259         -19070.         11642.          6705.          -253.          -976.
  138     260         -18943.         11826.          6460.          -283.          -941.
  139     261         -18816.         12016.          6216.          -314.          -899.
  140     262         -18689.         12211.          5973.          -345.          -851.
  141     263         -18562.         12410.          5732.          -378.          -798.
  142     264         -18434.         12614.          5491.          -412.          -741.
  143     265         -18305.         12821.          5252.          -447.          -680.
  144     266         -18177.         13031.          5014.          -483.          -616.
  145     267         -18048.         13243.          4777.          -521.          -548.
  146     268         -17919.         13458.          4541.          -558.          -479.
  147     269         -17790.         13675.          4305.          -597.          -407.
  148     270         -17661.         13894.          4071.          -637.          -333.
  149     271         -17532.         14114.          3837.          -677.          -258.
  150     272         -17403.         14336.          3605.          -718.          -181.
  151     273         -17274.         14558.          3373.          -760.          -103.
  152     274         -17145.         14782.          3142.          -803.           -24.
  153     275         -17016.         15006.          2912.          -846.            56.
  154     276         -16887.         15230.          2683.          -889.           137.
  155     277         -16759.         15455.          2455.          -933.           218.
  156     278         -16630.         15680.          2228.          -978.           300.
  157     279         -16502.         15904.          2003.         -1023.           382.
  158     280         -16375.         16129.          1778.         -1068.           464.
  159     281         -16247.         16353.          1554.         -1113.           547.
  160     282         -16120.         16577.          1332.         -1159.           630.
  161     283         -15993.         16800.          1111.         -1205.           712.
  162     284         -15867.         17022.           891.         -1251.           795.
  163     285         -15741.         17244.           672.         -1298.           877.
  164     286         -15616.         17464.           455.         -1344.           959.
  165     287         -15491.         17683.           239.         -1390.          1040.
  166     288         -15367.         17901.            24.         -1437.          1121.
  167     289         -15244.         18117.          -189.         -1483.          1202.
  168     290         -15121.         18332.          -401.         -1529.          1282.
  169     291         -14999.         18545.          -611.         -1575.          1361.
  170     292         -14878.         18757.          -819.         -1621.          1440.
  171     293         -14757.         18967.         -1026.         -1666.          1517.
  172     294         -14637.         19174.         -1231.         -1711.          1594.
  173     295         -14518.         19380.         -1435.         -1756.          1671.
  174     296         -14400.         19583.         -1637.         -1800.          1746.
  175     297         -14283.         19784.         -1837.         -1844.          1820.
  176     298         -14167.         19982.         -2035.         -1887.          1893.
  177     299         -14052.         20178.         -2231.         -1930.          1965.
  178     300         -13938.         20372.         -2425.         -1972.          2036.
  179     301         -13825.         20562.         -2618.         -2014.          2106.
  180     302         -13713.         20750.         -2808.         -2055.          2174.
  181     303         -13602.         20935.         -2997.         -2095.          2242.
  182     304         -13492.         21117.         -3183.         -2134.          2308.
  183     305         -13384.         21296.         -3367.         -2173.          2372.
  184     306         -13276.         21471.         -3549.         -2211.          2435.
  185     307         -13170.         21643.         -3729.         -2247.          2497.
  186     308         -13066.         21812.         -3906.         -2283.          2557.
  187     309         -12962.         21978.         -4082.         -2318.          2616.
  188     310         -12860.         22139.         -4255.         -2352.          2673.
  189     311         -12759.         22297.         -4425.         -2385.          2728.
  190     312         -12660.         22452.         -4594.         -2416.          2782.
  191     313         -12562.         22602.         -4759.         -2447.          2834.
  192     314         -12466.         22749.         -4923.         -2476.          2885.
  193     315         -12371.         22892.         -5084.         -2504.          2934.
  194     316         -12277.         23030.         -5242.         -2531.          2980.
  195     317         -12185.         23165.         -5398.         -2556.          3026.
  196     318         -12095.         23295.         -5551.         -2580.          3069.
  197     319         -12006.         23421.         -5701.         -2603.          3110.
  198     320         -11919.         23543.         -5849.         -2624.          3150.
  199     321         -11834.         23660.         -5995.         -2644.          3188.
  200     322         -11750.         23772.         -6137.         -2662.          3223.
  201     323         -11668.         23881.         -6277.         -2679.          3257.
  202     324         -11588.         23984.         -6414.         -2694.          3289.
  203     325         -11509.         24083.         -6548.         -2708.          3318.
  204     326         -11432.         24177.         -6679.         -2720.          3346.
  205     327         -11357.         24267.         -6808.         -2730.          3371.
  206     328         -11284.         24351.         -6933.         -2739.          3395.
  207     329         -11213.         24431.         -7056.         -2746.          3416.
  208     330         -11143.         24505.         -7175.         -2751.          3435.
  209     331         -11076.         24575.         -7292.         -2754.          3452.
  210     332         -11010.         24639.         -7406.         -2756.          3467.
  211     333         -10946.         24699.         -7517.         -2756.          3480.
  212     334         -10885.         24753.         -7624.         -2754.          3490.
  213     335         -10825.         24802.         -7729.         -2750.          3499.
  214     336         -10767.         24846.         -7830.         -2744.          3505.
  215     337         -10711.         24885.         -7929.         -2737.          3508.
  216     338         -10657.         24918.         -8024.         -2727.          3510.
  217     339         -10605.         24946.         -8116.         -2715.          3509.
  218     340         -10556.         24968.         -8205.         -2702.          3506.
  219     341         -10508.         24985.         -8291.         -2686.          3501.
  220     342         -10462.         24997.         -8373.         -2669.          3493.
  221     343         -10419.         25003.         -8453.         -2649.          3483.
  222     344         -10377.         25004.         -8529.         -2627.          3471.
  223     345         -10338.         24999.         -8602.         -2604.          3456.
  224     346         -10301.         24989.         -8672.         -2578.          3439.
  225     347         -10265.         24973.         -8738.         -2550.          3420.
  226     348         -10232.         24952.         -8801.         -2520.          3398.
  227     349         -10202.         24925.         -8861.         -2488.          3374.
  228     350         -10173.         24892.         -8918.         -2454.          3347.
  229     351         -10146.         24854.         -8971.         -2417.          3319.
  230     352         -10122.         24810.         -9021.         -2379.          3288.
  231     353         -10100.         24760.         -9068.         -2338.          3254.
  232     354         -10080.         24705.         -9111.         -2295.          3218.
  233     355         -10062.         24644.         -9151.         -2250.          3180.
  234     356         -10047.         24578.         -9188.         -2203.          3140.
  235     357         -10034.         24506.         -9221.         -2154.          3097.
  236     358         -10022.         24428.         -9251.         -2103.          3052.
  237     359         -10014.         24345.         -9277.         -2049.          3004.
  238     360         -10007.         24256.         -9301.         -1993.          2954.
  239     361         -10002.         24161.         -9321.         -1936.          2902.
  240     362         -10000.         24061.         -9337.         -1875.          2848.
  241     363         -10000.         23955.         -9350.         -1813.          2791.
  242     364         -10002.         23844.         -9360.         -1749.          2732.
  243     365         -10007.         23727.         -9367.         -1682.          2671.
  244       1         -10014.         23605.         -9370.         -1614.          2607.
  245       2         -10022.         23477.         -9370.         -1543.          2541.
  246       3         -10034.         23344.         -9366.         -1470.          2473.
  247       4         -10047.         23205.         -9360.         -1395.          2403.
  248       5         -10062.         23061.         -9350.         -1318.          2331.
  249       6         -10080.         22911.         -9336.         -1239.          2256.
  250       7         -10100.         22756.         -9319.         -1157.          2179.
  251       8         -10122.         22596.         -9299.         -1074.          2100.
  252       9         -10146.         22430.         -9276.          -989.          2019.
  253      10         -10173.         22259.         -9249.          -901.          1936.
  254      11         -10202.         22083.         -9220.          -812.          1850.
  255      12         -10232.         21902.         -9187.          -720.          1763.
  256      13         -10265.         21716.         -9150.          -627.          1674.
  257      14         -10301.         21525.         -9111.          -532.          1582.
  258      15         -10338.         21328.         -9068.          -434.          1488.
  259      16         -10377.         21127.         -9022.          -335.          1393.
  260      17         -10419.         20921.         -8973.          -234.          1296.
  261      18         -10462.         20710.         -8920.          -131.          1196.
  262      19         -10508.         20494.         -8865.           -26.          1095.
  263      20         -10556.         20273.         -8806.            81.           992.
  264      21         -10605.         20048.         -8745.           189.           887.
  265      22         -10657.         19818.         -8680.           299.           780.
  266      23         -10711.         19583.         -8612.           411.           672.
  267      24         -10767.         19344.         -8541.           525.           561.
  268      25         -10825.         19101.         -8467.           640.           449.
  269      26         -10885.         18853.         -8390.           757.           336.
  270      27         -10946.         18601.         -8310.           876.           220.
  271      28         -11010.         18345.         -8228.           996.           103.
  272      29         -11076.         18085.         -8142.          1118.           -15.
  273      30         -11143.         17820.         -8053.          1241.          -135.
  274      31         -11213.         17552.         -7962.          1366.          -257.
  275      32         -11284.         17279.         -7867.          1492.          -380.
  276      33         -11357.         17003.         -7770.          1620.          -505.
  277      34         -11432.         16723.         -7670.          1749.          -631.
  278      35         -11509.         16440.         -7567.          1879.          -758.
  279      36         -11588.         16153.         -7462.          2010.          -887.
  280      37         -11668.         15862.         -7354.          2143.         -1016.
  281      38         -11750.         15568.         -7243.          2277.         -1148.
  282      39         -11834.         15271.         -7129.          2413.         -1280.
  283      40         -11919.         14970.         -7013.          2549.         -1413.
  284      41         -12006.         14667.         -6895.          2686.         -1548.
  285      42         -12095.         14360.         -6773.          2825.         -1684.
  286      43         -12185.         14050.         -6650.          2964.         -1820.
  287      44         -12277.         13738.         -6524.          3105.         -1958.
  288      45         -12371.         13423.         -6395.          3246.         -2097.
  289      46         -12466.         13105.         -6264.          3389.         -2236.
  290      47         -12562.         12785.         -6131.          3532.         -2376.
  291      48         -12660.         12462.         -5995.          3675.         -2518.
  292      49         -12759.         12137.         -5857.          3820.         -2659.
  293      50         -12860.         11809.         -5717.          3965.         -2802.
  294      51         -12962.         11480.         -5574.          4111.         -2945.
  295      52         -13066.         11148.         -5430.          4258.         -3089.
  296      53         -13170.         10815.         -5283.          4405.         -3234.
  297      54         -13276.         10480.         -5134.          4552.         -3379.
  298      55         -13384.         10143.         -4983.          4700.         -3524.
  299      56         -13492.          9804.         -4831.          4848.         -3670.
  300      57         -13602.          9464.         -4676.          4997.         -3816.
  301      58         -13713.          9123.         -4519.          5146.         -3963.
  302      59         -13825.          8780.         -4360.          5295.         -4109.
  303      60         -13938.          8437.         -4200.          5445.         -4257.
  304      61         -14052.          8092.         -4038.          5594.         -4404.
  305      62         -14167.          7746.         -3874.          5744.         -4551.
  306      63         -14283.          7400.         -3708.          5893.         -4698.
  307      64         -14400.          7052.         -3540.          6043.         -4846.
  308      65         -14518.          6704.         -3371.          6192.         -4993.
  309      66         -14637.          6356.         -3201.          6342.         -5140.
  310      67         -14757.          6008.         -3029.          6491.         -5287.
  311      68         -14878.          5659.         -2855.          6640.         -5434.
  312      69         -14999.          5310.         -2680.          6788.         -5581.
  313      70         -15121.          4961.         -2504.          6937.         -5727.
  314      71         -15244.          4612.         -2326.          7085.         -5873.
  315      72         -15367.          4263.         -2147.          7232.         -6019.
  316      73         -15491.          3915.         -1967.          7379.         -6164.
  317      74         -15616.          3567.         -1785.          7525.         -6309.
  318      75         -15741.          3220.         -1603.          7671.         -6453.
  319      76         -15867.          2874.         -1419.          7816.         -6596.
  320      77         -15993.          2528.         -1234.          7961.         -6739.
  321      78         -16120.          2183.         -1049.          8104.         -6881.
  322      79         -16247.          1840.          -862.          8247.         -7022.
  323      80         -16375.          1497.          -674.          8389.         -7163.
  324      81         -16502.          1156.          -486.          8530.         -7302.
  325      82         -16630.           816.          -297.          8670.         -7441.
  326      83         -16759.           478.          -107.          8809.         -7578.
  327      84         -16887.           141.            84.          8947.         -7715.
  328      85         -17016.          -193.           276.          9084.         -7850.
  329      86         -17145.          -526.           467.          9219.         -7985.
  330      87         -17274.          -857.           660.          9354.         -8118.
  331      88         -17403.         -1186.           853.          9487.         -8250.
  332      89         -17532.         -1513.          1047.          9618.         -8380.
  333      90         -17661.         -1837.          1240.          9749.         -8509.
  334      91         -17790.         -2159.          1435.          9877.         -8637.
  335      92         -17919.         -2478.          1629.         10005.         -8763.
  336      93         -18048.         -2795.          1824.         10131.         -8888.
  337      94         -18177.         -3108.          2019.         10255.         -9012.
  338      95         -18305.         -3419.          2214.         10377.         -9133.
  339      96         -18434.         -3727.          2409.         10498.         -9253.
  340      97         -18562.         -4031.          2605.         10617.         -9371.
  341      98         -18689.         -4333.          2800.         10734.         -9488.
  342      99         -18816.         -4631.          2995.         10850.         -9603.
  343     100         -18943.         -4926.          3190.         10963.         -9715.
  344     101         -19070.         -5217.          3385.         11075.         -9826.
  345     102         -19196.         -5504.          3580.         11185.         -9935.
  346     103         -19321.         -5788.          3774.         11292.        -10042.
  347     104         -19446.         -6067.          3968.         11398.        -10147.
  348     105         -19571.         -6343.          4162.         11501.        -10250.
  349     106         -19695.         -6615.          4356.         11603.        -10351.
  350     107         -19818.         -6882.          4549.         11702.        -10449.
  351     108         -19940.         -7145.          4741.         11799.        -10545.
  352     109         -20062.         -7404.          4933.         11893.        -10639.
  353     110         -20183.         -7658.          5124.         11986.        -10731.
  354     111         -20303.         -7908.          5315.         12076.        -10820.
  355     112         -20422.         -8153.          5505.         12163.        -10907.
  356     113         -20541.         -8393.          5694.         12248.        -10991.
  357     114         -20658.         -8629.          5883.         12331.        -11073.
  358     115         -20775.         -8859.          6070.         12411.        -11153.
  359     116         -20891.         -9085.          6257.         12489.        -11229.
  360     117         -21005.         -9305.          6443.         12564.        -11304.
  361     118         -21119.         -9520.          6627.         12636.        -11375.
  362     119         -21231.         -9730.          6811.         12706.        -11444.
  363     120         -21343.         -9934.          6994.         12773.        -11510.
  364     121         -21453.        -10133.          7175.         12838.        -11573.
  365     122         -21562.          7456.         14024.            82.            -0.
  366     123         -21670.          7284.         14209.           163.           -14.
  367     124         -21777.          7028.         14359.           245.          -145.
  368     125         -21882.          6687.         14474.           325.          -396.
  369     126         -21986.          6322.         14576.           405.          -683.
  370     127         -22089.          5966.         14678.           484.          -961.
  371     128         -22191.          5628.         14783.           563.         -1217.
  372     129         -22291.          5309.         14892.           640.         -1449.
  373     130         -22389.          5009.         15003.           718.         -1659.
  374     131         -22486.          4725.         15117.           794.         -1850.
  375     132         -22582.          4456.         15232.           871.         -2023.
  376     133         -22676.          4199.         15348.           946.         -2183.
  377     134         -22769.          3953.         15465.          1021.         -2330.
  378     135         -22860.          3718.         15580.          1095.         -2466.
  379     136         -22950.          3492.         15696.          1169.         -2593.
  380     137         -23037.          3274.         15809.          1242.         -2712.
  381     138         -23124.          3064.         15922.          1314.         -2824.
  382     139         -23208.          2861.         16033.          1385.         -2929.
  383     140         -23291.          2665.         16142.          1455.         -3028.
  384     141         -23372.          2476.         16249.          1525.         -3122.
  385     142         -23452.          2294.         16354.          1593.         -3211.
  386     143         -23529.          2117.         16457.          1661.         -3295.
  387     144         -23605.          1947.         16557.          1727.         -3374.
  388     145         -23679.          1782.         16655.          1792.         -3450.
  389     146         -23752.          1623.         16750.          1856.         -3522.
  390     147         -23822.          1470.         16843.          1920.         -3589.
  391     148         -23891.          1322.         16933.          1981.         -3654.
  392     149         -23957.          1180.         17020.          2042.         -3715.
  393     150         -24022.          1044.         17104.          2101.         -3772.
  394     151         -24085.           913.         17186.          2160.         -3827.
  395     152         -24146.           787.         17264.          2216.         -3878.
  396     153         -24204.           667.         17340.          2272.         -3926.
  397     154         -24261.           552.         17412.          2326.         -3971.
  398     155         -24316.           443.         17481.          2378.         -4014.
  399     156         -24369.           339.         17547.          2429.         -4053.
  400     157         -24420.           241.         17611.          2479.         -4090.
  401     158         -24469.           148.         17671.          2527.         -4123.
  402     159         -24515.            60.         17727.          2573.         -4155.
  403     160         -24560.           -22.         17781.          2618.         -4183.
  404     161         -24602.           -99.         17831.          2662.         -4208.
  405     162         -24643.          -170.         17878.          2703.         -4231.
  406     163         -24681.          -236.         17922.          2743.         -4252.
  407     164         -24717.          -296.         17963.          2781.         -4269.
  408     165         -24751.          -351.         18000.          2818.         -4285.
  409     166         -24783.          -400.         18034.          2853.         -4297.
  410     167         -24813.          -444.         18064.          2886.         -4307.
  411     168         -24841.          -483.         18092.          2917.         -4314.
  412     169         -24866.          -515.         18115.          2947.         -4319.
  413     170         -24889.          -543.         18136.          2974.         -4322.
  414     171         -24910.          -564.         18153.          3000.         -4322.
  415     172         -24929.          -581.         18167.          3024.         -4319.
  416     173         -24946.          -591.         18177.          3046.         -4314.
  417     174         -24960.          -597.         18185.          3066.         -4306.
  418     175         -24972.          -596.         18188.          3084.         -4296.
  419     176         -24982.          -590.         18188.          3101.         -4284.
  420     177         -24990.          -579.         18185.          3115.         -4269.
  421     178         -24996.          -562.         18179.          3127.         -4251.
  422     179         -24999.          -540.         18169.          3138.         -4232.
  423     180         -25000.          -512.         18156.          3146.         -4210.
  424     181         -24999.          -478.         18139.          3153.         -4185.
  425     182         -24996.          -439.         18119.          3157.         -4158.
  426     183         -24990.          -395.         18096.          3160.         -4129.
  427     184         -24982.          -345.         18069.          3160.         -4098.
  428     185         -24972.          -290.         18039.          3159.         -4064.
  429     186         -24960.          -229.         18006.          3155.         -4028.
  430     187         -24946.          -163.         17969.          3150.         -3989.
  431     188         -24929.           -91.         17929.          3142.         -3949.
  432     189         -24910.           -14.         17886.          3133.         -3906.
  433     190         -24889.            68.         17839.          3121.         -3861.
  434     191         -24866.           156.         17789.          3108.         -3813.
  435     192         -24841.           249.         17736.          3092.         -3764.
  436     193         -24813.           347.         17680.          3075.         -3712.
  437     194         -24783.           450.         17620.          3055.         -3658.
  438     195         -24751.           559.         17557.          3033.         -3602.
  439     196         -24717.           672.         17491.          3010.         -3544.
  440     197         -24681.           791.         17422.          2984.         -3484.
  441     198         -24643.           915.         17349.          2957.         -3422.
  442     199         -24602.          1044.         17273.          2928.         -3358.
  443     200         -24560.          1178.         17195.          2896.         -3291.
  444     201         -24515.          1316.         17113.          2863.         -3223.
  445     202         -24469.          1460.         17028.          2828.         -3153.
  446     203         -24420.          1609.         16940.          2791.         -3081.
  447     204         -24369.          1762.         16849.          2752.         -3007.
  448     205         -24316.          1920.         16755.          2711.         -2931.
  449     206         -24261.          2083.         16657.          2668.         -2853.
  450     207         -24204.          2250.         16557.          2623.         -2774.
  451     208         -24146.          2422.         16454.          2577.         -2692.
  452     209         -24085.          2599.         16348.          2529.         -2609.
  453     210         -24022.          2779.         16240.          2479.         -2524.
  454     211         -23957.          2965.         16128.          2427.         -2438.
  455     212         -23891.          3154.         16013.          2374.         -2349.
  456     213         -23822.          3348.         15896.          2318.         -2259.
  457     214         -23752.          3546.         15776.          2261.         -2168.
  458     215         -23679.          3749.         15653.          2203.         -2075.
  459     216         -23605.          3955.         15528.          2143.         -1980.
  460     217         -23529.          4165.         15399.          2081.         -1884.
  461     218         -23452.          4379.         15269.          2018.         -1787.
  462     219         -23372.          4597.         15135.          1953.         -1688.
  463     220         -23291.          4819.         14999.          1886.         -1587.
  464     221         -23208.          5044.         14861.          1818.         -1485.
  465     222         -23124.          5273.         14720.          1749.         -1382.
  466     223         -23037.          5505.         14576.          1678.         -1278.
  467     224         -22950.          5741.         14430.          1606.         -1172.
  468     225         -22860.          5980.         14282.          1532.         -1065.
  469     226         -22769.          6223.         14131.          1457.          -957.
  470     227         -22676.          6468.         13978.          1381.          -848.
  471     228         -22582.          6717.         13823.          1304.          -738.
  472     229         -22486.          6969.         13666.          1225.          -627.
  473     230         -22389.          7223.         13506.          1145.          -515.
  474     231         -22291.          7481.         13344.          1064.          -401.
  475     232         -22191.          7741.         13180.           982.          -287.
  476     233         -22089.          8003.         13014.           899.          -172.
  477     234         -21986.          8269.         12846.           815.           -56.
  478     235         -21882.          8536.         12676.           730.            60.
  479     236         -21777.          8806.         12504.           644.           177.
  480     237         -21670.          9078.         12330.           557.           296.
  481     238         -21562.          9353.         12155.           469.           414.
  482     239         -21453.          9629.         11977.           380.           534.
  483     240         -21343.          9907.         11798.           291.           653.
  484     241         -21231.         10187.         11617.           201.           774.
  485     242         -21119.         10469.         11435.           110.           895.
  486     243         -21005.         10753.         11250.            18.          1016.
  487     244         -20891.         11037.         11065.           -74.          1138.
  488     245         -20775.         10289.         10489.            -3.            -0.
  489     246         -20658.         10414.         10240.            -8.           -12.
  490     247         -20541.         10471.          9962.           -15.          -122.
  491     248         -20422.         10472.          9662.           -25.          -313.
  492     249         -20303.         10472.          9361.           -37.          -507.
  493     250         -20183.         10497.          9066.           -52.          -671.
  494     251         -20062.         10550.          8781.           -68.          -798.
  495     252         -19940.         10629.          8504.           -86.          -892.
  496     253         -19818.         10731.          8234.          -105.          -958.
  497     254         -19695.         10851.          7970.          -126.         -1000.
  498     255         -19571.         10987.          7711.          -149.         -1022.
  499     256         -19446.         11136.          7455.          -173.         -1028.
  500     257         -19321.         11295.          7203.          -198.         -1022.
  501     258         -19196.         11465.          6953.          -225.         -1004.
  502     259         -19070.         11642.          6705.          -253.          -976.
  503     260         -18943.         11826.          6460.          -283.          -941.
  504     261         -18816.         12016.          6216.          -314.          -899.
  505     262         -18689.         12211.          5973.          -345.          -851.
  506     263         -18562.         12410.          5732.          -378.          -798.
  507     264         -18434.         12614.          5491.          -412.          -741.
  508     265         -18305.         12821.          5252.          -447.          -680.
  509     266         -18177.         13031.          5014.          -483.          -616.
  510     267         -18048.         13243.          4777.          -521.          -548.
  511     268         -17919.         13458.          4541.          -558.          -479.
  512     269         -17790.         13675.          4305.          -597.          -407.
  513     270         -17661.         13894.          4071.          -637.          -333.
  514     271         -17532.         14114.          3837.          -677.          -258.
  515     272         -17403.         14336.          3605.          -718.          -181.
  516     273         -17274.         14558.          3373.          -760.          -103.
  517     274         -17145.         14782.          3142.          -803.           -24.
  518     275         -17016.         15006.          2912.          -846.            56.
  519     276         -16887.         15230.          2683.          -889.           137.
  520     277         -16759.         15455.          2455.          -933.           218.
  521     278         -16630.         15680.          2228.          -978.           300.
  522     279         -16502.         15904.          2003.         -1023.           382.
  523     280         -16375.         16129.          1778.         -1068.           464.
  524     281         -16247.         16353.          1554.         -1113.           547.
  525     282         -16120.         16577.          1332.         -1159.           630.
  526     283         -15993.         16800.          1111.         -1205.           712.
  527     284         -15867.         17022.           891.         -1251.           795.
  528     285         -15741.         17244.           672.         -1298.           877.
  529     286         -15616.         17464.           455.         -1344.           959.
  530     287         -15491.         17683.           239.         -1390.          1040.
  531     288         -15367.         17901.            24.         -1437.          1121.
  532     289         -15244.         18117.          -189.         -1483.          1202.
  533     290         -15121.         18332.          -401.         -1529.          1282.
  534     291         -14999.         18545.          -611.         -1575.          1361.
  535     292         -14878.         18757.          -819.         -1621.          1440.
  536     293         -14757.         18967.         -1026.         -1666.          1517.
  537     294         -14637.         19174.         -1231.         -1711.          1594.
  538     295         -14518.         19380.         -1435.         -1756.          1671.
  539     296         -14400.         19583.         -1637.         -1800.          1746.
  540     297         -14283.         19784.         -1837.         -1844.          1820.
  541     298         -14167.         19982.         -2035.         -1887.          1893.
  542     299         -14052.         20178.         -2231.         -1930.          1965.
  543     300         -13938.         20372.         -2425.         -1972.          2036.
  544     301         -13825.         20562.         -2618.         -2014.          2106.
  545     302         -13713.         20750.         -2808.         -2055.          2174.
  546     303         -13602.         20935.         -2997.         -2095.          2242.
  547     304         -13492.         21117.         -3183.         -2134.          2308.
  548     305         -13384.         21296.         -3367.         -2173.          2372.
  549     306         -13276.         21471.         -3549.         -2211.          2435.
  550     307         -13170.         21643.         -3729.         -2247.          2497.
  551     308         -13066.         21812.         -3906.         -2283.          2557.
  552     309         -12962.         21978.         -4082.         -2318.          2616.
  553     310         -12860.         22139.         -4255.         -2352.          2673.
  554     311         -12759.         22297.         -4425.         -2385.          2728.
  555     312         -12660.         22452.         -4594.         -2416.          2782.
  556     313         -12562.         22602.         -4759.         -2447.          2834.
  557     314         -12466.         22749.         -4923.         -2476.          2885.
  558     315         -12371.         22892.         -5084.         -2504.          2934.
  559     316         -12277.         23030.         -5242.         -2531.          2980.
  560     317         -12185.         23165.         -5398.         -2556.          3026.
  561     318         -12095.         23295.         -5551.         -2580.          3069.
  562     319         -12006.         23421.         -5701.         -2603.          3110.
  563     320         -11919.         23543.         -5849.         -2624.          3150.
  564     321         -11834.         23660.         -5995.         -2644.          3188.
  565     322         -11750.         23772.         -6137.         -2662.          3223.
  566     323         -11668.         23881.         -6277.         -2679.          3257.
  567     324         -11588.         23984.         -6414.         -2694.          3289.
  568     325         -11509.         24083.         -6548.         -2708.          3318.
  569     326         -11432.         24177.         -6679.         -2720.          3346.
  570     327         -11357.         24267.         -6808.         -2730.          3371.
  571     328         -11284.         24351.         -6933.         -2739.          3395.
  572     329         -11213.         24431.         -7056.         -2746.          3416.
  573     330         -11143.         24505.         -7175.         -2751.          3435.
  574     331         -11076.         24575.         -7292.         -2754.          3452.
  575     332         -11010.         24639.         -7406.         -2756.          3467.
  576     333         -10946.         24699.         -7517.         -2756.          3480.
  577     334         -10885.         24753.         -7624.         -2754.          3490.
  578     335         -10825.         24802.         -7729.         -2750.          3499.
  579     336         -10767.         24846.         -7830.         -2744.          3505.
  580     337         -10711.         24885.         -7929.         -2737.          3508.
  581     338         -10657.         24918.         -8024.         -2727.          3510.
  582     339         -10605.         24946.         -8116.         -2715.          3509.
  583     340         -10556.         24968.         -8205.         -2702.          3506.
  584     341         -10508.         24985.         -8291.         -2686.          3501.
  585     342         -10462.         24997.         -8373.         -2669.          3493.
  586     343         -10419.         25003.         -8453.         -2649.          3483.
  587     344         -10377.         25004.         -8529.         -2627.          3471.
  588     345         -10338.         24999.         -8602.         -2604.          3456.
  589     346         -10301.         24989.         -8672.         -2578.          3439.
  590     347         -10265.         24973.         -8738.         -2550.          3420.
  591     348         -10232.         24952.         -8801.         -2520.          3398.
  592     349         -10202.         24925.         -8861.         -2488.          3374.
  593     350         -10173.         24892.         -8918.         -2454.          3347.
  594     351         -10146.         24854.         -8971.         -2417.          3319.
  595     352         -10122.         24810.         -9021.         -2379.          3288.
  596     353         -10100.         24760.         -9068.         -2338.          3254.
  597     354         -10080.         24705.         -9111.         -2295.          3218.
  598     355         -10062.         24644.         -9151.         -2250.          3180.
  599     356         -10047.         24578.         -9188.         -2203.          3140.
  600     357         -10034.         24506.         -9221.         -2154.          3097.
  601     358         -10022.         24428.         -9251.         -2103.          3052.
  602     359         -10014.         24345.         -9277.         -2049.          3004.
  603     360         -10007.         24256.         -9301.         -1993.          2954.
  604     361         -10002.         24161.         -9321.         -1936.          2902.
  605     362         -10000.         24061.         -9337.         -1875.          2848.
  606     363         -10000.         23955.         -9350.         -1813.          2791.
  607     364         -10002.         23844.         -9360.         -1749.          2732.
  608     365         -10007.         23727.         -9367.         -1682.          2671.
  609       1         -10014.         23605.         -9370.         -1614.          2607.
  610       2         -10022.         23477.         -9370.         -1543.          2541.
  611       3         -10034.         23344.         -9366.         -1470.          2473.
  612       4         -10047.         23205.         -9360.         -1395.          2403.
  613       5         -10062.         23061.         -9350.         -1318.          2331.
  614       6         -10080.         22911.         -9336.         -1239.          2256.
  615       7         -10100.         22756.         -9319.         -1157.          2179.
  616       8         -10122.         22596.         -9299.         -1074.          2100.
  617       9         -10146.         22430.         -9276.          -989.          2019.
  618      10         -10173.         22259.         -9249.          -901.          1936.
  619      11         -10202.         22083.         -9220.          -812.          1850.
  620      12         -10232.         21902.         -9187.          -720.          1763.
  621      13         -10265.         21716.         -9150.          -627.          1674.
  622      14         -10301.         21525.         -9111.          -532.          1582.
  623      15         -10338.         21328.         -9068.          -434.          1488.
  624      16         -10377.         21127.         -9022.          -335.          1393.
  625      17         -10419.         20921.         -8973.          -234.          1296.
  626      18         -10462.         20710.         -8920.          -131.          1196.
  627      19         -10508.         20494.         -8865.           -26.          1095.
  628      20         -10556.         20273.         -8806.            81.           992.
  629      21         -10605.         20048.         -8745.           189.           887.
  630      22         -10657.         19818.         -8680.           299.           780.
  631      23         -10711.         19583.         -8612.           411.           672.
  632      24         -10767.         19344.         -8541.           525.           561.
  633      25         -10825.         19101.         -8467.           640.           449.
  634      26         -10885.         18853.         -8390.           757.           336.
  635      27         -10946.         18601.         -8310.           876.           220.
  636      28         -11010.         18345.         -8228.           996.           103.
  637      29         -11076.         18085.         -8142.          1118.           -15.
  638      30         -11143.         17820.         -8053.          1241.          -135.
  639      31         -11213.         17552.         -7962.          1366.          -257.
  640      32         -11284.         17279.         -7867.          1492.          -380.
  641      33         -11357.         17003.         -7770.          1620.          -505.
  642      34         -11432.         16723.         -7670.          1749.          -631.
  643      35         -11509.         16440.         -7567.          1879.          -758.
  644      36         -11588.         16153.         -7462.          2010.          -887.
  645      37         -11668.         15862.         -7354.          2143.         -1016.
  646      38         -11750.         15568.         -7243.          2277.         -1148.
  647      39         -11834.         15271.         -7129.          2413.         -1280.
  648      40         -11919.         14970.         -7013.          2549.         -1413.
  649      41         -12006.         14667.         -6895.          2686.         -1548.
  650      42         -12095.         14360.         -6773.          2825.         -1684.
  651      43         -12185.         14050.         -6650.          2964.         -1820.
  652      44         -12277.         13738.         -6524.          3105.         -1958.
  653      45         -12371.         13423.         -6395.          3246.         -2097.
  654      46         -12466.         13105.         -6264.          3389.         -2236.
  655      47         -12562.         12785.         -6131.          3532.         -2376.
  656      48         -12660.         12462.         -5995.          3675.         -2518.
  657      49         -12759.         12137.         -5857.          3820.         -2659.
  658      50         -12860.         11809.         -5717.          3965.         -2802.
  659      51         -12962.         11480.         -5574.          4111.         -2945.
  660      52         -13066.         11148.         -5430.          4258.         -3089.
  661      53         -13170.         10815.         -5283.          4405.         -3234.
  662      54         -13276.         10480.         -5134.          4552.         -3379.
  663      55         -13384.         10143.         -4983.          4700.         -3524.
  664      56         -13492.          9804.         -4831.          4848.         -3670.
  665      57         -13602.          9464.         -4676.          4997.         -3816.
  666      58         -13713.          9123.         -4519.          5146.         -3963.
  667      59         -13825.          8780.         -4360.          5295.         -4109.
  668      60         -13938.          8437.         -4200.          5445.         -4257.
  669      61         -14052.          8092.         -4038.          5594.         -4404.
  670      62         -14167.          7746.         -3874.          5744.         -4551.
  671      63         -14283.          7400.         -3708.          5893.         -4698.
  672      64         -14400.          7052.         -3540.          6043.         -4846.
  673      65         -14518.          6704.         -3371.          6192.         -4993.
  674      66         -14637.          6356.         -3201.          6342.         -5140.
  675      67         -14757.          6008.         -3029.          6491.         -5287.
  676      68         -14878.          5659.         -2855.          6640.         -5434.
  677      69         -14999.          5310.         -2680.          6788.         -5581.
  678      70         -15121.          4961.         -2504.          6937.         -5727.
  679      71         -15244.          4612.         -2326.          7085.         -5873.
  680      72         -15367.          4263.         -2147.          7232.         -6019.
  681      73         -15491.          3915.         -1967.          7379.         -6164.
  682      74         -15616.          3567.         -1785.          7525.         -6309.
  683      75         -15741.          3220.         -1603.          7671.         -6453.
  684      76         -15867.          2874.         -1419.          7816.         -6596.
  685      77         -15993.          2528.         -1234.          7961.         -6739.
  686      78         -16120.          2183.         -1049.          8104.         -6881.
  687      79         -16247.          1840.          -862.          8247.         -7022.
  688      80         -16375.          1497.          -674.          8389.         -7163.
  689      81         -16502.          1156.          -486.          8530.         -7302.
  690      82         -16630.           816.          -297.          8670.         -7441.
  691      83         -16759.           478.          -107.          8809.         -7578.
  692      84         -16887.           141.            84.          8947.         -7715.
  693      85         -17016.          -193.           276.          9084.         -7850.
  694      86         -17145.          -526.           467.          9219.         -7985.
  695      87         -17274.          -857.           660.          9354.         -8118.
  696      88         -17403.         -1186.           853.          9487.         -8250.
  697      89         -17532.         -1513.          1047.          9618.         -8380.
  698      90         -17661.         -1837.          1240.          9749.         -8509.
  699      91         -17790.         -2159.          1435.          9877.         -8637.
  700      92         -17919.         -2478.          1629.         10005.         -8763.
  701      93         -18048.         -2795.          1824.         10131.         -8888.
  702      94         -18177.         -3108.          2019.         10255.         -9012.
  703      95         -18305.         -3419.          2214.         10377.         -9133.
  704      96         -18434.         -3727.          2409.         10498.         -9253.
  705      97         -18562.         -4031.          2605.         10617.         -9371.
  706      98         -18689.         -4333.          2800.         10734.         -9488.
  707      99         -18816.         -4631.          2995.         10850.         -9603.
  708     100         -18943.         -4926.          3190.         10963.         -9715.
  709     101         -19070.         -5217.          3385.         11075.         -9826.
  710     102         -19196.         -5504.          3580.         11185.         -9935.
  711     103         -19321.         -5788.          3774.         11292.        -10042.
  712     104         -19446.         -6067.          3968.         11398.        -10147.
  713     105         -19571.         -6343.          4162.         11501.        -10250.
  714     106         -19695.         -6615.          4356.         11603.        -10351.
  715     107         -19818.         -6882.          4549.         11702.        -10449.
  716     108         -19940.         -7145.          4741.         11799.        -10545.
  717     109         -20062.         -7404.          4933.         11893.        -10639.
  718     110         -20183.         -7658.          5124.         11986.        -10731.
  719     111         -20303.         -7908.          5315.         12076.        -10820.
  720     112         -20422.         -8153.          5505.         12163.        -10907.
  721     113         -20541.         -8393.          5694.         12248.        -10991.
  722     114         -20658.         -8629.          5883.         12331.        -11073.
  723     115         -20775.         -8859.          6070.         12411.        -11153.
  724     116         -20891.         -9085.          6257.         12489.        -11229.
  725     117         -21005.         -9305.          6443.         12564.        -11304.
  726     118         -21119.         -9520.          6627.         12636.        -11375.
  727     119         -21231.         -9730.          6811.         12706.        -11444.
  728     120         -21343.         -9934.          6994.         12773.        -11510.
  729     121         -21453.        -10133.          7175.         12838.        -11573.
