 Day of  Day of Year Air   Radiation
 sim.     year        T
    1       1        1             -2.             0.
    2       2        1             -2.             0.
    3       3        1             -2.             0.
    4       4        1             -2.             1.
    5       5        1             -2.             1.
    6       6        1             -2.             2.
    7       7        1             -2.             3.
    8       8        1             -2.             3.
    9       9        1             -2.             4.
   10      10        1             -3.             5.
   11      11        1             -3.             5.
   12      12        1             -3.             6.
   13      13        1             -3.             7.
   14      14        1             -3.             8.
   15      15        1             -3.             9.
   16      16        1             -3.            10.
   17      17        1             -3.            11.
   18      18        1             -3.            12.
   19      19        1             -3.            13.
   20      20        1             -3.            14.
   21      21        1             -3.            15.
   22      22        1             -3.            16.
   23      23        1             -3.            17.
   24      24        1             -3.            18.
   25      25        1             -3.            20.
   26      26        1             -3.            21.
   27      27        1             -3.            22.
   28      28        1             -3.            23.
   29      29        1             -3.            25.
   30      30        1             -3.            26.
   31      31        1             -3.            27.
   32      32        1             -3.            29.
   33      33        1             -3.            30.
   34      34        1             -3.            32.
   35      35        1             -3.            33.
   36      36        1             -3.            35.
   37      37        1             -3.            36.
   38      38        1             -3.            38.
   39      39        1             -3.            40.
   40      40        1             -3.            41.
   41      41        1             -3.            43.
   42      42        1             -3.            44.
   43      43        1             -3.            46.
   44      44        1             -3.            48.
   45      45        1             -3.            50.
   46      46        1             -2.            51.
   47      47        1             -2.            53.
   48      48        1             -2.            55.
   49      49        1             -2.            57.
   50      50        1             -2.            59.
   51      51        1             -2.            60.
   52      52        1             -2.            62.
   53      53        1             -2.            64.
   54      54        1             -2.            66.
   55      55        1             -2.            68.
   56      56        1             -2.            70.
   57      57        1             -2.            72.
   58      58        1             -2.            74.
   59      59        1             -1.            76.
   60      60        1             -1.            78.
   61      61        1             -1.            80.
   62      62        1             -1.            82.
   63      63        1             -1.            84.
   64      64        1             -1.            86.
   65      65        1             -1.            88.
   66      66        1             -1.            90.
   67      67        1             -1.            92.
   68      68        1             -1.            94.
   69      69        1             -0.            96.
   70      70        1             -0.            99.
   71      71        1             -0.           101.
   72      72        1             -0.           103.
   73      73        1              0.           105.
   74      74        1              0.           107.
   75      75        1              0.           109.
   76      76        1              0.           111.
   77      77        1              1.           113.
   78      78        1              1.           116.
   79      79        1              1.           118.
   80      80        1              1.           120.
   81      81        1              1.           122.
   82      82        1              1.           124.
   83      83        1              1.           126.
   84      84        1              2.           128.
   85      85        1              2.           131.
   86      86        1              2.           133.
   87      87        1              2.           135.
   88      88        1              2.           137.
   89      89        1              2.           139.
   90      90        1              3.           141.
   91      91        1              3.           143.
   92      92        1              3.           145.
   93      93        1              3.           148.
   94      94        1              3.           150.
   95      95        1              3.           152.
   96      96        1              3.           154.
   97      97        1              4.           156.
   98      98        1              4.           158.
   99      99        1              4.           160.
  100     100        1              4.           162.
  101     101        1              4.           164.
  102     102        1              5.           166.
  103     103        1              5.           168.
  104     104        1              5.           170.
  105     105        1              5.           172.
  106     106        1              5.           174.
  107     107        1              5.           176.
  108     108        1              6.           178.
  109     109        1              6.           180.
  110     110        1              6.           182.
  111     111        1              6.           183.
  112     112        1              6.           185.
  113     113        1              6.           187.
  114     114        1              7.           189.
  115     115        1              7.           191.
  116     116        1              7.           192.
  117     117        1              7.           194.
  118     118        1              7.           196.
  119     119        1              8.           198.
  120     120        1              8.           199.
  121     121        1              8.           201.
  122     122        1              8.           203.
  123     123        1              8.           204.
  124     124        1              8.           206.
  125     125        1              9.           207.
  126     126        1              9.           209.
  127     127        1              9.           210.
  128     128        1              9.           212.
  129     129        1              9.           213.
  130     130        1             10.           215.
  131     131        1             10.           216.
  132     132        1             10.           218.
  133     133        1             10.           219.
  134     134        1             10.           220.
  135     135        1             10.           222.
  136     136        1             11.           223.
  137     137        1             11.           224.
  138     138        1             11.           225.
  139     139        1             11.           226.
  140     140        1             11.           228.
  141     141        1             11.           229.
  142     142        1             12.           230.
  143     143        1             12.           231.
  144     144        1             12.           232.
  145     145        1             12.           233.
  146     146        1             12.           234.
  147     147        1             12.           235.
  148     148        1             13.           236.
  149     149        1             13.           236.
  150     150        1             13.           237.
  151     151        1             13.           238.
  152     152        1             13.           239.
  153     153        1             13.           239.
  154     154        1             13.           240.
  155     155        1             14.           241.
  156     156        1             14.           241.
  157     157        1             14.           242.
  158     158        1             14.           242.
  159     159        1             14.           243.
  160     160        1             14.           243.
  161     161        1             14.           244.
  162     162        1             15.           244.
  163     163        1             15.           245.
  164     164        1             15.           245.
  165     165        1             15.           245.
  166     166        1             15.           245.
  167     167        1             15.           246.
  168     168        1             15.           246.
  169     169        1             15.           246.
  170     170        1             16.           246.
  171     171        1             16.           246.
  172     172        1             16.           246.
  173     173        1             16.           246.
  174     174        1             16.           246.
  175     175        1             16.           246.
  176     176        1             16.           246.
  177     177        1             16.           246.
  178     178        1             16.           245.
  179     179        1             17.           245.
  180     180        1             17.           245.
  181     181        1             17.           245.
  182     182        1             17.           244.
  183     183        1             17.           244.
  184     184        1             17.           243.
  185     185        1             17.           243.
  186     186        1             17.           242.
  187     187        1             17.           242.
  188     188        1             17.           241.
  189     189        1             17.           241.
  190     190        1             17.           240.
  191     191        1             17.           239.
  192     192        1             17.           239.
  193     193        1             18.           238.
  194     194        1             18.           237.
  195     195        1             18.           236.
  196     196        1             18.           236.
  197     197        1             18.           235.
  198     198        1             18.           234.
  199     199        1             18.           233.
  200     200        1             18.           232.
  201     201        1             18.           231.
  202     202        1             18.           230.
  203     203        1             18.           229.
  204     204        1             18.           228.
  205     205        1             18.           226.
  206     206        1             18.           225.
  207     207        1             18.           224.
  208     208        1             18.           223.
  209     209        1             18.           222.
  210     210        1             18.           220.
  211     211        1             18.           219.
  212     212        1             18.           218.
  213     213        1             18.           216.
  214     214        1             18.           215.
  215     215        1             18.           213.
  216     216        1             18.           212.
  217     217        1             18.           210.
  218     218        1             18.           209.
  219     219        1             18.           207.
  220     220        1             18.           206.
  221     221        1             18.           204.
  222     222        1             18.           203.
  223     223        1             18.           201.
  224     224        1             18.           199.
  225     225        1             18.           198.
  226     226        1             18.           196.
  227     227        1             18.           194.
  228     228        1             17.           192.
  229     229        1             17.           191.
  230     230        1             17.           189.
  231     231        1             17.           187.
  232     232        1             17.           185.
  233     233        1             17.           183.
  234     234        1             17.           182.
  235     235        1             17.           180.
  236     236        1             17.           178.
  237     237        1             17.           176.
  238     238        1             17.           174.
  239     239        1             17.           172.
  240     240        1             17.           170.
  241     241        1             17.           168.
  242     242        1             16.           166.
  243     243        1             16.           164.
  244     244        1             16.           162.
  245     245        1             16.           160.
  246     246        1             16.           158.
  247     247        1             16.           156.
  248     248        1             16.           154.
  249     249        1             16.           152.
  250     250        1             16.           150.
  251     251        1             15.           148.
  252     252        1             15.           145.
  253     253        1             15.           143.
  254     254        1             15.           141.
  255     255        1             15.           139.
  256     256        1             15.           137.
  257     257        1             15.           135.
  258     258        1             15.           133.
  259     259        1             14.           131.
  260     260        1             14.           128.
  261     261        1             14.           126.
  262     262        1             14.           124.
  263     263        1             14.           122.
  264     264        1             14.           120.
  265     265        1             14.           118.
  266     266        1             13.           116.
  267     267        1             13.           113.
  268     268        1             13.           111.
  269     269        1             13.           109.
  270     270        1             13.           107.
  271     271        1             13.           105.
  272     272        1             13.           103.
  273     273        1             12.           101.
  274     274        1             12.            99.
  275     275        1             12.            96.
  276     276        1             12.            94.
  277     277        1             12.            92.
  278     278        1             12.            90.
  279     279        1             11.            88.
  280     280        1             11.            86.
  281     281        1             11.            84.
  282     282        1             11.            82.
  283     283        1             11.            80.
  284     284        1             11.            78.
  285     285        1             10.            76.
  286     286        1             10.            74.
  287     287        1             10.            72.
  288     288        1             10.            70.
  289     289        1             10.            68.
  290     290        1             10.            66.
  291     291        1              9.            64.
  292     292        1              9.            62.
  293     293        1              9.            60.
  294     294        1              9.            59.
  295     295        1              9.            57.
  296     296        1              8.            55.
  297     297        1              8.            53.
  298     298        1              8.            51.
  299     299        1              8.            50.
  300     300        1              8.            48.
  301     301        1              8.            46.
  302     302        1              7.            44.
  303     303        1              7.            43.
  304     304        1              7.            41.
  305     305        1              7.            40.
  306     306        1              7.            38.
  307     307        1              6.            36.
  308     308        1              6.            35.
  309     309        1              6.            33.
  310     310        1              6.            32.
  311     311        1              6.            30.
  312     312        1              6.            29.
  313     313        1              5.            27.
  314     314        1              5.            26.
  315     315        1              5.            25.
  316     316        1              5.            23.
  317     317        1              5.            22.
  318     318        1              5.            21.
  319     319        1              4.            20.
  320     320        1              4.            18.
  321     321        1              4.            17.
  322     322        1              4.            16.
  323     323        1              4.            15.
  324     324        1              3.            14.
  325     325        1              3.            13.
  326     326        1              3.            12.
  327     327        1              3.            11.
  328     328        1              3.            10.
  329     329        1              3.             9.
  330     330        1              3.             8.
  331     331        1              2.             7.
  332     332        1              2.             6.
  333     333        1              2.             5.
  334     334        1              2.             5.
  335     335        1              2.             4.
  336     336        1              2.             3.
  337     337        1              1.             3.
  338     338        1              1.             2.
  339     339        1              1.             1.
  340     340        1              1.             1.
  341     341        1              1.             0.
  342     342        1              1.             0.
  343     343        1              1.             0.
  344     344        1              0.             0.
  345     345        1              0.             0.
  346     346        1              0.             0.
  347     347        1              0.             0.
  348     348        1             -0.             0.
  349     349        1             -0.             0.
  350     350        1             -0.             0.
  351     351        1             -0.             0.
  352     352        1             -1.             0.
  353     353        1             -1.             0.
  354     354        1             -1.             0.
  355     355        1             -1.             0.
  356     356        1             -1.             0.
  357     357        1             -1.             0.
  358     358        1             -1.             0.
  359     359        1             -1.             0.
  360     360        1             -1.             0.
  361     361        1             -1.             0.
  362     362        1             -2.             0.
  363     363        1             -2.             0.
  364     364        1             -2.             0.
  365     365        1             -2.             0.
  366       1        2             -2.             0.
  367       2        2             -2.             0.
  368       3        2             -2.             0.
  369       4        2             -2.             1.
  370       5        2             -2.             1.
  371       6        2             -2.             2.
  372       7        2             -2.             3.
  373       8        2             -2.             3.
  374       9        2             -2.             4.
  375      10        2             -3.             5.
  376      11        2             -3.             5.
  377      12        2             -3.             6.
  378      13        2             -3.             7.
  379      14        2             -3.             8.
  380      15        2             -3.             9.
  381      16        2             -3.            10.
  382      17        2             -3.            11.
  383      18        2             -3.            12.
  384      19        2             -3.            13.
  385      20        2             -3.            14.
  386      21        2             -3.            15.
  387      22        2             -3.            16.
  388      23        2             -3.            17.
  389      24        2             -3.            18.
  390      25        2             -3.            20.
  391      26        2             -3.            21.
  392      27        2             -3.            22.
  393      28        2             -3.            23.
  394      29        2             -3.            25.
  395      30        2             -3.            26.
  396      31        2             -3.            27.
  397      32        2             -3.            29.
  398      33        2             -3.            30.
  399      34        2             -3.            32.
  400      35        2             -3.            33.
  401      36        2             -3.            35.
  402      37        2             -3.            36.
  403      38        2             -3.            38.
  404      39        2             -3.            40.
  405      40        2             -3.            41.
  406      41        2             -3.            43.
  407      42        2             -3.            44.
  408      43        2             -3.            46.
  409      44        2             -3.            48.
  410      45        2             -3.            50.
  411      46        2             -2.            51.
  412      47        2             -2.            53.
  413      48        2             -2.            55.
  414      49        2             -2.            57.
  415      50        2             -2.            59.
  416      51        2             -2.            60.
  417      52        2             -2.            62.
  418      53        2             -2.            64.
  419      54        2             -2.            66.
  420      55        2             -2.            68.
  421      56        2             -2.            70.
  422      57        2             -2.            72.
  423      58        2             -2.            74.
  424      59        2             -1.            76.
  425      60        2             -1.            78.
  426      61        2             -1.            80.
  427      62        2             -1.            82.
  428      63        2             -1.            84.
  429      64        2             -1.            86.
  430      65        2             -1.            88.
  431      66        2             -1.            90.
  432      67        2             -1.            92.
  433      68        2             -1.            94.
  434      69        2             -0.            96.
  435      70        2             -0.            99.
  436      71        2             -0.           101.
  437      72        2             -0.           103.
  438      73        2              0.           105.
  439      74        2              0.           107.
  440      75        2              0.           109.
  441      76        2              0.           111.
  442      77        2              1.           113.
  443      78        2              1.           116.
  444      79        2              1.           118.
  445      80        2              1.           120.
  446      81        2              1.           122.
  447      82        2              1.           124.
  448      83        2              1.           126.
  449      84        2              2.           128.
  450      85        2              2.           131.
  451      86        2              2.           133.
  452      87        2              2.           135.
  453      88        2              2.           137.
  454      89        2              2.           139.
  455      90        2              3.           141.
  456      91        2              3.           143.
  457      92        2              3.           145.
  458      93        2              3.           148.
  459      94        2              3.           150.
  460      95        2              3.           152.
  461      96        2              3.           154.
  462      97        2              4.           156.
  463      98        2              4.           158.
  464      99        2              4.           160.
  465     100        2              4.           162.
  466     101        2              4.           164.
  467     102        2              5.           166.
  468     103        2              5.           168.
  469     104        2              5.           170.
  470     105        2              5.           172.
  471     106        2              5.           174.
  472     107        2              5.           176.
  473     108        2              6.           178.
  474     109        2              6.           180.
  475     110        2              6.           182.
  476     111        2              6.           183.
  477     112        2              6.           185.
  478     113        2              6.           187.
  479     114        2              7.           189.
  480     115        2              7.           191.
  481     116        2              7.           192.
  482     117        2              7.           194.
  483     118        2              7.           196.
  484     119        2              8.           198.
  485     120        2              8.           199.
  486     121        2              8.           201.
  487     122        2              8.           203.
  488     123        2              8.           204.
  489     124        2              8.           206.
  490     125        2              9.           207.
  491     126        2              9.           209.
  492     127        2              9.           210.
  493     128        2              9.           212.
  494     129        2              9.           213.
  495     130        2             10.           215.
  496     131        2             10.           216.
  497     132        2             10.           218.
  498     133        2             10.           219.
  499     134        2             10.           220.
  500     135        2             10.           222.
  501     136        2             11.           223.
  502     137        2             11.           224.
  503     138        2             11.           225.
  504     139        2             11.           226.
  505     140        2             11.           228.
  506     141        2             11.           229.
  507     142        2             12.           230.
  508     143        2             12.           231.
  509     144        2             12.           232.
  510     145        2             12.           233.
  511     146        2             12.           234.
  512     147        2             12.           235.
  513     148        2             13.           236.
  514     149        2             13.           236.
  515     150        2             13.           237.
  516     151        2             13.           238.
  517     152        2             13.           239.
  518     153        2             13.           239.
  519     154        2             13.           240.
  520     155        2             14.           241.
  521     156        2             14.           241.
  522     157        2             14.           242.
  523     158        2             14.           242.
  524     159        2             14.           243.
  525     160        2             14.           243.
  526     161        2             14.           244.
  527     162        2             15.           244.
  528     163        2             15.           245.
  529     164        2             15.           245.
  530     165        2             15.           245.
  531     166        2             15.           245.
  532     167        2             15.           246.
  533     168        2             15.           246.
  534     169        2             15.           246.
  535     170        2             16.           246.
  536     171        2             16.           246.
  537     172        2             16.           246.
  538     173        2             16.           246.
  539     174        2             16.           246.
  540     175        2             16.           246.
  541     176        2             16.           246.
  542     177        2             16.           246.
  543     178        2             16.           245.
  544     179        2             17.           245.
  545     180        2             17.           245.
  546     181        2             17.           245.
  547     182        2             17.           244.
  548     183        2             17.           244.
  549     184        2             17.           243.
  550     185        2             17.           243.
  551     186        2             17.           242.
  552     187        2             17.           242.
  553     188        2             17.           241.
  554     189        2             17.           241.
  555     190        2             17.           240.
  556     191        2             17.           239.
  557     192        2             17.           239.
  558     193        2             18.           238.
  559     194        2             18.           237.
  560     195        2             18.           236.
  561     196        2             18.           236.
  562     197        2             18.           235.
  563     198        2             18.           234.
  564     199        2             18.           233.
  565     200        2             18.           232.
  566     201        2             18.           231.
  567     202        2             18.           230.
  568     203        2             18.           229.
  569     204        2             18.           228.
  570     205        2             18.           226.
  571     206        2             18.           225.
  572     207        2             18.           224.
  573     208        2             18.           223.
  574     209        2             18.           222.
  575     210        2             18.           220.
  576     211        2             18.           219.
  577     212        2             18.           218.
  578     213        2             18.           216.
  579     214        2             18.           215.
  580     215        2             18.           213.
  581     216        2             18.           212.
  582     217        2             18.           210.
  583     218        2             18.           209.
  584     219        2             18.           207.
  585     220        2             18.           206.
  586     221        2             18.           204.
  587     222        2             18.           203.
  588     223        2             18.           201.
  589     224        2             18.           199.
  590     225        2             18.           198.
  591     226        2             18.           196.
  592     227        2             18.           194.
  593     228        2             17.           192.
  594     229        2             17.           191.
  595     230        2             17.           189.
  596     231        2             17.           187.
  597     232        2             17.           185.
  598     233        2             17.           183.
  599     234        2             17.           182.
  600     235        2             17.           180.
  601     236        2             17.           178.
  602     237        2             17.           176.
  603     238        2             17.           174.
  604     239        2             17.           172.
  605     240        2             17.           170.
  606     241        2             17.           168.
  607     242        2             16.           166.
  608     243        2             16.           164.
  609     244        2             16.           162.
  610     245        2             16.           160.
  611     246        2             16.           158.
  612     247        2             16.           156.
  613     248        2             16.           154.
  614     249        2             16.           152.
  615     250        2             16.           150.
  616     251        2             15.           148.
  617     252        2             15.           145.
  618     253        2             15.           143.
  619     254        2             15.           141.
  620     255        2             15.           139.
  621     256        2             15.           137.
  622     257        2             15.           135.
  623     258        2             15.           133.
  624     259        2             14.           131.
  625     260        2             14.           128.
  626     261        2             14.           126.
  627     262        2             14.           124.
  628     263        2             14.           122.
  629     264        2             14.           120.
  630     265        2             14.           118.
  631     266        2             13.           116.
  632     267        2             13.           113.
  633     268        2             13.           111.
  634     269        2             13.           109.
  635     270        2             13.           107.
  636     271        2             13.           105.
  637     272        2             13.           103.
  638     273        2             12.           101.
  639     274        2             12.            99.
  640     275        2             12.            96.
  641     276        2             12.            94.
  642     277        2             12.            92.
  643     278        2             12.            90.
  644     279        2             11.            88.
  645     280        2             11.            86.
  646     281        2             11.            84.
  647     282        2             11.            82.
  648     283        2             11.            80.
  649     284        2             11.            78.
  650     285        2             10.            76.
  651     286        2             10.            74.
  652     287        2             10.            72.
  653     288        2             10.            70.
  654     289        2             10.            68.
  655     290        2             10.            66.
  656     291        2              9.            64.
  657     292        2              9.            62.
  658     293        2              9.            60.
  659     294        2              9.            59.
  660     295        2              9.            57.
  661     296        2              8.            55.
  662     297        2              8.            53.
  663     298        2              8.            51.
  664     299        2              8.            50.
  665     300        2              8.            48.
  666     301        2              8.            46.
  667     302        2              7.            44.
  668     303        2              7.            43.
  669     304        2              7.            41.
  670     305        2              7.            40.
  671     306        2              7.            38.
  672     307        2              6.            36.
  673     308        2              6.            35.
  674     309        2              6.            33.
  675     310        2              6.            32.
  676     311        2              6.            30.
  677     312        2              6.            29.
  678     313        2              5.            27.
  679     314        2              5.            26.
  680     315        2              5.            25.
  681     316        2              5.            23.
  682     317        2              5.            22.
  683     318        2              5.            21.
  684     319        2              4.            20.
  685     320        2              4.            18.
  686     321        2              4.            17.
  687     322        2              4.            16.
  688     323        2              4.            15.
  689     324        2              3.            14.
  690     325        2              3.            13.
  691     326        2              3.            12.
  692     327        2              3.            11.
  693     328        2              3.            10.
  694     329        2              3.             9.
  695     330        2              3.             8.
  696     331        2              2.             7.
  697     332        2              2.             6.
  698     333        2              2.             5.
  699     334        2              2.             5.
  700     335        2              2.             4.
  701     336        2              2.             3.
  702     337        2              1.             3.
  703     338        2              1.             2.
  704     339        2              1.             1.
  705     340        2              1.             1.
  706     341        2              1.             0.
  707     342        2              1.             0.
  708     343        2              1.             0.
  709     344        2              0.             0.
  710     345        2              0.             0.
  711     346        2              0.             0.
  712     347        2              0.             0.
  713     348        2             -0.             0.
  714     349        2             -0.             0.
  715     350        2             -0.             0.
  716     351        2             -0.             0.
  717     352        2             -1.             0.
  718     353        2             -1.             0.
  719     354        2             -1.             0.
  720     355        2             -1.             0.
  721     356        2             -1.             0.
  722     357        2             -1.             0.
  723     358        2             -1.             0.
  724     359        2             -1.             0.
  725     360        2             -1.             0.
  726     361        2             -1.             0.
  727     362        2             -2.             0.
  728     363        2             -2.             0.
  729     364        2             -2.             0.
  730     365        2             -2.             0.
