 Day of  Day of    Year   Slurry  Frozen  Slurry   Air    Wall   Floor    Slurry
 sim.     year             mass    mass   depth     T      T       T        T
    1       1        1    10.00    0.00    0.01    0.13    0.78    2.42    0.19
    2       2        1    20.00    0.00    0.03    0.63    0.38    1.90    0.84
    3       3        1    30.00    0.00    0.04   -0.76   -0.06    1.06    0.41
    4       4        1    40.00    0.00    0.05   -0.13   -0.45    0.26    0.08
    5       5        1    50.00    0.00    0.07   -0.56   -0.35   -0.14    0.02
    6       6        1    60.00    0.50    0.08   -1.87   -1.21   -0.54    0.00
    7       7        1    70.00    0.73    0.09   -0.74   -1.31   -0.81    0.00
    8       8        1    80.00    0.80    0.11   -0.19   -0.46   -0.70    0.00
    9       9        1    90.00    1.41    0.12   -2.27   -1.23   -1.13    0.00
   10      10        1   100.00    1.88    0.13   -1.53   -1.90   -1.32    0.00
   11      11        1   110.00    2.44    0.15   -1.90   -1.71   -1.33    0.00
   12      12        1   120.00    3.31    0.16   -3.19   -2.55   -1.82    0.00
   13      13        1   130.00    4.33    0.17   -3.35   -3.27   -2.45    0.00
   14      14        1   140.00    5.69    0.19   -4.47   -3.91   -2.89    0.00
   15      15        1   150.00    8.67    0.20  -10.20   -7.34   -4.62    0.00
   16      16        1   160.00   10.02    0.21   -3.91   -7.06   -5.02    0.00
   17      17        1   170.00   11.16    0.23   -3.05   -3.48   -5.00    0.00
   18      18        1   180.00   11.91    0.24   -1.67   -2.36   -4.66    0.00
   19      19        1   190.00   12.55    0.25   -1.51   -1.59   -4.07    0.00
   20      20        1   200.00   12.56    0.26    0.34   -0.58   -1.96    0.00
   21      21        1   210.00   12.03    0.28    2.02    1.18   -0.77    0.00
   22      22        1   220.00   11.47    0.29    1.96    1.99    0.23    0.00
   23      23        1   230.00   10.46    0.30    3.00    2.48    1.16    0.00
   24      24        1   240.00   10.74    0.32   -1.90    0.55    1.08    0.00
   25      25        1   250.00   10.91    0.33   -0.95   -1.43    0.83    0.00
   26      26        1   260.00   11.82    0.34   -3.49   -2.22   -0.28    0.00
   27      27        1   270.00   13.82    0.36   -7.17   -5.33   -2.10    0.00
   28      28        1   280.00   15.38    0.37   -4.99   -6.08   -3.70    0.00
   29      29        1   290.00   16.75    0.38   -4.31   -4.65   -4.18    0.00
   30      30        1   300.00   20.33    0.40  -12.10   -8.21   -6.41    0.00
   31      31        1   310.00   24.55    0.41  -14.30  -13.20   -8.57    0.00
   32      32        1   320.00   27.99    0.42  -11.20  -12.75   -9.38    0.00
   33      33        1   330.00   30.62    0.44   -7.32   -9.26   -9.85    0.00
   34      34        1   340.00   33.17    0.45   -7.08   -7.20  -10.40    0.00
   35      35        1   350.00   36.24    0.46   -9.35   -8.22   -9.85    0.00
   36      36        1   360.00   39.65    0.48  -10.90  -10.12   -9.17    0.00
   37      37        1   370.00   42.93    0.49  -10.50  -10.70   -9.03    0.00
   38      38        1   380.00   47.37    0.50  -14.30  -12.40  -10.43    0.00
   39      39        1   390.00   51.40    0.52  -12.80  -13.55  -11.57    0.00
   40      40        1   400.00   56.57    0.53  -17.20  -15.00  -13.14    0.00
   41      41        1   410.00   61.63    0.54  -15.40  -16.30  -14.04    0.00
   42      42        1   420.00   66.39    0.56  -14.20  -14.80  -14.78    0.00
   43      43        1   430.00   70.24    0.57  -11.40  -12.80  -14.20    0.00
   44      44        1   440.00   73.21    0.58   -9.19  -10.29  -13.48    0.00
   45      45        1   450.00   74.94    0.60   -4.32   -6.75  -10.90    0.00
   46      46        1   460.00   78.07    0.61  -10.40   -7.36   -9.90    0.00
   47      47        1   470.00   81.25    0.62   -9.96  -10.18   -9.05    0.00
   48      48        1   480.00   82.90    0.64   -4.58   -7.27   -7.69    0.00
   49      49        1   490.00   84.51    0.65   -4.90   -4.74   -6.83    0.00
   50      50        1   500.00   84.71    0.66    0.31   -2.30   -5.91    0.00
   51      51        1   510.00   84.29    0.68    2.10    1.20   -3.41    0.00
   52      52        1   520.00   83.24    0.69    3.37    2.74   -0.74    0.00
   53      53        1   530.00   82.53    0.70    2.15    2.76    0.61    0.00
   54      54        1   540.00   81.68    0.72    2.42    2.29    2.07    0.00
   55      55        1   550.00   79.94    0.73    5.28    3.85    3.06    0.00
   56      56        1   560.00   77.22    0.74    8.64    6.96    4.37    0.00
   57      57        1   570.00   74.85    0.76    5.76    7.20    4.85    0.00
   58      58        1   580.00   73.58    0.77    2.15    3.96    4.85    0.00
   59      59        1   590.00   71.79    0.78    3.62    2.89    5.09    0.00
   60      60        1    10.00    0.00    0.01    3.07    3.35    4.65    4.42
   61      61        1    20.00    0.00    0.03    3.08    3.08    3.54    4.63
   62      62        1    30.00    0.00    0.04    2.35    2.72    2.85    4.40
   63      63        1    40.00    0.00    0.05   -1.00    0.68    2.22    3.15
   64      64        1    50.00    0.00    0.07   -3.36   -2.18    0.83    1.55
   65      65        1    60.00    0.00    0.08    1.65   -0.85    0.54    1.16
   66      66        1    70.00    0.00    0.09   -0.44    0.60   -0.16    1.19
   67      67        1    80.00    0.00    0.11   -0.88   -0.66   -0.81    1.06
   68      68        1    90.00    0.00    0.12   -1.76   -1.32   -0.96    0.73
   69      69        1   100.00    0.83    0.13   -5.37   -3.56   -1.36    0.08
   70      70        1   110.00    1.23    0.15   -1.65   -3.51   -2.02    0.00
   71      71        1   120.00    0.72    0.16    1.73    0.04   -1.58    0.00
   72      72        1   130.00    0.00    0.17    3.08    2.41   -0.79    0.04
   73      73        1   140.00    0.00    0.19    1.80    2.44   -0.08    0.38
   74      74        1   150.00    0.00    0.20    1.88    1.84    1.37    0.79
   75      75        1   160.00    0.00    0.21    0.96    1.42    1.89    1.14
   76      76        1   170.00    0.00    0.23   -0.37    0.30    1.47    1.24
   77      77        1   180.00    0.00    0.24   -1.41   -0.89    0.57    1.13
   78      78        1   190.00    0.00    0.25   -2.34   -1.87   -0.26    0.98
   79      79        1   200.00    0.00    0.26    2.65    0.16   -0.10    1.07
   80      80        1   210.00    0.00    0.28    3.33    2.99    0.37    1.43
   81      81        1   220.00    0.00    0.29    4.03    3.68    1.25    1.83
   82      82        1   230.00    0.00    0.30    6.68    5.36    2.87    2.39
   83      83        1   240.00    0.00    0.32    7.06    6.87    4.75    3.03
   84      84        1   250.00    0.00    0.33    6.62    6.84    5.54    3.60
   85      85        1   260.00    0.00    0.34    6.45    6.54    6.17    4.08
   86      86        1   270.00    0.00    0.36    7.14    6.80    6.79    4.52
   87      87        1   280.00    0.00    0.37    4.45    5.80    6.34    4.76
   88      88        1   290.00    0.00    0.38    8.21    6.33    6.57    4.97
   89      89        1   300.00    0.00    0.40   10.80    9.51    7.41    5.41
   90      90        1   310.00    0.00    0.41    5.88    8.34    7.30    5.72
   91      91        1   320.00    0.00    0.42    3.55    4.72    6.58    5.81
   92      92        1   330.00    0.00    0.44    3.70    3.63    6.43    5.85
   93      93        1   340.00    0.00    0.45    5.08    4.39    5.80    5.93
   94      94        1   350.00    0.00    0.46    6.60    5.84    4.96    6.12
   95      95        1   360.00    0.00    0.48    2.11    4.36    4.21    6.14
   96      96        1   370.00    0.00    0.49    3.40    2.76    4.18    6.06
   97      97        1   380.00    0.00    0.50    3.07    3.24    4.05    6.02
   98      98        1   390.00    0.00    0.52    1.28    2.18    3.29    5.95
   99      99        1   400.00    0.00    0.53    4.12    2.70    2.80    5.88
  100     100        1   410.00    0.00    0.54    4.18    4.15    3.21    5.91
  101     101        1   420.00    0.00    0.56    3.23    3.71    3.18    5.92
  102     102        1   430.00    0.00    0.57    2.96    3.10    3.15    5.84
  103     103        1   440.00    0.00    0.58    2.29    2.63    3.36    5.73
  104     104        1   450.00    0.00    0.60    1.39    1.84    2.81    5.65
  105     105        1   460.00    0.00    0.61    2.40    1.90    2.45    5.62
  106     106        1   470.00    0.00    0.62    4.49    3.45    2.71    5.67
  107     107        1   480.00    0.00    0.64    6.48    5.49    3.41    5.82
  108     108        1   490.00    0.00    0.65    6.48    6.48    4.25    6.01
  109     109        1   500.00    0.00    0.66    6.22    6.35    5.21    6.20
  110     110        1   510.00    0.00    0.68    7.10    6.66    6.15    6.40
  111     111        1   520.00    0.00    0.69    7.52    7.31    6.76    6.60
  112     112        1   530.00    0.00    0.70    1.53    4.53    5.77    6.59
  113     113        1   540.00    0.00    0.72    3.52    2.53    5.18    6.49
  114     114        1   550.00    0.00    0.73    1.88    2.70    4.31    6.42
  115     115        1   560.00    0.00    0.74    0.99    1.43    3.09    6.28
  116     116        1   570.00    0.00    0.76    1.74    1.36    1.93    6.13
  117     117        1   580.00    0.00    0.77    2.71    2.23    2.17    6.05
  118     118        1   590.00    0.00    0.78    3.22    2.97    2.11    6.02
  119     119        1   600.00    0.00    0.79    3.48    3.35    2.43    6.00
  120     120        1   610.00    0.00    0.81    3.42    3.45    2.91    6.01
  121     121        1   620.00    0.00    0.82    3.76    3.59    3.32    6.03
  122     122        1   630.00    0.00    0.83    6.16    4.96    4.01    6.08
  123     123        1   640.00    0.00    0.85    5.55    5.86    4.47    6.17
  124     124        1   650.00    0.00    0.86    6.52    6.04    5.08    6.27
  125     125        1   660.00    0.00    0.87    3.37    4.95    5.07    6.28
  126     126        1   670.00    0.00    0.89    3.10    3.24    4.94    6.21
  127     127        1   680.00    0.00    0.90    3.17    3.14    4.34    6.16
  128     128        1   690.00    0.00    0.91    6.07    4.62    4.45    6.21
  129     129        1   700.00    0.00    0.93    5.90    5.99    4.32    6.28
  130     130        1   710.00    0.00    0.94   12.50    9.20    6.15    6.42
  131     131        1   720.01    0.00    0.95   15.40   13.95    8.61    6.75
  132     132        1   730.01    0.00    0.97   15.60   15.50   11.09    7.17
  133     133        1   740.01    0.00    0.98   17.60   16.60   13.40    7.63
  134     134        1   750.01    0.00    0.99   13.00   15.30   14.82    8.01
  135     135        1   760.01    0.00    1.01    9.62   11.31   14.24    8.21
  136     136        1   770.01    0.00    1.02   10.90   10.26   13.34    8.36
  137     137        1   780.01    0.00    1.03   10.90   10.90   12.40    8.52
  138     138        1   790.01    0.00    1.05   11.50   11.20   11.18    8.70
  139     139        1   800.01    0.00    1.06   12.50   12.00   11.08    8.92
  140     140        1   810.01    0.00    1.07   12.50   12.50   11.66    9.16
  141     141        1   820.01    0.00    1.09    9.93   11.22   11.47    9.33
  142     142        1   830.01    0.00    1.10   11.20   10.57   11.53    9.47
  143     143        1   840.01    0.00    1.11    8.07    9.64   10.84    9.56
  144     144        1   850.01    0.00    1.13    8.70    8.39   10.08    9.58
  145     145        1   860.01    0.00    1.14   11.80   10.25    9.94    9.67
  146     146        1   870.01    0.00    1.15    9.02   10.41    9.76    9.74
  147     147        1   880.01    0.00    1.17    6.45    7.74    8.81    9.70
  148     148        1   890.01    0.00    1.18   11.30    8.88    9.45    9.76
  149     149        1   900.01    0.00    1.19   12.10   11.70   10.13    9.94
  150     150        1    10.00    0.00    0.01   13.60   12.85   10.49   17.57
  151     151        1    20.00    0.00    0.03   13.60   13.60   11.41   16.42
  152     152        1    30.00    0.00    0.04   13.00   13.30   12.72   16.48
  153     153        1    40.00    0.00    0.05   14.90   13.95   13.44   17.23
  154     154        1    50.00    0.00    0.07   15.40   15.15   14.10   18.01
  155     155        1    60.00    0.00    0.08   15.90   15.65   14.56   18.68
  156     156        1    70.00    0.00    0.09   18.00   16.95   15.44   19.51
  157     157        1    80.00    0.00    0.11   18.80   18.40   16.60   20.37
  158     158        1    90.00    0.00    0.12   19.10   18.95   17.44   20.89
  159     159        1   100.00    0.00    0.13   17.40   18.25   17.84   20.86
  160     160        1   110.00    0.00    0.15   17.30   17.35   18.12   20.67
  161     161        1   120.00    0.00    0.16   18.40   17.85   18.20   20.88
  162     162        1   130.00    0.00    0.17   19.40   18.90   18.32   21.29
  163     163        1   140.00    0.00    0.19   15.70   17.55   17.64   21.13
  164     164        1   150.00    0.00    0.20   14.90   15.30   17.14   20.78
  165     165        1   160.00    0.00    0.21   15.40   15.15   16.76   20.54
  166     166        1   170.00    0.00    0.23   13.00   14.20   15.68   19.84
  167     167        1   180.00    0.00    0.24   18.30   15.65   15.46   19.58
  168     168        1   190.00    0.00    0.25   16.40   17.35   15.60   19.56
  169     169        1   200.00    0.00    0.26   13.30   14.85   15.28   19.09
  170     170        1   210.00    0.00    0.28   17.60   15.45   15.72   19.01
  171     171        1   220.00    0.00    0.29   20.40   19.00   17.20   19.49
  172     172        1   230.00    0.00    0.30   20.60   20.50   17.66   20.04
  173     173        1   240.00    0.00    0.32   19.30   19.95   18.24   20.47
  174     174        1   250.00    0.00    0.33   17.60   18.45   19.10   20.75
  175     175        1   260.00    0.00    0.34   19.10   18.35   19.40   20.98
  176     176        1   270.00    0.00    0.36   22.50   20.80   19.82   21.38
  177     177        1   280.00    0.00    0.37   23.50   23.00   20.40   21.91
  178     178        1   290.00    0.00    0.38   23.10   23.30   21.16   22.40
  179     179        1   300.00    0.00    0.40   23.20   23.15   22.28   22.83
  180     180        1   310.00    0.00    0.41   22.70   22.95   23.00   23.15
  181     181        1   320.00    0.00    0.42   19.80   21.25   22.46   23.27
  182     182        1   330.00    0.00    0.44   15.60   17.70   20.88   23.09
  183     183        1   340.00    0.00    0.45   15.70   15.65   19.40   22.79
  184     184        1   350.00    0.00    0.46   15.50   15.60   17.86   22.51
  185     185        1   360.00    0.00    0.48   15.40   15.45   16.40   22.27
  186     186        1   370.00    0.00    0.49   13.60   14.50   15.16   21.95
  187     187        1   380.00    0.00    0.50   14.50   14.05   14.94   21.50
  188     188        1   390.00    0.00    0.52   14.30   14.40   14.66   21.13
  189     189        1   400.00    0.00    0.53   14.70   14.50   14.50   20.87
  190     190        1   410.00    0.00    0.54   11.90   13.30   13.80   20.60
  191     191        1   420.00    0.00    0.56   14.60   13.25   14.00   20.38
  192     192        1   430.00    0.00    0.57   12.90   13.75   13.68   20.16
  193     193        1   440.00    0.00    0.58   14.20   13.55   13.66   19.91
  194     194        1   450.00    0.00    0.60   13.30   13.75   13.38   19.71
  195     195        1   460.00    0.00    0.61   13.50   13.40   13.70   19.53
  196     196        1   470.00    0.00    0.62   16.00   14.75   13.98   19.43
  197     197        1   480.00    0.00    0.64   16.20   16.10   14.64   19.37
  198     198        1   490.00    0.00    0.65   17.30   16.75   15.26   19.37
  199     199        1   500.00    0.00    0.66   20.00   18.65   16.60   19.52
  200     200        1   510.00    0.00    0.68   19.50   19.75   17.80   19.70
  201     201        1   520.00    0.00    0.69   20.50   20.00   18.70   19.87
  202     202        1   530.00    0.00    0.70   19.50   20.00   19.36   20.00
  203     203        1   540.00    0.00    0.72   13.90   16.70   18.68   19.95
  204     204        1   550.00    0.00    0.73   14.30   14.10   17.54   19.86
  205     205        1   560.00    0.00    0.74   12.80   13.55   16.20   19.77
  206     206        1   570.00    0.00    0.76   14.40   13.60   14.98   19.66
  207     207        1   580.00    0.00    0.77   15.20   14.80   14.12   19.60
  208     208        1   590.00    0.00    0.78   17.20   16.20   14.78   19.59
  209     209        1   600.00    0.00    0.79   18.80   18.00   15.68   19.66
  210     210        1   610.00    0.00    0.81   16.10   17.45   16.34   19.66
  211     211        1   620.00    0.00    0.82   15.60   15.85   16.58   19.59
  212     212        1   630.00    0.00    0.83   16.00   15.80   16.74   19.54
  213     213        1   640.00    0.00    0.85   16.90   16.45   16.68   19.51
  214     214        1   650.00    0.00    0.86   18.10   17.50   16.54   19.56
  215     215        1   660.00    0.00    0.87   19.10   18.60   17.14   19.64
  216     216        1   670.00    0.00    0.89   17.50   18.30   17.52   19.68
  217     217        1   680.00    0.00    0.90   15.90   16.70   17.50   19.69
  218     218        1   690.00    0.00    0.91   15.60   15.75   17.24   19.66
  219     219        1   700.00    0.00    0.93   19.70   17.65   17.56   19.69
  220     220        1   710.00    0.00    0.94   21.70   20.70   18.08   19.82
  221     221        1   720.01    0.00    0.95   22.70   22.20   19.12   20.02
  222     222        1   730.01    0.00    0.97   18.30   20.50   19.60   20.16
  223     223        1   740.01    0.00    0.98   15.80   17.05   19.64   20.20
  224     224        1   750.01    0.00    0.99   14.90   15.35   18.68   20.19
  225     225        1   760.01    0.00    1.01   19.20   17.05   18.18   20.21
  226     226        1   770.01    0.00    1.02   18.60   18.90   17.36   20.27
  227     227        1   780.01    0.00    1.03   20.30   19.45   17.76   20.33
  228     228        1   790.01    0.00    1.05   21.90   21.10   18.98   20.45
  229     229        1   800.01    0.00    1.06   20.30   21.10   20.06   20.58
  230     230        1   810.01    0.00    1.07   19.90   20.10   20.20   20.67
  231     231        1   820.01    0.00    1.09   20.80   20.35   20.64   20.76
  232     232        1   830.01    0.00    1.10   20.90   20.85   20.76   20.86
  233     233        1   840.01    0.00    1.11   19.40   20.15   20.26   20.93
  234     234        1   850.01    0.00    1.13   19.80   19.60   20.16   20.96
  235     235        1   860.01    0.00    1.14   20.60   20.20   20.30   21.00
  236     236        1   870.01    0.00    1.15   18.30   19.45   19.80   21.01
  237     237        1   880.01    0.00    1.17   15.90   17.10   18.80   20.96
  238     238        1   890.01    0.00    1.18   13.20   14.55   17.56   20.86
  239     239        1   900.01    0.00    1.19   13.00   13.10   16.20   20.73
  240     240        1   910.01    0.00    1.21   12.40   12.70   14.56   20.57
  241     241        1   920.01    0.00    1.22   12.10   12.25   13.32   20.39
  242     242        1   930.02    0.00    1.23   12.40   12.25   12.62   20.19
  243     243        1   940.02    0.00    1.25   13.70   13.05   12.72   20.02
  244     244        1   950.02    0.00    1.26   10.80   12.25   12.28   19.84
  245     245        1   960.02    0.00    1.27   13.40   12.10   12.48   19.69
  246     246        1   970.02    0.00    1.29   11.50   12.45   12.36   19.54
  247     247        1   980.02    0.00    1.30   15.90   13.70   13.06   19.40
  248     248        1   990.02    0.00    1.31   15.60   15.75   13.44   19.31
  249     249        1  1000.02    0.00    1.32   14.40   15.00   14.16   19.24
  250     250        1  1010.02    0.00    1.34   12.70   13.55   14.02   19.15
  251     251        1  1020.02    0.00    1.35   12.20   12.45   14.16   19.04
  252     252        1  1030.02    0.00    1.36   14.10   13.15   13.80   18.94
  253     253        1  1040.02    0.00    1.38   13.00   13.55   13.28   18.83
  254     254        1  1050.02    0.00    1.39   10.50   11.75   12.50   18.70
  255     255        1  1060.02    0.00    1.40   10.90   10.70   12.14   18.56
  256     256        1  1070.02    0.00    1.42   13.20   12.05   12.34   18.43
  257     257        1  1080.01    0.00    1.43   12.90   13.05   12.10   18.32
  258     258        1  1090.01    0.00    1.44   14.70   13.80   12.44   18.24
  259     259        1  1100.01    0.00    1.46   13.70   14.20   13.08   18.15
  260     260        1  1110.01    0.00    1.47   12.90   13.30   13.48   18.04
  261     261        1  1120.01    0.00    1.48    9.51   11.21   12.74   17.92
  262     262        1  1130.01    0.00    1.50   11.10   10.31   12.38   17.79
  263     263        1  1140.01    0.00    1.51    8.37    9.74   11.12   17.66
  264     264        1  1150.01    0.00    1.52    8.07    8.22    9.99   17.48
  265     265        1  1160.01    0.00    1.54   13.40   10.74   10.09   17.34
  266     266        1  1170.01    0.00    1.55   13.40   13.40   10.87   17.27
  267     267        1  1180.00    0.00    1.56   12.90   13.15   11.23   17.20
  268     268        1  1190.00    0.00    1.58   14.40   13.65   12.43   17.15
  269     269        1  1200.00    0.00    1.59   12.20   13.30   13.26   17.09
  270     270        1  1210.00    0.00    1.60   14.30   13.25   13.44   17.03
  271     271        1  1220.00    0.00    1.62   12.70   13.50   13.30   16.96
  272     272        1  1230.00    0.00    1.63   12.20   12.45   13.16   16.87
  273     273        1  1240.00    0.00    1.64   12.90   12.55   12.86   16.78
  274     274        1  1250.00    0.00    1.66   13.20   13.05   13.06   16.71
  275     275        1  1260.00    0.00    1.67   11.70   12.45   12.54   16.64
  276     276        1  1270.00    0.00    1.68   13.10   12.40   12.62   16.57
  277     277        1  1279.99    0.00    1.70   12.70   12.90   12.72   16.51
  278     278        1  1289.99    0.00    1.71   13.70   13.20   12.88   16.44
  279     279        1  1299.99    0.00    1.72   14.10   13.90   13.06   16.40
  280     280        1  1309.99    0.00    1.74   12.90   13.50   13.30   16.35
  281     281        1  1319.99    0.00    1.75   13.10   13.00   13.30   16.29
  282     282        1  1329.99    0.00    1.76   12.10   12.60   13.18   16.24
  283     283        1  1339.99    0.00    1.78   10.30   11.20   12.50   16.15
  284     284        1  1349.99    0.00    1.79    8.55    9.43   11.39   16.04
  285     285        1  1359.99    0.00    1.80    7.65    8.10   10.34   15.90
  286     286        1  1369.99    0.00    1.82    7.19    7.42    9.16   15.75
  287     287        1  1379.99    0.00    1.83    6.15    6.67    7.97   15.58
  288     288        1  1389.98    0.00    1.84    6.31    6.23    7.17   15.41
  289     289        1  1399.98    0.00    1.85    6.52    6.42    6.76   15.25
  290     290        1  1409.98    0.00    1.87    5.62    6.07    6.36   15.08
  291     291        1  1419.98    0.00    1.88    6.54    6.08    6.23   14.92
  292     292        1  1429.98    0.00    1.89    2.31    4.43    5.46   14.74
  293     293        1  1439.98    0.00    1.91    1.62    1.97    4.52   14.52
  294     294        1  1449.98    0.00    1.92    0.80    1.21    3.38   14.29
  295     295        1  1459.98    0.00    1.93    8.47    4.64    3.95   14.11
  296     296        1  1469.98    0.00    1.95   10.60    9.54    4.76   14.00
  297     297        1  1479.98    0.00    1.96    3.65    7.13    5.03   13.87
  298     298        1  1489.97    0.00    1.97    0.89    2.27    4.88   13.66
  299     299        1  1499.97    0.00    1.99    7.93    4.41    6.31   13.50
  300     300        1  1509.97    0.00    2.00   10.50    9.22    6.71   13.42
  301     301        1  1519.97    0.00    2.01    9.36    9.93    6.47   13.34
  302     302        1  1529.97    0.00    2.03    7.71    8.54    7.28   13.25
  303     303        1  1539.97    0.00    2.04    5.48    6.60    8.20   13.14
  304     304        1  1549.97    0.00    2.05    1.63    3.56    6.94   12.99
  305     305        1  1559.97    0.00    2.07    5.27    3.45    5.89   12.83
  306     306        1  1569.97    0.00    2.08    9.44    7.36    5.91   12.73
  307     307        1  1579.97    0.00    2.09   12.80   11.12    6.92   12.69
  308     308        1  1589.96    0.00    2.11    9.79   11.30    7.79   12.65
  309     309        1  1599.96    0.00    2.12    5.61    7.70    8.58   12.58
  310     310        1  1609.96    0.00    2.13    7.16    6.39    8.96   12.49
  311     311        1  1619.96    0.00    2.15    7.95    7.56    8.66   12.41
  312     312        1  1629.96    0.00    2.16    7.95    7.95    7.69   12.34
  313     313        1  1639.96    0.00    2.17    6.25    7.10    6.98   12.26
  314     314        1  1649.96    0.00    2.19    5.05    5.65    6.87   12.16
  315     315        1  1659.96    0.00    2.20    3.98    4.52    6.24   12.04
  316     316        1  1669.96    0.00    2.21    6.07    5.03    5.86   11.92
  317     317        1  1679.96    0.00    2.23    5.30    5.69    5.33   11.82
  318     318        1  1689.95    0.00    2.24    6.58    5.94    5.40   11.72
  319     319        1  1699.95    0.00    2.25    7.00    6.79    5.79   11.63
  320     320        1  1709.95    0.00    2.27    7.63    7.32    6.52   11.56
  321     321        1  1719.95    0.00    2.28    9.99    8.81    7.30   11.51
  322     322        1  1729.95    0.00    2.29    8.66    9.33    7.97   11.47
  323     323        1  1739.95    0.00    2.31   11.50   10.08    8.96   11.45
  324     324        1  1749.95    0.00    2.32    5.96    8.73    8.75   11.40
  325     325        1  1759.95    0.00    2.33   -0.44    2.76    7.13   11.28
  326     326        1  1769.95    0.00    2.35    1.90    0.73    5.52   11.13
  327     327        1  1779.95    0.00    2.36    5.53    3.72    4.89   11.02
  328     328        1  1789.95    0.00    2.37    2.80    4.17    3.15   10.92
  329     329        1  1799.94    0.00    2.38    2.16    2.48    2.39   10.79
  330     330        1  1809.94    0.00    2.40    7.45    4.81    3.97   10.69
  331     331        1  1819.94    0.00    2.41    5.18    6.32    4.62   10.61
  332     332        1  1829.94    0.00    2.42   -1.01    2.09    3.32   10.49
  333     333        1  1839.94    0.00    2.44    0.30   -0.36    2.82   10.33
  334     334        1  1849.94    0.00    2.45   -1.28   -0.49    2.13   10.17
  335     335        1  1859.94    0.00    2.46   -0.82   -1.05    0.47   10.01
  336     336        1  1869.94    0.00    2.48    1.63    0.41   -0.24    9.86
  337     337        1  1879.94    0.00    2.49    1.42    1.53    0.25    9.73
  338     338        1  1889.94    0.00    2.50    2.42    1.92    0.67    9.61
  339     339        1  1899.93    0.00    2.52    3.24    2.83    1.58    9.50
  340     340        1  1909.93    0.00    2.53    5.76    4.50    2.89    9.42
  341     341        1  1919.93    0.00    2.54    7.10    6.43    3.99    9.37
  342     342        1  1929.93    0.00    2.56    4.73    5.92    4.65    9.31
  343     343        1  1939.93    0.00    2.57    2.77    3.75    4.72    9.23
  344     344        1  1949.93    0.00    2.58    1.98    2.38    4.47    9.14
  345     345        1  1959.93    0.00    2.60    1.87    1.93    3.69    9.04
  346     346        1  1969.93    0.00    2.61    1.66    1.77    2.60    8.93
  347     347        1  1979.93    0.00    2.62    4.28    2.97    2.51    8.85
  348     348        1  1989.93    0.00    2.64    2.65    3.47    2.49    8.76
  349     349        1  1999.92    0.00    2.65    0.75    1.70    2.24    8.66
  350     350        1  2009.92    0.00    2.66    5.41    3.08    2.95    8.58
  351     351        1  2019.92    0.00    2.68    4.84    5.13    3.59    8.53
  352     352        1  2029.92    0.00    2.69    3.28    4.06    3.39    8.46
  353     353        1  2039.92    0.00    2.70    4.60    3.94    3.78    8.40
  354     354        1  2049.92    0.00    2.72    6.02    5.31    4.83    8.35
  355     355        1  2059.92    0.00    2.73    5.60    5.81    4.87    8.32
  356     356        1  2069.92    0.00    2.74    6.16    5.88    5.13    8.28
  357     357        1  2079.93    0.00    2.76    4.42    5.29    5.36    8.24
  358     358        1  2089.93    0.00    2.77    2.92    3.67    5.02    8.18
  359     359        1  2099.93    0.00    2.78   -1.91    0.51    3.44    8.09
  360     360        1  2109.93    0.00    2.80   -0.83   -1.37    2.15    7.97
  361     361        1  2119.93    0.00    2.81   -3.49   -2.16    0.22    7.84
  362     362        1  2129.94    0.00    2.82    3.25   -0.12   -0.01    7.73
  363     363        1  2139.94    0.00    2.84    3.42    3.34    0.09    7.67
  364     364        1  2149.94    0.00    2.85    3.88    3.65    1.25    7.60
  365     365        1  2159.94    0.00    2.86    1.42    2.65    1.70    7.53
  366       1        2  2169.94    0.00    2.87    0.13    0.78    2.42    7.45
  367       2        2  2179.95    0.00    2.89    0.63    0.38    1.90    7.36
  368       3        2  2189.95    0.00    2.90   -0.76   -0.06    1.06    7.26
  369       4        2  2199.95    0.00    2.91   -0.13   -0.45    0.26    7.16
  370       5        2  2209.95    0.00    2.93   -0.56   -0.35   -0.14    7.07
  371       6        2  2219.95    0.00    2.94   -1.87   -1.21   -0.54    6.96
  372       7        2  2229.96    0.00    2.95   -0.74   -1.31   -0.81    6.86
  373       8        2  2239.96    0.00    2.97   -0.19   -0.46   -0.70    6.76
  374       9        2  2249.96    0.00    2.98   -2.27   -1.23   -1.13    6.66
  375      10        2  2259.96    0.00    2.99   -1.53   -1.90   -1.32    6.55
  376      11        2  2269.96    0.00    3.01   -1.90   -1.71   -1.33    6.45
  377      12        2  2279.97    0.00    3.02   -3.19   -2.55   -1.82    6.34
  378      13        2  2289.97    0.00    3.03   -3.35   -3.27   -2.45    6.22
  379      14        2  2299.97    0.00    3.05   -4.47   -3.91   -2.89    6.09
  380      15        2  2309.97    0.00    3.06  -10.20   -7.34   -4.62    5.93
  381      16        2  2319.97    0.00    3.07   -3.91   -7.06   -5.02    5.78
  382      17        2  2329.98    0.00    3.09   -3.05   -3.48   -5.00    5.66
  383      18        2  2339.98    0.00    3.10   -1.67   -2.36   -4.66    5.55
  384      19        2  2349.98    0.00    3.11   -1.51   -1.59   -4.07    5.46
  385      20        2  2359.98    0.00    3.13    0.34   -0.58   -1.96    5.38
  386      21        2  2369.98    0.00    3.14    2.02    1.18   -0.77    5.32
  387      22        2  2379.98    0.00    3.15    1.96    1.99    0.23    5.27
  388      23        2  2389.99    0.00    3.17    3.00    2.48    1.16    5.24
  389      24        2  2399.99    0.00    3.18   -1.90    0.55    1.08    5.19
  390      25        2  2409.99    0.00    3.19   -0.95   -1.43    0.83    5.11
  391      26        2  2419.99    0.00    3.21   -3.49   -2.22   -0.28    5.03
  392      27        2  2429.99    0.00    3.22   -7.17   -5.33   -2.10    4.91
  393      28        2  2440.00    0.00    3.23   -4.99   -6.08   -3.70    4.79
  394      29        2  2450.00    0.00    3.25   -4.31   -4.65   -4.18    4.68
  395      30        2  2460.00    0.00    3.26  -12.10   -8.21   -6.41    4.53
  396      31        2  2470.00    0.00    3.27  -14.30  -13.20   -8.57    4.34
  397      32        2  2480.00    0.00    3.29  -11.20  -12.75   -9.38    4.15
  398      33        2  2490.01    0.00    3.30   -7.32   -9.26   -9.85    3.99
  399      34        2  2500.01    0.00    3.31   -7.08   -7.20  -10.40    3.86
  400      35        2  2510.01    0.00    3.33   -9.35   -8.22   -9.85    3.71
  401      36        2  2520.01    0.00    3.34  -10.90  -10.12   -9.17    3.56
  402      37        2  2530.01    0.00    3.35  -10.50  -10.70   -9.03    3.40
  403      38        2  2540.02    0.00    3.37  -14.30  -12.40  -10.43    3.22
  404      39        2  2550.02    0.00    3.38  -12.80  -13.55  -11.57    3.04
  405      40        2  2560.02    0.00    3.39  -17.20  -15.00  -13.14    2.84
  406      41        2  2570.02    0.00    3.41  -15.40  -16.30  -14.04    2.64
  407      42        2  2580.02    0.00    3.42  -14.20  -14.80  -14.78    2.44
  408      43        2  2590.03    0.00    3.43  -11.40  -12.80  -14.20    2.27
  409      44        2  2600.03    0.00    3.44   -9.19  -10.29  -13.48    2.13
  410      45        2  2610.03    0.00    3.46   -4.32   -6.75  -10.90    2.02
  411      46        2  2620.03    0.00    3.47  -10.40   -7.36   -9.90    1.92
  412      47        2  2630.03    0.00    3.48   -9.96  -10.18   -9.05    1.79
  413      48        2  2640.04    0.00    3.50   -4.58   -7.27   -7.69    1.69
  414      49        2  2650.04    0.00    3.51   -4.90   -4.74   -6.83    1.62
  415      50        2  2660.04    0.00    3.52    0.31   -2.30   -5.91    1.57
  416      51        2  2670.04    0.00    3.54    2.10    1.20   -3.41    1.56
  417      52        2  2680.04    0.00    3.55    3.37    2.74   -0.74    1.57
  418      53        2  2690.05    0.00    3.56    2.15    2.76    0.61    1.58
  419      54        2  2700.05    0.00    3.58    2.42    2.29    2.07    1.59
  420      55        2  2710.05    0.00    3.59    5.28    3.85    3.06    1.61
  421      56        2  2720.05    0.00    3.60    8.64    6.96    4.37    1.67
  422      57        2  2730.05    0.00    3.62    5.76    7.20    4.85    1.73
  423      58        2  2740.06    0.00    3.63    2.15    3.96    4.85    1.77
  424      59        2  2750.06    0.00    3.64    3.62    2.89    5.09    1.79
  425      60        2    10.00    0.00    0.01    3.07    3.35    4.65    4.45
  426      61        2    20.00    0.00    0.03    3.08    3.08    3.54    4.63
  427      62        2    30.00    0.00    0.04    2.35    2.72    2.85    4.40
  428      63        2    40.00    0.00    0.05   -1.00    0.68    2.22    3.15
  429      64        2    50.00    0.00    0.07   -3.36   -2.18    0.83    1.55
  430      65        2    60.00    0.00    0.08    1.65   -0.85    0.54    1.16
  431      66        2    70.00    0.00    0.09   -0.44    0.60   -0.16    1.19
  432      67        2    80.00    0.00    0.11   -0.88   -0.66   -0.81    1.06
  433      68        2    90.00    0.00    0.12   -1.76   -1.32   -0.96    0.73
  434      69        2   100.00    0.83    0.13   -5.37   -3.56   -1.36    0.08
  435      70        2   110.00    1.23    0.15   -1.65   -3.51   -2.02    0.00
  436      71        2   120.00    0.72    0.16    1.73    0.04   -1.58    0.00
  437      72        2   130.00    0.00    0.17    3.08    2.41   -0.79    0.04
  438      73        2   140.00    0.00    0.19    1.80    2.44   -0.08    0.38
  439      74        2   150.00    0.00    0.20    1.88    1.84    1.37    0.79
  440      75        2   160.00    0.00    0.21    0.96    1.42    1.89    1.14
  441      76        2   170.00    0.00    0.23   -0.37    0.30    1.47    1.24
  442      77        2   180.00    0.00    0.24   -1.41   -0.89    0.57    1.13
  443      78        2   190.00    0.00    0.25   -2.34   -1.87   -0.26    0.98
  444      79        2   200.00    0.00    0.26    2.65    0.16   -0.10    1.07
  445      80        2   210.00    0.00    0.28    3.33    2.99    0.37    1.43
  446      81        2   220.00    0.00    0.29    4.03    3.68    1.25    1.83
  447      82        2   230.00    0.00    0.30    6.68    5.36    2.87    2.39
  448      83        2   240.00    0.00    0.32    7.06    6.87    4.75    3.03
  449      84        2   250.00    0.00    0.33    6.62    6.84    5.54    3.60
  450      85        2   260.00    0.00    0.34    6.45    6.54    6.17    4.08
  451      86        2   270.00    0.00    0.36    7.14    6.80    6.79    4.52
  452      87        2   280.00    0.00    0.37    4.45    5.80    6.34    4.76
  453      88        2   290.00    0.00    0.38    8.21    6.33    6.57    4.97
  454      89        2   300.00    0.00    0.40   10.80    9.51    7.41    5.41
  455      90        2   310.00    0.00    0.41    5.88    8.34    7.30    5.72
  456      91        2   320.00    0.00    0.42    3.55    4.72    6.58    5.81
  457      92        2   330.00    0.00    0.44    3.70    3.63    6.43    5.85
  458      93        2   340.00    0.00    0.45    5.08    4.39    5.80    5.93
  459      94        2   350.00    0.00    0.46    6.60    5.84    4.96    6.12
  460      95        2   360.00    0.00    0.48    2.11    4.36    4.21    6.14
  461      96        2   370.00    0.00    0.49    3.40    2.76    4.18    6.06
  462      97        2   380.00    0.00    0.50    3.07    3.24    4.05    6.02
  463      98        2   390.00    0.00    0.52    1.28    2.18    3.29    5.95
  464      99        2   400.00    0.00    0.53    4.12    2.70    2.80    5.88
  465     100        2   410.00    0.00    0.54    4.18    4.15    3.21    5.91
  466     101        2   420.00    0.00    0.56    3.23    3.71    3.18    5.92
  467     102        2   430.00    0.00    0.57    2.96    3.10    3.15    5.84
  468     103        2   440.00    0.00    0.58    2.29    2.63    3.36    5.73
  469     104        2   450.00    0.00    0.60    1.39    1.84    2.81    5.65
  470     105        2   460.00    0.00    0.61    2.40    1.90    2.45    5.62
  471     106        2   470.00    0.00    0.62    4.49    3.45    2.71    5.67
  472     107        2   480.00    0.00    0.64    6.48    5.49    3.41    5.82
  473     108        2   490.00    0.00    0.65    6.48    6.48    4.25    6.01
  474     109        2   500.00    0.00    0.66    6.22    6.35    5.21    6.20
  475     110        2   510.00    0.00    0.68    7.10    6.66    6.15    6.40
  476     111        2   520.00    0.00    0.69    7.52    7.31    6.76    6.60
  477     112        2   530.00    0.00    0.70    1.53    4.53    5.77    6.59
  478     113        2   540.00    0.00    0.72    3.52    2.53    5.18    6.49
  479     114        2   550.00    0.00    0.73    1.88    2.70    4.31    6.42
  480     115        2   560.00    0.00    0.74    0.99    1.43    3.09    6.28
  481     116        2   570.00    0.00    0.76    1.74    1.36    1.93    6.13
  482     117        2   580.00    0.00    0.77    2.71    2.23    2.17    6.05
  483     118        2   590.00    0.00    0.78    3.22    2.97    2.11    6.02
  484     119        2   600.00    0.00    0.79    3.48    3.35    2.43    6.00
  485     120        2   610.00    0.00    0.81    3.42    3.45    2.91    6.01
  486     121        2   620.00    0.00    0.82    3.76    3.59    3.32    6.03
  487     122        2   630.00    0.00    0.83    6.16    4.96    4.01    6.08
  488     123        2   640.00    0.00    0.85    5.55    5.86    4.47    6.17
  489     124        2   650.00    0.00    0.86    6.52    6.04    5.08    6.27
  490     125        2   660.00    0.00    0.87    3.37    4.95    5.07    6.28
  491     126        2   670.00    0.00    0.89    3.10    3.24    4.94    6.21
  492     127        2   680.00    0.00    0.90    3.17    3.14    4.34    6.16
  493     128        2   690.00    0.00    0.91    6.07    4.62    4.45    6.21
  494     129        2   700.00    0.00    0.93    5.90    5.99    4.32    6.28
  495     130        2   710.00    0.00    0.94   12.50    9.20    6.15    6.42
  496     131        2   720.01    0.00    0.95   15.40   13.95    8.61    6.75
  497     132        2   730.01    0.00    0.97   15.60   15.50   11.09    7.17
  498     133        2   740.01    0.00    0.98   17.60   16.60   13.40    7.63
  499     134        2   750.01    0.00    0.99   13.00   15.30   14.82    8.01
  500     135        2   760.01    0.00    1.01    9.62   11.31   14.24    8.21
  501     136        2   770.01    0.00    1.02   10.90   10.26   13.34    8.36
  502     137        2   780.01    0.00    1.03   10.90   10.90   12.40    8.52
  503     138        2   790.01    0.00    1.05   11.50   11.20   11.18    8.70
  504     139        2   800.01    0.00    1.06   12.50   12.00   11.08    8.92
  505     140        2   810.01    0.00    1.07   12.50   12.50   11.66    9.16
  506     141        2   820.01    0.00    1.09    9.93   11.22   11.47    9.33
  507     142        2   830.01    0.00    1.10   11.20   10.57   11.53    9.47
  508     143        2   840.01    0.00    1.11    8.07    9.64   10.84    9.56
  509     144        2   850.01    0.00    1.13    8.70    8.39   10.08    9.58
  510     145        2   860.01    0.00    1.14   11.80   10.25    9.94    9.67
  511     146        2   870.01    0.00    1.15    9.02   10.41    9.76    9.74
  512     147        2   880.01    0.00    1.17    6.45    7.74    8.81    9.70
  513     148        2   890.01    0.00    1.18   11.30    8.88    9.45    9.76
  514     149        2   900.01    0.00    1.19   12.10   11.70   10.13    9.94
  515     150        2    10.00    0.00    0.01   13.60   12.85   10.49   17.57
  516     151        2    20.00    0.00    0.03   13.60   13.60   11.41   16.42
  517     152        2    30.00    0.00    0.04   13.00   13.30   12.72   16.48
  518     153        2    40.00    0.00    0.05   14.90   13.95   13.44   17.23
  519     154        2    50.00    0.00    0.07   15.40   15.15   14.10   18.01
  520     155        2    60.00    0.00    0.08   15.90   15.65   14.56   18.68
  521     156        2    70.00    0.00    0.09   18.00   16.95   15.44   19.51
  522     157        2    80.00    0.00    0.11   18.80   18.40   16.60   20.37
  523     158        2    90.00    0.00    0.12   19.10   18.95   17.44   20.89
  524     159        2   100.00    0.00    0.13   17.40   18.25   17.84   20.86
  525     160        2   110.00    0.00    0.15   17.30   17.35   18.12   20.67
  526     161        2   120.00    0.00    0.16   18.40   17.85   18.20   20.88
  527     162        2   130.00    0.00    0.17   19.40   18.90   18.32   21.29
  528     163        2   140.00    0.00    0.19   15.70   17.55   17.64   21.13
  529     164        2   150.00    0.00    0.20   14.90   15.30   17.14   20.78
  530     165        2   160.00    0.00    0.21   15.40   15.15   16.76   20.54
  531     166        2   170.00    0.00    0.23   13.00   14.20   15.68   19.84
  532     167        2   180.00    0.00    0.24   18.30   15.65   15.46   19.58
  533     168        2   190.00    0.00    0.25   16.40   17.35   15.60   19.56
  534     169        2   200.00    0.00    0.26   13.30   14.85   15.28   19.09
  535     170        2   210.00    0.00    0.28   17.60   15.45   15.72   19.01
  536     171        2   220.00    0.00    0.29   20.40   19.00   17.20   19.49
  537     172        2   230.00    0.00    0.30   20.60   20.50   17.66   20.04
  538     173        2   240.00    0.00    0.32   19.30   19.95   18.24   20.47
  539     174        2   250.00    0.00    0.33   17.60   18.45   19.10   20.75
  540     175        2   260.00    0.00    0.34   19.10   18.35   19.40   20.98
  541     176        2   270.00    0.00    0.36   22.50   20.80   19.82   21.38
  542     177        2   280.00    0.00    0.37   23.50   23.00   20.40   21.91
  543     178        2   290.00    0.00    0.38   23.10   23.30   21.16   22.40
  544     179        2   300.00    0.00    0.40   23.20   23.15   22.28   22.83
  545     180        2   310.00    0.00    0.41   22.70   22.95   23.00   23.15
  546     181        2   320.00    0.00    0.42   19.80   21.25   22.46   23.27
  547     182        2   330.00    0.00    0.44   15.60   17.70   20.88   23.09
  548     183        2   340.00    0.00    0.45   15.70   15.65   19.40   22.79
  549     184        2   350.00    0.00    0.46   15.50   15.60   17.86   22.51
  550     185        2   360.00    0.00    0.48   15.40   15.45   16.40   22.27
  551     186        2   370.00    0.00    0.49   13.60   14.50   15.16   21.95
  552     187        2   380.00    0.00    0.50   14.50   14.05   14.94   21.50
  553     188        2   390.00    0.00    0.52   14.30   14.40   14.66   21.13
  554     189        2   400.00    0.00    0.53   14.70   14.50   14.50   20.87
  555     190        2   410.00    0.00    0.54   11.90   13.30   13.80   20.60
  556     191        2   420.00    0.00    0.56   14.60   13.25   14.00   20.38
  557     192        2   430.00    0.00    0.57   12.90   13.75   13.68   20.16
  558     193        2   440.00    0.00    0.58   14.20   13.55   13.66   19.91
  559     194        2   450.00    0.00    0.60   13.30   13.75   13.38   19.71
  560     195        2   460.00    0.00    0.61   13.50   13.40   13.70   19.53
  561     196        2   470.00    0.00    0.62   16.00   14.75   13.98   19.43
  562     197        2   480.00    0.00    0.64   16.20   16.10   14.64   19.37
  563     198        2   490.00    0.00    0.65   17.30   16.75   15.26   19.37
  564     199        2   500.00    0.00    0.66   20.00   18.65   16.60   19.52
  565     200        2   510.00    0.00    0.68   19.50   19.75   17.80   19.70
  566     201        2   520.00    0.00    0.69   20.50   20.00   18.70   19.87
  567     202        2   530.00    0.00    0.70   19.50   20.00   19.36   20.00
  568     203        2   540.00    0.00    0.72   13.90   16.70   18.68   19.95
  569     204        2   550.00    0.00    0.73   14.30   14.10   17.54   19.86
  570     205        2   560.00    0.00    0.74   12.80   13.55   16.20   19.77
  571     206        2   570.00    0.00    0.76   14.40   13.60   14.98   19.66
  572     207        2   580.00    0.00    0.77   15.20   14.80   14.12   19.60
  573     208        2   590.00    0.00    0.78   17.20   16.20   14.78   19.59
  574     209        2   600.00    0.00    0.79   18.80   18.00   15.68   19.66
  575     210        2   610.00    0.00    0.81   16.10   17.45   16.34   19.66
  576     211        2   620.00    0.00    0.82   15.60   15.85   16.58   19.59
  577     212        2   630.00    0.00    0.83   16.00   15.80   16.74   19.54
  578     213        2   640.00    0.00    0.85   16.90   16.45   16.68   19.51
  579     214        2   650.00    0.00    0.86   18.10   17.50   16.54   19.56
  580     215        2   660.00    0.00    0.87   19.10   18.60   17.14   19.64
  581     216        2   670.00    0.00    0.89   17.50   18.30   17.52   19.68
  582     217        2   680.00    0.00    0.90   15.90   16.70   17.50   19.69
  583     218        2   690.00    0.00    0.91   15.60   15.75   17.24   19.66
  584     219        2   700.00    0.00    0.93   19.70   17.65   17.56   19.69
  585     220        2   710.00    0.00    0.94   21.70   20.70   18.08   19.82
  586     221        2   720.01    0.00    0.95   22.70   22.20   19.12   20.02
  587     222        2   730.01    0.00    0.97   18.30   20.50   19.60   20.16
  588     223        2   740.01    0.00    0.98   15.80   17.05   19.64   20.20
  589     224        2   750.01    0.00    0.99   14.90   15.35   18.68   20.19
  590     225        2   760.01    0.00    1.01   19.20   17.05   18.18   20.21
  591     226        2   770.01    0.00    1.02   18.60   18.90   17.36   20.27
  592     227        2   780.01    0.00    1.03   20.30   19.45   17.76   20.33
  593     228        2   790.01    0.00    1.05   21.90   21.10   18.98   20.45
  594     229        2   800.01    0.00    1.06   20.30   21.10   20.06   20.58
  595     230        2   810.01    0.00    1.07   19.90   20.10   20.20   20.67
  596     231        2   820.01    0.00    1.09   20.80   20.35   20.64   20.76
  597     232        2   830.01    0.00    1.10   20.90   20.85   20.76   20.86
  598     233        2   840.01    0.00    1.11   19.40   20.15   20.26   20.93
  599     234        2   850.01    0.00    1.13   19.80   19.60   20.16   20.96
  600     235        2   860.01    0.00    1.14   20.60   20.20   20.30   21.00
  601     236        2   870.01    0.00    1.15   18.30   19.45   19.80   21.01
  602     237        2   880.01    0.00    1.17   15.90   17.10   18.80   20.96
  603     238        2   890.01    0.00    1.18   13.20   14.55   17.56   20.86
  604     239        2   900.01    0.00    1.19   13.00   13.10   16.20   20.73
  605     240        2   910.01    0.00    1.21   12.40   12.70   14.56   20.57
  606     241        2   920.01    0.00    1.22   12.10   12.25   13.32   20.39
  607     242        2   930.02    0.00    1.23   12.40   12.25   12.62   20.19
  608     243        2   940.02    0.00    1.25   13.70   13.05   12.72   20.02
  609     244        2   950.02    0.00    1.26   10.80   12.25   12.28   19.84
  610     245        2   960.02    0.00    1.27   13.40   12.10   12.48   19.69
  611     246        2   970.02    0.00    1.29   11.50   12.45   12.36   19.54
  612     247        2   980.02    0.00    1.30   15.90   13.70   13.06   19.40
  613     248        2   990.02    0.00    1.31   15.60   15.75   13.44   19.31
  614     249        2  1000.02    0.00    1.32   14.40   15.00   14.16   19.24
  615     250        2  1010.02    0.00    1.34   12.70   13.55   14.02   19.15
  616     251        2  1020.02    0.00    1.35   12.20   12.45   14.16   19.04
  617     252        2  1030.02    0.00    1.36   14.10   13.15   13.80   18.94
  618     253        2  1040.02    0.00    1.38   13.00   13.55   13.28   18.83
  619     254        2  1050.02    0.00    1.39   10.50   11.75   12.50   18.70
  620     255        2  1060.02    0.00    1.40   10.90   10.70   12.14   18.56
  621     256        2  1070.02    0.00    1.42   13.20   12.05   12.34   18.43
  622     257        2  1080.01    0.00    1.43   12.90   13.05   12.10   18.32
  623     258        2  1090.01    0.00    1.44   14.70   13.80   12.44   18.24
  624     259        2  1100.01    0.00    1.46   13.70   14.20   13.08   18.15
  625     260        2  1110.01    0.00    1.47   12.90   13.30   13.48   18.04
  626     261        2  1120.01    0.00    1.48    9.51   11.21   12.74   17.92
  627     262        2  1130.01    0.00    1.50   11.10   10.31   12.38   17.79
  628     263        2  1140.01    0.00    1.51    8.37    9.74   11.12   17.66
  629     264        2  1150.01    0.00    1.52    8.07    8.22    9.99   17.48
  630     265        2  1160.01    0.00    1.54   13.40   10.74   10.09   17.34
  631     266        2  1170.01    0.00    1.55   13.40   13.40   10.87   17.27
  632     267        2  1180.00    0.00    1.56   12.90   13.15   11.23   17.20
  633     268        2  1190.00    0.00    1.58   14.40   13.65   12.43   17.15
  634     269        2  1200.00    0.00    1.59   12.20   13.30   13.26   17.09
  635     270        2  1210.00    0.00    1.60   14.30   13.25   13.44   17.03
  636     271        2  1220.00    0.00    1.62   12.70   13.50   13.30   16.96
  637     272        2  1230.00    0.00    1.63   12.20   12.45   13.16   16.87
  638     273        2  1240.00    0.00    1.64   12.90   12.55   12.86   16.78
  639     274        2  1250.00    0.00    1.66   13.20   13.05   13.06   16.71
  640     275        2  1260.00    0.00    1.67   11.70   12.45   12.54   16.64
  641     276        2  1270.00    0.00    1.68   13.10   12.40   12.62   16.57
  642     277        2  1279.99    0.00    1.70   12.70   12.90   12.72   16.51
  643     278        2  1289.99    0.00    1.71   13.70   13.20   12.88   16.44
  644     279        2  1299.99    0.00    1.72   14.10   13.90   13.06   16.40
  645     280        2  1309.99    0.00    1.74   12.90   13.50   13.30   16.35
  646     281        2  1319.99    0.00    1.75   13.10   13.00   13.30   16.29
  647     282        2  1329.99    0.00    1.76   12.10   12.60   13.18   16.24
  648     283        2  1339.99    0.00    1.78   10.30   11.20   12.50   16.15
  649     284        2  1349.99    0.00    1.79    8.55    9.43   11.39   16.04
  650     285        2  1359.99    0.00    1.80    7.65    8.10   10.34   15.90
  651     286        2  1369.99    0.00    1.82    7.19    7.42    9.16   15.75
  652     287        2  1379.99    0.00    1.83    6.15    6.67    7.97   15.58
  653     288        2  1389.98    0.00    1.84    6.31    6.23    7.17   15.41
  654     289        2  1399.98    0.00    1.85    6.52    6.42    6.76   15.25
  655     290        2  1409.98    0.00    1.87    5.62    6.07    6.36   15.08
  656     291        2  1419.98    0.00    1.88    6.54    6.08    6.23   14.92
  657     292        2  1429.98    0.00    1.89    2.31    4.43    5.46   14.74
  658     293        2  1439.98    0.00    1.91    1.62    1.97    4.52   14.52
  659     294        2  1449.98    0.00    1.92    0.80    1.21    3.38   14.29
  660     295        2  1459.98    0.00    1.93    8.47    4.64    3.95   14.11
  661     296        2  1469.98    0.00    1.95   10.60    9.54    4.76   14.00
  662     297        2  1479.98    0.00    1.96    3.65    7.13    5.03   13.87
  663     298        2  1489.97    0.00    1.97    0.89    2.27    4.88   13.66
  664     299        2  1499.97    0.00    1.99    7.93    4.41    6.31   13.50
  665     300        2  1509.97    0.00    2.00   10.50    9.22    6.71   13.42
  666     301        2  1519.97    0.00    2.01    9.36    9.93    6.47   13.34
  667     302        2  1529.97    0.00    2.03    7.71    8.54    7.28   13.25
  668     303        2  1539.97    0.00    2.04    5.48    6.60    8.20   13.14
  669     304        2  1549.97    0.00    2.05    1.63    3.56    6.94   12.99
  670     305        2  1559.97    0.00    2.07    5.27    3.45    5.89   12.83
  671     306        2  1569.97    0.00    2.08    9.44    7.36    5.91   12.73
  672     307        2  1579.97    0.00    2.09   12.80   11.12    6.92   12.69
  673     308        2  1589.96    0.00    2.11    9.79   11.30    7.79   12.65
  674     309        2  1599.96    0.00    2.12    5.61    7.70    8.58   12.58
  675     310        2  1609.96    0.00    2.13    7.16    6.39    8.96   12.49
  676     311        2  1619.96    0.00    2.15    7.95    7.56    8.66   12.41
  677     312        2  1629.96    0.00    2.16    7.95    7.95    7.69   12.34
  678     313        2  1639.96    0.00    2.17    6.25    7.10    6.98   12.26
  679     314        2  1649.96    0.00    2.19    5.05    5.65    6.87   12.16
  680     315        2  1659.96    0.00    2.20    3.98    4.52    6.24   12.04
  681     316        2  1669.96    0.00    2.21    6.07    5.03    5.86   11.92
  682     317        2  1679.96    0.00    2.23    5.30    5.69    5.33   11.82
  683     318        2  1689.95    0.00    2.24    6.58    5.94    5.40   11.72
  684     319        2  1699.95    0.00    2.25    7.00    6.79    5.79   11.63
  685     320        2  1709.95    0.00    2.27    7.63    7.32    6.52   11.56
  686     321        2  1719.95    0.00    2.28    9.99    8.81    7.30   11.51
  687     322        2  1729.95    0.00    2.29    8.66    9.33    7.97   11.47
  688     323        2  1739.95    0.00    2.31   11.50   10.08    8.96   11.45
  689     324        2  1749.95    0.00    2.32    5.96    8.73    8.75   11.40
  690     325        2  1759.95    0.00    2.33   -0.44    2.76    7.13   11.28
  691     326        2  1769.95    0.00    2.35    1.90    0.73    5.52   11.13
  692     327        2  1779.95    0.00    2.36    5.53    3.72    4.89   11.02
  693     328        2  1789.95    0.00    2.37    2.80    4.17    3.15   10.92
  694     329        2  1799.94    0.00    2.38    2.16    2.48    2.39   10.79
  695     330        2  1809.94    0.00    2.40    7.45    4.81    3.97   10.69
  696     331        2  1819.94    0.00    2.41    5.18    6.32    4.62   10.61
  697     332        2  1829.94    0.00    2.42   -1.01    2.09    3.32   10.49
  698     333        2  1839.94    0.00    2.44    0.30   -0.36    2.82   10.33
  699     334        2  1849.94    0.00    2.45   -1.28   -0.49    2.13   10.17
  700     335        2  1859.94    0.00    2.46   -0.82   -1.05    0.47   10.01
  701     336        2  1869.94    0.00    2.48    1.63    0.41   -0.24    9.86
  702     337        2  1879.94    0.00    2.49    1.42    1.53    0.25    9.73
  703     338        2  1889.94    0.00    2.50    2.42    1.92    0.67    9.61
  704     339        2  1899.93    0.00    2.52    3.24    2.83    1.58    9.50
  705     340        2  1909.93    0.00    2.53    5.76    4.50    2.89    9.42
  706     341        2  1919.93    0.00    2.54    7.10    6.43    3.99    9.37
  707     342        2  1929.93    0.00    2.56    4.73    5.92    4.65    9.31
  708     343        2  1939.93    0.00    2.57    2.77    3.75    4.72    9.23
  709     344        2  1949.93    0.00    2.58    1.98    2.38    4.47    9.14
  710     345        2  1959.93    0.00    2.60    1.87    1.93    3.69    9.04
  711     346        2  1969.93    0.00    2.61    1.66    1.77    2.60    8.93
  712     347        2  1979.93    0.00    2.62    4.28    2.97    2.51    8.85
  713     348        2  1989.93    0.00    2.64    2.65    3.47    2.49    8.76
  714     349        2  1999.92    0.00    2.65    0.75    1.70    2.24    8.66
  715     350        2  2009.92    0.00    2.66    5.41    3.08    2.95    8.58
  716     351        2  2019.92    0.00    2.68    4.84    5.13    3.59    8.53
  717     352        2  2029.92    0.00    2.69    3.28    4.06    3.39    8.46
  718     353        2  2039.92    0.00    2.70    4.60    3.94    3.78    8.40
  719     354        2  2049.92    0.00    2.72    6.02    5.31    4.83    8.35
  720     355        2  2059.92    0.00    2.73    5.60    5.81    4.87    8.32
  721     356        2  2069.92    0.00    2.74    6.16    5.88    5.13    8.28
  722     357        2  2079.93    0.00    2.76    4.42    5.29    5.36    8.24
  723     358        2  2089.93    0.00    2.77    2.92    3.67    5.02    8.18
  724     359        2  2099.93    0.00    2.78   -1.91    0.51    3.44    8.09
  725     360        2  2109.93    0.00    2.80   -0.83   -1.37    2.15    7.97
  726     361        2  2119.93    0.00    2.81   -3.49   -2.16    0.22    7.84
  727     362        2  2129.94    0.00    2.82    3.25   -0.12   -0.01    7.73
  728     363        2  2139.94    0.00    2.84    3.42    3.34    0.09    7.67
  729     364        2  2149.94    0.00    2.85    3.88    3.65    1.25    7.60
  730     365        2  2159.94    0.00    2.86    1.42    2.65    1.70    7.53
  731       1        3  2169.94    0.00    2.87    0.13    0.78    2.42    7.45
  732       2        3  2179.95    0.00    2.89    0.63    0.38    1.90    7.36
  733       3        3  2189.95    0.00    2.90   -0.76   -0.06    1.06    7.26
  734       4        3  2199.95    0.00    2.91   -0.13   -0.45    0.26    7.16
  735       5        3  2209.95    0.00    2.93   -0.56   -0.35   -0.14    7.07
  736       6        3  2219.95    0.00    2.94   -1.87   -1.21   -0.54    6.96
  737       7        3  2229.96    0.00    2.95   -0.74   -1.31   -0.81    6.86
  738       8        3  2239.96    0.00    2.97   -0.19   -0.46   -0.70    6.76
  739       9        3  2249.96    0.00    2.98   -2.27   -1.23   -1.13    6.66
  740      10        3  2259.96    0.00    2.99   -1.53   -1.90   -1.32    6.55
  741      11        3  2269.96    0.00    3.01   -1.90   -1.71   -1.33    6.45
  742      12        3  2279.97    0.00    3.02   -3.19   -2.55   -1.82    6.34
  743      13        3  2289.97    0.00    3.03   -3.35   -3.27   -2.45    6.22
  744      14        3  2299.97    0.00    3.05   -4.47   -3.91   -2.89    6.09
  745      15        3  2309.97    0.00    3.06  -10.20   -7.34   -4.62    5.93
  746      16        3  2319.97    0.00    3.07   -3.91   -7.06   -5.02    5.78
  747      17        3  2329.98    0.00    3.09   -3.05   -3.48   -5.00    5.66
  748      18        3  2339.98    0.00    3.10   -1.67   -2.36   -4.66    5.55
  749      19        3  2349.98    0.00    3.11   -1.51   -1.59   -4.07    5.46
  750      20        3  2359.98    0.00    3.13    0.34   -0.58   -1.96    5.38
  751      21        3  2369.98    0.00    3.14    2.02    1.18   -0.77    5.32
  752      22        3  2379.98    0.00    3.15    1.96    1.99    0.23    5.27
  753      23        3  2389.99    0.00    3.17    3.00    2.48    1.16    5.24
  754      24        3  2399.99    0.00    3.18   -1.90    0.55    1.08    5.19
  755      25        3  2409.99    0.00    3.19   -0.95   -1.43    0.83    5.11
  756      26        3  2419.99    0.00    3.21   -3.49   -2.22   -0.28    5.03
  757      27        3  2429.99    0.00    3.22   -7.17   -5.33   -2.10    4.91
  758      28        3  2440.00    0.00    3.23   -4.99   -6.08   -3.70    4.79
  759      29        3  2450.00    0.00    3.25   -4.31   -4.65   -4.18    4.68
  760      30        3  2460.00    0.00    3.26  -12.10   -8.21   -6.41    4.53
  761      31        3  2470.00    0.00    3.27  -14.30  -13.20   -8.57    4.34
  762      32        3  2480.00    0.00    3.29  -11.20  -12.75   -9.38    4.15
  763      33        3  2490.01    0.00    3.30   -7.32   -9.26   -9.85    3.99
  764      34        3  2500.01    0.00    3.31   -7.08   -7.20  -10.40    3.86
  765      35        3  2510.01    0.00    3.33   -9.35   -8.22   -9.85    3.71
  766      36        3  2520.01    0.00    3.34  -10.90  -10.12   -9.17    3.56
  767      37        3  2530.01    0.00    3.35  -10.50  -10.70   -9.03    3.40
  768      38        3  2540.02    0.00    3.37  -14.30  -12.40  -10.43    3.22
  769      39        3  2550.02    0.00    3.38  -12.80  -13.55  -11.57    3.04
  770      40        3  2560.02    0.00    3.39  -17.20  -15.00  -13.14    2.84
  771      41        3  2570.02    0.00    3.41  -15.40  -16.30  -14.04    2.64
  772      42        3  2580.02    0.00    3.42  -14.20  -14.80  -14.78    2.44
  773      43        3  2590.03    0.00    3.43  -11.40  -12.80  -14.20    2.27
  774      44        3  2600.03    0.00    3.44   -9.19  -10.29  -13.48    2.13
  775      45        3  2610.03    0.00    3.46   -4.32   -6.75  -10.90    2.02
  776      46        3  2620.03    0.00    3.47  -10.40   -7.36   -9.90    1.92
  777      47        3  2630.03    0.00    3.48   -9.96  -10.18   -9.05    1.79
  778      48        3  2640.04    0.00    3.50   -4.58   -7.27   -7.69    1.69
  779      49        3  2650.04    0.00    3.51   -4.90   -4.74   -6.83    1.62
  780      50        3  2660.04    0.00    3.52    0.31   -2.30   -5.91    1.57
  781      51        3  2670.04    0.00    3.54    2.10    1.20   -3.41    1.56
  782      52        3  2680.04    0.00    3.55    3.37    2.74   -0.74    1.57
  783      53        3  2690.05    0.00    3.56    2.15    2.76    0.61    1.58
  784      54        3  2700.05    0.00    3.58    2.42    2.29    2.07    1.59
  785      55        3  2710.05    0.00    3.59    5.28    3.85    3.06    1.61
  786      56        3  2720.05    0.00    3.60    8.64    6.96    4.37    1.67
  787      57        3  2730.05    0.00    3.62    5.76    7.20    4.85    1.73
  788      58        3  2740.06    0.00    3.63    2.15    3.96    4.85    1.77
  789      59        3  2750.06    0.00    3.64    3.62    2.89    5.09    1.79
  790      60        3    10.00    0.00    0.01    3.07    3.35    4.65    4.45
  791      61        3    20.00    0.00    0.03    3.08    3.08    3.54    4.63
  792      62        3    30.00    0.00    0.04    2.35    2.72    2.85    4.40
  793      63        3    40.00    0.00    0.05   -1.00    0.68    2.22    3.15
  794      64        3    50.00    0.00    0.07   -3.36   -2.18    0.83    1.55
  795      65        3    60.00    0.00    0.08    1.65   -0.85    0.54    1.16
  796      66        3    70.00    0.00    0.09   -0.44    0.60   -0.16    1.19
  797      67        3    80.00    0.00    0.11   -0.88   -0.66   -0.81    1.06
  798      68        3    90.00    0.00    0.12   -1.76   -1.32   -0.96    0.73
  799      69        3   100.00    0.83    0.13   -5.37   -3.56   -1.36    0.08
  800      70        3   110.00    1.23    0.15   -1.65   -3.51   -2.02    0.00
  801      71        3   120.00    0.72    0.16    1.73    0.04   -1.58    0.00
  802      72        3   130.00    0.00    0.17    3.08    2.41   -0.79    0.04
  803      73        3   140.00    0.00    0.19    1.80    2.44   -0.08    0.38
  804      74        3   150.00    0.00    0.20    1.88    1.84    1.37    0.79
  805      75        3   160.00    0.00    0.21    0.96    1.42    1.89    1.14
  806      76        3   170.00    0.00    0.23   -0.37    0.30    1.47    1.24
  807      77        3   180.00    0.00    0.24   -1.41   -0.89    0.57    1.13
  808      78        3   190.00    0.00    0.25   -2.34   -1.87   -0.26    0.98
  809      79        3   200.00    0.00    0.26    2.65    0.16   -0.10    1.07
  810      80        3   210.00    0.00    0.28    3.33    2.99    0.37    1.43
  811      81        3   220.00    0.00    0.29    4.03    3.68    1.25    1.83
  812      82        3   230.00    0.00    0.30    6.68    5.36    2.87    2.39
  813      83        3   240.00    0.00    0.32    7.06    6.87    4.75    3.03
  814      84        3   250.00    0.00    0.33    6.62    6.84    5.54    3.60
  815      85        3   260.00    0.00    0.34    6.45    6.54    6.17    4.08
  816      86        3   270.00    0.00    0.36    7.14    6.80    6.79    4.52
  817      87        3   280.00    0.00    0.37    4.45    5.80    6.34    4.76
  818      88        3   290.00    0.00    0.38    8.21    6.33    6.57    4.97
  819      89        3   300.00    0.00    0.40   10.80    9.51    7.41    5.41
  820      90        3   310.00    0.00    0.41    5.88    8.34    7.30    5.72
  821      91        3   320.00    0.00    0.42    3.55    4.72    6.58    5.81
  822      92        3   330.00    0.00    0.44    3.70    3.63    6.43    5.85
  823      93        3   340.00    0.00    0.45    5.08    4.39    5.80    5.93
  824      94        3   350.00    0.00    0.46    6.60    5.84    4.96    6.12
  825      95        3   360.00    0.00    0.48    2.11    4.36    4.21    6.14
  826      96        3   370.00    0.00    0.49    3.40    2.76    4.18    6.06
  827      97        3   380.00    0.00    0.50    3.07    3.24    4.05    6.02
  828      98        3   390.00    0.00    0.52    1.28    2.18    3.29    5.95
  829      99        3   400.00    0.00    0.53    4.12    2.70    2.80    5.88
  830     100        3   410.00    0.00    0.54    4.18    4.15    3.21    5.91
  831     101        3   420.00    0.00    0.56    3.23    3.71    3.18    5.92
  832     102        3   430.00    0.00    0.57    2.96    3.10    3.15    5.84
  833     103        3   440.00    0.00    0.58    2.29    2.63    3.36    5.73
  834     104        3   450.00    0.00    0.60    1.39    1.84    2.81    5.65
  835     105        3   460.00    0.00    0.61    2.40    1.90    2.45    5.62
  836     106        3   470.00    0.00    0.62    4.49    3.45    2.71    5.67
  837     107        3   480.00    0.00    0.64    6.48    5.49    3.41    5.82
  838     108        3   490.00    0.00    0.65    6.48    6.48    4.25    6.01
  839     109        3   500.00    0.00    0.66    6.22    6.35    5.21    6.20
  840     110        3   510.00    0.00    0.68    7.10    6.66    6.15    6.40
  841     111        3   520.00    0.00    0.69    7.52    7.31    6.76    6.60
  842     112        3   530.00    0.00    0.70    1.53    4.53    5.77    6.59
  843     113        3   540.00    0.00    0.72    3.52    2.53    5.18    6.49
  844     114        3   550.00    0.00    0.73    1.88    2.70    4.31    6.42
  845     115        3   560.00    0.00    0.74    0.99    1.43    3.09    6.28
  846     116        3   570.00    0.00    0.76    1.74    1.36    1.93    6.13
  847     117        3   580.00    0.00    0.77    2.71    2.23    2.17    6.05
  848     118        3   590.00    0.00    0.78    3.22    2.97    2.11    6.02
  849     119        3   600.00    0.00    0.79    3.48    3.35    2.43    6.00
  850     120        3   610.00    0.00    0.81    3.42    3.45    2.91    6.01
  851     121        3   620.00    0.00    0.82    3.76    3.59    3.32    6.03
  852     122        3   630.00    0.00    0.83    6.16    4.96    4.01    6.08
  853     123        3   640.00    0.00    0.85    5.55    5.86    4.47    6.17
  854     124        3   650.00    0.00    0.86    6.52    6.04    5.08    6.27
  855     125        3   660.00    0.00    0.87    3.37    4.95    5.07    6.28
  856     126        3   670.00    0.00    0.89    3.10    3.24    4.94    6.21
  857     127        3   680.00    0.00    0.90    3.17    3.14    4.34    6.16
  858     128        3   690.00    0.00    0.91    6.07    4.62    4.45    6.21
  859     129        3   700.00    0.00    0.93    5.90    5.99    4.32    6.28
  860     130        3   710.00    0.00    0.94   12.50    9.20    6.15    6.42
  861     131        3   720.01    0.00    0.95   15.40   13.95    8.61    6.75
  862     132        3   730.01    0.00    0.97   15.60   15.50   11.09    7.17
  863     133        3   740.01    0.00    0.98   17.60   16.60   13.40    7.63
  864     134        3   750.01    0.00    0.99   13.00   15.30   14.82    8.01
  865     135        3   760.01    0.00    1.01    9.62   11.31   14.24    8.21
  866     136        3   770.01    0.00    1.02   10.90   10.26   13.34    8.36
  867     137        3   780.01    0.00    1.03   10.90   10.90   12.40    8.52
  868     138        3   790.01    0.00    1.05   11.50   11.20   11.18    8.70
  869     139        3   800.01    0.00    1.06   12.50   12.00   11.08    8.92
  870     140        3   810.01    0.00    1.07   12.50   12.50   11.66    9.16
  871     141        3   820.01    0.00    1.09    9.93   11.22   11.47    9.33
  872     142        3   830.01    0.00    1.10   11.20   10.57   11.53    9.47
  873     143        3   840.01    0.00    1.11    8.07    9.64   10.84    9.56
  874     144        3   850.01    0.00    1.13    8.70    8.39   10.08    9.58
  875     145        3   860.01    0.00    1.14   11.80   10.25    9.94    9.67
  876     146        3   870.01    0.00    1.15    9.02   10.41    9.76    9.74
  877     147        3   880.01    0.00    1.17    6.45    7.74    8.81    9.70
  878     148        3   890.01    0.00    1.18   11.30    8.88    9.45    9.76
  879     149        3   900.01    0.00    1.19   12.10   11.70   10.13    9.94
  880     150        3    10.00    0.00    0.01   13.60   12.85   10.49   17.57
  881     151        3    20.00    0.00    0.03   13.60   13.60   11.41   16.42
  882     152        3    30.00    0.00    0.04   13.00   13.30   12.72   16.48
  883     153        3    40.00    0.00    0.05   14.90   13.95   13.44   17.23
  884     154        3    50.00    0.00    0.07   15.40   15.15   14.10   18.01
  885     155        3    60.00    0.00    0.08   15.90   15.65   14.56   18.68
  886     156        3    70.00    0.00    0.09   18.00   16.95   15.44   19.51
  887     157        3    80.00    0.00    0.11   18.80   18.40   16.60   20.37
  888     158        3    90.00    0.00    0.12   19.10   18.95   17.44   20.89
  889     159        3   100.00    0.00    0.13   17.40   18.25   17.84   20.86
  890     160        3   110.00    0.00    0.15   17.30   17.35   18.12   20.67
  891     161        3   120.00    0.00    0.16   18.40   17.85   18.20   20.88
  892     162        3   130.00    0.00    0.17   19.40   18.90   18.32   21.29
  893     163        3   140.00    0.00    0.19   15.70   17.55   17.64   21.13
  894     164        3   150.00    0.00    0.20   14.90   15.30   17.14   20.78
  895     165        3   160.00    0.00    0.21   15.40   15.15   16.76   20.54
  896     166        3   170.00    0.00    0.23   13.00   14.20   15.68   19.84
  897     167        3   180.00    0.00    0.24   18.30   15.65   15.46   19.58
  898     168        3   190.00    0.00    0.25   16.40   17.35   15.60   19.56
  899     169        3   200.00    0.00    0.26   13.30   14.85   15.28   19.09
  900     170        3   210.00    0.00    0.28   17.60   15.45   15.72   19.01
  901     171        3   220.00    0.00    0.29   20.40   19.00   17.20   19.49
  902     172        3   230.00    0.00    0.30   20.60   20.50   17.66   20.04
  903     173        3   240.00    0.00    0.32   19.30   19.95   18.24   20.47
  904     174        3   250.00    0.00    0.33   17.60   18.45   19.10   20.75
  905     175        3   260.00    0.00    0.34   19.10   18.35   19.40   20.98
  906     176        3   270.00    0.00    0.36   22.50   20.80   19.82   21.38
  907     177        3   280.00    0.00    0.37   23.50   23.00   20.40   21.91
  908     178        3   290.00    0.00    0.38   23.10   23.30   21.16   22.40
  909     179        3   300.00    0.00    0.40   23.20   23.15   22.28   22.83
  910     180        3   310.00    0.00    0.41   22.70   22.95   23.00   23.15
  911     181        3   320.00    0.00    0.42   19.80   21.25   22.46   23.27
  912     182        3   330.00    0.00    0.44   15.60   17.70   20.88   23.09
  913     183        3   340.00    0.00    0.45   15.70   15.65   19.40   22.79
  914     184        3   350.00    0.00    0.46   15.50   15.60   17.86   22.51
  915     185        3   360.00    0.00    0.48   15.40   15.45   16.40   22.27
  916     186        3   370.00    0.00    0.49   13.60   14.50   15.16   21.95
  917     187        3   380.00    0.00    0.50   14.50   14.05   14.94   21.50
  918     188        3   390.00    0.00    0.52   14.30   14.40   14.66   21.13
  919     189        3   400.00    0.00    0.53   14.70   14.50   14.50   20.87
  920     190        3   410.00    0.00    0.54   11.90   13.30   13.80   20.60
  921     191        3   420.00    0.00    0.56   14.60   13.25   14.00   20.38
  922     192        3   430.00    0.00    0.57   12.90   13.75   13.68   20.16
  923     193        3   440.00    0.00    0.58   14.20   13.55   13.66   19.91
  924     194        3   450.00    0.00    0.60   13.30   13.75   13.38   19.71
  925     195        3   460.00    0.00    0.61   13.50   13.40   13.70   19.53
  926     196        3   470.00    0.00    0.62   16.00   14.75   13.98   19.43
  927     197        3   480.00    0.00    0.64   16.20   16.10   14.64   19.37
  928     198        3   490.00    0.00    0.65   17.30   16.75   15.26   19.37
  929     199        3   500.00    0.00    0.66   20.00   18.65   16.60   19.52
  930     200        3   510.00    0.00    0.68   19.50   19.75   17.80   19.70
  931     201        3   520.00    0.00    0.69   20.50   20.00   18.70   19.87
  932     202        3   530.00    0.00    0.70   19.50   20.00   19.36   20.00
  933     203        3   540.00    0.00    0.72   13.90   16.70   18.68   19.95
  934     204        3   550.00    0.00    0.73   14.30   14.10   17.54   19.86
  935     205        3   560.00    0.00    0.74   12.80   13.55   16.20   19.77
  936     206        3   570.00    0.00    0.76   14.40   13.60   14.98   19.66
  937     207        3   580.00    0.00    0.77   15.20   14.80   14.12   19.60
  938     208        3   590.00    0.00    0.78   17.20   16.20   14.78   19.59
  939     209        3   600.00    0.00    0.79   18.80   18.00   15.68   19.66
  940     210        3   610.00    0.00    0.81   16.10   17.45   16.34   19.66
  941     211        3   620.00    0.00    0.82   15.60   15.85   16.58   19.59
  942     212        3   630.00    0.00    0.83   16.00   15.80   16.74   19.54
  943     213        3   640.00    0.00    0.85   16.90   16.45   16.68   19.51
  944     214        3   650.00    0.00    0.86   18.10   17.50   16.54   19.56
  945     215        3   660.00    0.00    0.87   19.10   18.60   17.14   19.64
  946     216        3   670.00    0.00    0.89   17.50   18.30   17.52   19.68
  947     217        3   680.00    0.00    0.90   15.90   16.70   17.50   19.69
  948     218        3   690.00    0.00    0.91   15.60   15.75   17.24   19.66
  949     219        3   700.00    0.00    0.93   19.70   17.65   17.56   19.69
  950     220        3   710.00    0.00    0.94   21.70   20.70   18.08   19.82
  951     221        3   720.01    0.00    0.95   22.70   22.20   19.12   20.02
  952     222        3   730.01    0.00    0.97   18.30   20.50   19.60   20.16
  953     223        3   740.01    0.00    0.98   15.80   17.05   19.64   20.20
  954     224        3   750.01    0.00    0.99   14.90   15.35   18.68   20.19
  955     225        3   760.01    0.00    1.01   19.20   17.05   18.18   20.21
  956     226        3   770.01    0.00    1.02   18.60   18.90   17.36   20.27
  957     227        3   780.01    0.00    1.03   20.30   19.45   17.76   20.33
  958     228        3   790.01    0.00    1.05   21.90   21.10   18.98   20.45
  959     229        3   800.01    0.00    1.06   20.30   21.10   20.06   20.58
  960     230        3   810.01    0.00    1.07   19.90   20.10   20.20   20.67
  961     231        3   820.01    0.00    1.09   20.80   20.35   20.64   20.76
  962     232        3   830.01    0.00    1.10   20.90   20.85   20.76   20.86
  963     233        3   840.01    0.00    1.11   19.40   20.15   20.26   20.93
  964     234        3   850.01    0.00    1.13   19.80   19.60   20.16   20.96
  965     235        3   860.01    0.00    1.14   20.60   20.20   20.30   21.00
  966     236        3   870.01    0.00    1.15   18.30   19.45   19.80   21.01
  967     237        3   880.01    0.00    1.17   15.90   17.10   18.80   20.96
  968     238        3   890.01    0.00    1.18   13.20   14.55   17.56   20.86
  969     239        3   900.01    0.00    1.19   13.00   13.10   16.20   20.73
  970     240        3   910.01    0.00    1.21   12.40   12.70   14.56   20.57
  971     241        3   920.01    0.00    1.22   12.10   12.25   13.32   20.39
  972     242        3   930.02    0.00    1.23   12.40   12.25   12.62   20.19
  973     243        3   940.02    0.00    1.25   13.70   13.05   12.72   20.02
  974     244        3   950.02    0.00    1.26   10.80   12.25   12.28   19.84
  975     245        3   960.02    0.00    1.27   13.40   12.10   12.48   19.69
  976     246        3   970.02    0.00    1.29   11.50   12.45   12.36   19.54
  977     247        3   980.02    0.00    1.30   15.90   13.70   13.06   19.40
  978     248        3   990.02    0.00    1.31   15.60   15.75   13.44   19.31
  979     249        3  1000.02    0.00    1.32   14.40   15.00   14.16   19.24
  980     250        3  1010.02    0.00    1.34   12.70   13.55   14.02   19.15
  981     251        3  1020.02    0.00    1.35   12.20   12.45   14.16   19.04
  982     252        3  1030.02    0.00    1.36   14.10   13.15   13.80   18.94
  983     253        3  1040.02    0.00    1.38   13.00   13.55   13.28   18.83
  984     254        3  1050.02    0.00    1.39   10.50   11.75   12.50   18.70
  985     255        3  1060.02    0.00    1.40   10.90   10.70   12.14   18.56
  986     256        3  1070.02    0.00    1.42   13.20   12.05   12.34   18.43
  987     257        3  1080.01    0.00    1.43   12.90   13.05   12.10   18.32
  988     258        3  1090.01    0.00    1.44   14.70   13.80   12.44   18.24
  989     259        3  1100.01    0.00    1.46   13.70   14.20   13.08   18.15
  990     260        3  1110.01    0.00    1.47   12.90   13.30   13.48   18.04
  991     261        3  1120.01    0.00    1.48    9.51   11.21   12.74   17.92
  992     262        3  1130.01    0.00    1.50   11.10   10.31   12.38   17.79
  993     263        3  1140.01    0.00    1.51    8.37    9.74   11.12   17.66
  994     264        3  1150.01    0.00    1.52    8.07    8.22    9.99   17.48
  995     265        3  1160.01    0.00    1.54   13.40   10.74   10.09   17.34
  996     266        3  1170.01    0.00    1.55   13.40   13.40   10.87   17.27
  997     267        3  1180.00    0.00    1.56   12.90   13.15   11.23   17.20
  998     268        3  1190.00    0.00    1.58   14.40   13.65   12.43   17.15
  999     269        3  1200.00    0.00    1.59   12.20   13.30   13.26   17.09
 1000     270        3  1210.00    0.00    1.60   14.30   13.25   13.44   17.03
 1001     271        3  1220.00    0.00    1.62   12.70   13.50   13.30   16.96
 1002     272        3  1230.00    0.00    1.63   12.20   12.45   13.16   16.87
 1003     273        3  1240.00    0.00    1.64   12.90   12.55   12.86   16.78
 1004     274        3  1250.00    0.00    1.66   13.20   13.05   13.06   16.71
 1005     275        3  1260.00    0.00    1.67   11.70   12.45   12.54   16.64
 1006     276        3  1270.00    0.00    1.68   13.10   12.40   12.62   16.57
 1007     277        3  1279.99    0.00    1.70   12.70   12.90   12.72   16.51
 1008     278        3  1289.99    0.00    1.71   13.70   13.20   12.88   16.44
 1009     279        3  1299.99    0.00    1.72   14.10   13.90   13.06   16.40
 1010     280        3  1309.99    0.00    1.74   12.90   13.50   13.30   16.35
 1011     281        3  1319.99    0.00    1.75   13.10   13.00   13.30   16.29
 1012     282        3  1329.99    0.00    1.76   12.10   12.60   13.18   16.24
 1013     283        3  1339.99    0.00    1.78   10.30   11.20   12.50   16.15
 1014     284        3  1349.99    0.00    1.79    8.55    9.43   11.39   16.04
 1015     285        3  1359.99    0.00    1.80    7.65    8.10   10.34   15.90
 1016     286        3  1369.99    0.00    1.82    7.19    7.42    9.16   15.75
 1017     287        3  1379.99    0.00    1.83    6.15    6.67    7.97   15.58
 1018     288        3  1389.98    0.00    1.84    6.31    6.23    7.17   15.41
 1019     289        3  1399.98    0.00    1.85    6.52    6.42    6.76   15.25
 1020     290        3  1409.98    0.00    1.87    5.62    6.07    6.36   15.08
 1021     291        3  1419.98    0.00    1.88    6.54    6.08    6.23   14.92
 1022     292        3  1429.98    0.00    1.89    2.31    4.43    5.46   14.74
 1023     293        3  1439.98    0.00    1.91    1.62    1.97    4.52   14.52
 1024     294        3  1449.98    0.00    1.92    0.80    1.21    3.38   14.29
 1025     295        3  1459.98    0.00    1.93    8.47    4.64    3.95   14.11
 1026     296        3  1469.98    0.00    1.95   10.60    9.54    4.76   14.00
 1027     297        3  1479.98    0.00    1.96    3.65    7.13    5.03   13.87
 1028     298        3  1489.97    0.00    1.97    0.89    2.27    4.88   13.66
 1029     299        3  1499.97    0.00    1.99    7.93    4.41    6.31   13.50
 1030     300        3  1509.97    0.00    2.00   10.50    9.22    6.71   13.42
 1031     301        3  1519.97    0.00    2.01    9.36    9.93    6.47   13.34
 1032     302        3  1529.97    0.00    2.03    7.71    8.54    7.28   13.25
 1033     303        3  1539.97    0.00    2.04    5.48    6.60    8.20   13.14
 1034     304        3  1549.97    0.00    2.05    1.63    3.56    6.94   12.99
 1035     305        3  1559.97    0.00    2.07    5.27    3.45    5.89   12.83
 1036     306        3  1569.97    0.00    2.08    9.44    7.36    5.91   12.73
 1037     307        3  1579.97    0.00    2.09   12.80   11.12    6.92   12.69
 1038     308        3  1589.96    0.00    2.11    9.79   11.30    7.79   12.65
 1039     309        3  1599.96    0.00    2.12    5.61    7.70    8.58   12.58
 1040     310        3  1609.96    0.00    2.13    7.16    6.39    8.96   12.49
 1041     311        3  1619.96    0.00    2.15    7.95    7.56    8.66   12.41
 1042     312        3  1629.96    0.00    2.16    7.95    7.95    7.69   12.34
 1043     313        3  1639.96    0.00    2.17    6.25    7.10    6.98   12.26
 1044     314        3  1649.96    0.00    2.19    5.05    5.65    6.87   12.16
 1045     315        3  1659.96    0.00    2.20    3.98    4.52    6.24   12.04
 1046     316        3  1669.96    0.00    2.21    6.07    5.03    5.86   11.92
 1047     317        3  1679.96    0.00    2.23    5.30    5.69    5.33   11.82
 1048     318        3  1689.95    0.00    2.24    6.58    5.94    5.40   11.72
 1049     319        3  1699.95    0.00    2.25    7.00    6.79    5.79   11.63
 1050     320        3  1709.95    0.00    2.27    7.63    7.32    6.52   11.56
 1051     321        3  1719.95    0.00    2.28    9.99    8.81    7.30   11.51
 1052     322        3  1729.95    0.00    2.29    8.66    9.33    7.97   11.47
 1053     323        3  1739.95    0.00    2.31   11.50   10.08    8.96   11.45
 1054     324        3  1749.95    0.00    2.32    5.96    8.73    8.75   11.40
 1055     325        3  1759.95    0.00    2.33   -0.44    2.76    7.13   11.28
 1056     326        3  1769.95    0.00    2.35    1.90    0.73    5.52   11.13
 1057     327        3  1779.95    0.00    2.36    5.53    3.72    4.89   11.02
 1058     328        3  1789.95    0.00    2.37    2.80    4.17    3.15   10.92
 1059     329        3  1799.94    0.00    2.38    2.16    2.48    2.39   10.79
 1060     330        3  1809.94    0.00    2.40    7.45    4.81    3.97   10.69
 1061     331        3  1819.94    0.00    2.41    5.18    6.32    4.62   10.61
 1062     332        3  1829.94    0.00    2.42   -1.01    2.09    3.32   10.49
 1063     333        3  1839.94    0.00    2.44    0.30   -0.36    2.82   10.33
 1064     334        3  1849.94    0.00    2.45   -1.28   -0.49    2.13   10.17
 1065     335        3  1859.94    0.00    2.46   -0.82   -1.05    0.47   10.01
 1066     336        3  1869.94    0.00    2.48    1.63    0.41   -0.24    9.86
 1067     337        3  1879.94    0.00    2.49    1.42    1.53    0.25    9.73
 1068     338        3  1889.94    0.00    2.50    2.42    1.92    0.67    9.61
 1069     339        3  1899.93    0.00    2.52    3.24    2.83    1.58    9.50
 1070     340        3  1909.93    0.00    2.53    5.76    4.50    2.89    9.42
 1071     341        3  1919.93    0.00    2.54    7.10    6.43    3.99    9.37
 1072     342        3  1929.93    0.00    2.56    4.73    5.92    4.65    9.31
 1073     343        3  1939.93    0.00    2.57    2.77    3.75    4.72    9.23
 1074     344        3  1949.93    0.00    2.58    1.98    2.38    4.47    9.14
 1075     345        3  1959.93    0.00    2.60    1.87    1.93    3.69    9.04
 1076     346        3  1969.93    0.00    2.61    1.66    1.77    2.60    8.93
 1077     347        3  1979.93    0.00    2.62    4.28    2.97    2.51    8.85
 1078     348        3  1989.93    0.00    2.64    2.65    3.47    2.49    8.76
 1079     349        3  1999.92    0.00    2.65    0.75    1.70    2.24    8.66
 1080     350        3  2009.92    0.00    2.66    5.41    3.08    2.95    8.58
 1081     351        3  2019.92    0.00    2.68    4.84    5.13    3.59    8.53
 1082     352        3  2029.92    0.00    2.69    3.28    4.06    3.39    8.46
 1083     353        3  2039.92    0.00    2.70    4.60    3.94    3.78    8.40
 1084     354        3  2049.92    0.00    2.72    6.02    5.31    4.83    8.35
 1085     355        3  2059.92    0.00    2.73    5.60    5.81    4.87    8.32
 1086     356        3  2069.92    0.00    2.74    6.16    5.88    5.13    8.28
 1087     357        3  2079.93    0.00    2.76    4.42    5.29    5.36    8.24
 1088     358        3  2089.93    0.00    2.77    2.92    3.67    5.02    8.18
 1089     359        3  2099.93    0.00    2.78   -1.91    0.51    3.44    8.09
 1090     360        3  2109.93    0.00    2.80   -0.83   -1.37    2.15    7.97
 1091     361        3  2119.93    0.00    2.81   -3.49   -2.16    0.22    7.84
 1092     362        3  2129.94    0.00    2.82    3.25   -0.12   -0.01    7.73
 1093     363        3  2139.94    0.00    2.84    3.42    3.34    0.09    7.67
 1094     364        3  2149.94    0.00    2.85    3.88    3.65    1.25    7.60
 1095     365        3  2159.94    0.00    2.86    1.42    2.65    1.70    7.53
