 Day of  Day of    Year   Slurry  Frozen  Slurry   Air    Wall   Floor    Slurry
 sim.     year             mass    mass   depth     T      T       T        T
    1       1        1   100.00    0.00    0.21    5.00    5.00    5.00   14.39
    2       2        1   100.00    0.00    0.21    5.00    5.00    5.00   13.35
    3       3        1   100.00    0.00    0.21    5.00    5.00    5.00   12.48
    4       4        1   100.00    0.00    0.21    5.00    5.00    5.00   11.75
    5       5        1   100.00    0.00    0.21    5.00    5.00    5.00   11.13
    6       6        1   100.00    0.00    0.21    5.00    5.00    5.00   10.62
    7       7        1   100.00    0.00    0.21    5.00    5.00    5.00   10.19
    8       8        1   100.00    0.00    0.21    5.00    5.00    5.00    9.83
    9       9        1   100.00    0.00    0.21    5.00    5.00    5.00    9.52
   10      10        1   100.00    0.00    0.21    5.00    5.00    5.00    9.27
   11      11        1   100.00    0.00    0.21    5.00    5.00    5.00    9.06
   12      12        1   100.00    0.00    0.21    5.00    5.00    5.00    8.88
   13      13        1   100.00    0.00    0.21    5.00    5.00    5.00    8.73
   14      14        1   100.00    0.00    0.21    5.00    5.00    5.00    8.60
   15      15        1   100.00    0.00    0.21    5.00    5.00    5.00    8.50
   16      16        1   100.00    0.00    0.21    5.00    5.00    5.00    8.41
   17      17        1   100.00    0.00    0.21    5.00    5.00    5.00    8.34
   18      18        1   100.00    0.00    0.21    5.00    5.00    5.00    8.27
   19      19        1   100.00    0.00    0.21    5.00    5.00    5.00    8.22
   20      20        1   100.00    0.00    0.21    5.00    5.00    5.00    8.18
   21      21        1   100.00    0.00    0.21    5.00    5.00    5.00    8.14
   22      22        1   100.00    0.00    0.21    5.00    5.00    5.00    8.11
   23      23        1   100.00    0.00    0.21    5.00    5.00    5.00    8.08
   24      24        1   100.00    0.00    0.21    5.00    5.00    5.00    8.06
   25      25        1   100.00    0.00    0.21    5.00    5.00    5.00    8.04
   26      26        1   100.00    0.00    0.21    5.00    5.00    5.00    8.03
   27      27        1   100.00    0.00    0.21    5.00    5.00    5.00    8.02
   28      28        1   100.00    0.00    0.21    5.00    5.00    5.00    8.01
   29      29        1   100.00    0.00    0.21    5.00    5.00    5.00    8.00
   30      30        1   100.00    0.00    0.21    5.00    5.00    5.00    7.99
   31      31        1   100.00    0.00    0.21    5.00    5.00    5.00    7.98
   32      32        1   100.00    0.00    0.21    5.00    5.00    5.00    7.98
   33      33        1   100.00    0.00    0.21    5.00    5.00    5.00    7.97
   34      34        1   100.00    0.00    0.21    5.00    5.00    5.00    7.97
   35      35        1   100.00    0.00    0.21    5.00    5.00    5.00    7.97
   36      36        1   100.00    0.00    0.21    5.00    5.00    5.00    7.96
   37      37        1   100.00    0.00    0.21    5.00    5.00    5.00    7.96
   38      38        1   100.00    0.00    0.21    5.00    5.00    5.00    7.96
   39      39        1   100.00    0.00    0.21    5.00    5.00    5.00    7.96
   40      40        1   100.00    0.00    0.21    5.00    5.00    5.00    7.96
   41      41        1   100.00    0.00    0.21    5.00    5.00    5.00    7.96
   42      42        1   100.00    0.00    0.21    5.00    5.00    5.00    7.96
   43      43        1   100.00    0.00    0.21    5.00    5.00    5.00    7.95
   44      44        1   100.00    0.00    0.21    5.00    5.00    5.00    7.95
   45      45        1   100.00    0.00    0.21    5.00    5.00    5.00    7.95
   46      46        1   100.00    0.00    0.21    5.00    5.00    5.00    7.95
   47      47        1   100.00    0.00    0.21    5.00    5.00    5.00    7.95
   48      48        1   100.00    0.00    0.21    5.00    5.00    5.00    7.95
   49      49        1   100.00    0.00    0.21    5.00    5.00    5.00    7.95
   50      50        1   100.00    0.00    0.21    5.00    5.00    5.00    7.95
   51      51        1   100.00    0.00    0.21    5.00    5.00    5.00    7.95
   52      52        1   100.00    0.00    0.21    5.00    5.00    5.00    7.95
   53      53        1   100.00    0.00    0.21    5.00    5.00    5.00    7.95
   54      54        1   100.00    0.00    0.21    5.00    5.00    5.00    7.95
   55      55        1   100.00    0.00    0.21    5.00    5.00    5.00    7.95
   56      56        1   100.00    0.00    0.21    5.00    5.00    5.00    7.95
   57      57        1   100.00    0.00    0.21    5.00    5.00    5.00    7.95
   58      58        1   100.00    0.00    0.21    5.00    5.00    5.00    7.95
   59      59        1   100.00    0.00    0.21    5.00    5.00    5.00    7.95
   60      60        1   100.00    0.00    0.21    5.00    5.00    5.00    7.95
   61      61        1   100.00    0.00    0.21    5.00    5.00    5.00    7.95
   62      62        1   100.00    0.00    0.21    5.00    5.00    5.00    7.95
   63      63        1   100.00    0.00    0.21    5.00    5.00    5.00    7.95
   64      64        1   100.00    0.00    0.21    5.00    5.00    5.00    7.95
   65      65        1   100.00    0.00    0.21    5.00    5.00    5.00    7.95
   66      66        1   100.00    0.00    0.21    5.00    5.00    5.00    7.95
   67      67        1   100.00    0.00    0.21    5.00    5.00    5.00    7.95
   68      68        1   100.00    0.00    0.21    5.00    5.00    5.00    7.95
   69      69        1   100.00    0.00    0.21    5.00    5.00    5.00    7.95
   70      70        1   100.00    0.00    0.21    5.00    5.00    5.00    7.95
   71      71        1   100.00    0.00    0.21    5.00    5.00    5.00    7.95
   72      72        1   100.00    0.00    0.21    5.00    5.00    5.00    7.95
   73      73        1   100.00    0.00    0.21    5.00    5.00    5.00    7.95
   74      74        1   100.00    0.00    0.21    5.00    5.00    5.00    7.95
   75      75        1   100.00    0.00    0.21    5.00    5.00    5.00    7.95
   76      76        1   100.00    0.00    0.21    5.00    5.00    5.00    7.95
   77      77        1   100.00    0.00    0.21    5.00    5.00    5.00    7.95
   78      78        1   100.00    0.00    0.21    5.00    5.00    5.00    7.95
   79      79        1   100.00    0.00    0.21    5.00    5.00    5.00    7.95
   80      80        1   100.00    0.00    0.21    5.00    5.00    5.00    7.95
   81      81        1   100.00    0.00    0.21    5.00    5.00    5.00    7.95
   82      82        1   100.00    0.00    0.21    5.00    5.00    5.00    7.95
   83      83        1   100.00    0.00    0.21    5.00    5.00    5.00    7.95
   84      84        1   100.00    0.00    0.21    5.00    5.00    5.00    7.95
   85      85        1   100.00    0.00    0.21    5.00    5.00    5.00    7.95
   86      86        1   100.00    0.00    0.21    5.00    5.00    5.00    7.95
   87      87        1   100.00    0.00    0.21    5.00    5.00    5.00    7.95
   88      88        1   100.00    0.00    0.21    5.00    5.00    5.00    7.95
   89      89        1   100.00    0.00    0.21    5.00    5.00    5.00    7.95
   90      90        1   100.00    0.00    0.21    5.00    5.00    5.00    7.95
   91      91        1   100.00    0.00    0.21    5.00    5.00    5.00    7.95
   92      92        1   100.00    0.00    0.21    5.00    5.00    5.00    7.95
   93      93        1   100.00    0.00    0.21    5.00    5.00    5.00    7.95
   94      94        1   100.00    0.00    0.21    5.00    5.00    5.00    7.95
   95      95        1   100.00    0.00    0.21    5.00    5.00    5.00    7.95
   96      96        1   100.00    0.00    0.21    5.00    5.00    5.00    7.95
   97      97        1   100.00    0.00    0.21    5.00    5.00    5.00    7.95
   98      98        1   100.00    0.00    0.21    5.00    5.00    5.00    7.95
   99      99        1   100.00    0.00    0.21    5.00    5.00    5.00    7.95
  100     100        1   100.00    0.00    0.21    5.00    5.00    5.00    7.95
  101     101        1   100.00    0.00    0.21    5.00    5.00    5.00    7.95
  102     102        1   100.00    0.00    0.21    5.00    5.00    5.00    7.95
  103     103        1   100.00    0.00    0.21    5.00    5.00    5.00    7.95
  104     104        1   100.00    0.00    0.21    5.00    5.00    5.00    7.95
  105     105        1   100.00    0.00    0.21    5.00    5.00    5.00    7.95
  106     106        1   100.00    0.00    0.21    5.00    5.00    5.00    7.95
  107     107        1   100.00    0.00    0.21    5.00    5.00    5.00    7.95
  108     108        1   100.00    0.00    0.21    5.00    5.00    5.00    7.95
  109     109        1   100.00    0.00    0.21    5.00    5.00    5.00    7.95
  110     110        1   100.00    0.00    0.21    5.00    5.00    5.00    7.95
  111     111        1   100.00    0.00    0.21    5.00    5.00    5.00    7.95
  112     112        1   100.00    0.00    0.21    5.00    5.00    5.00    7.95
  113     113        1   100.00    0.00    0.21    5.00    5.00    5.00    7.95
  114     114        1   100.00    0.00    0.21    5.00    5.00    5.00    7.95
  115     115        1   100.00    0.00    0.21    5.00    5.00    5.00    7.95
  116     116        1   100.00    0.00    0.21    5.00    5.00    5.00    7.95
  117     117        1   100.00    0.00    0.21    5.00    5.00    5.00    7.95
  118     118        1   100.00    0.00    0.21    5.00    5.00    5.00    7.95
  119     119        1   100.00    0.00    0.21    5.00    5.00    5.00    7.95
  120     120        1   100.00    0.00    0.21    5.00    5.00    5.00    7.95
  121     121        1   100.00    0.00    0.21    5.00    5.00    5.00    7.95
  122     122        1   100.00    0.00    0.21    5.00    5.00    5.00    7.95
  123     123        1   100.00    0.00    0.21    5.00    5.00    5.00    7.95
  124     124        1   100.00    0.00    0.21    5.00    5.00    5.00    7.95
  125     125        1   100.00    0.00    0.21    5.00    5.00    5.00    7.95
  126     126        1   100.00    0.00    0.21    5.00    5.00    5.00    7.95
  127     127        1   100.00    0.00    0.21    5.00    5.00    5.00    7.95
  128     128        1   100.00    0.00    0.21    5.00    5.00    5.00    7.95
  129     129        1   100.00    0.00    0.21    5.00    5.00    5.00    7.95
  130     130        1   100.00    0.00    0.21    5.00    5.00    5.00    7.95
  131     131        1   100.00    0.00    0.21    5.00    5.00    5.00    7.95
  132     132        1   100.00    0.00    0.21    5.00    5.00    5.00    7.95
  133     133        1   100.00    0.00    0.21    5.00    5.00    5.00    7.95
  134     134        1   100.00    0.00    0.21    5.00    5.00    5.00    7.95
  135     135        1   100.00    0.00    0.21    5.00    5.00    5.00    7.95
  136     136        1   100.00    0.00    0.21    5.00    5.00    5.00    7.95
  137     137        1   100.00    0.00    0.21    5.00    5.00    5.00    7.95
  138     138        1   100.00    0.00    0.21    5.00    5.00    5.00    7.95
  139     139        1   100.00    0.00    0.21    5.00    5.00    5.00    7.95
  140     140        1   100.00    0.00    0.21    5.00    5.00    5.00    7.95
  141     141        1   100.00    0.00    0.21    5.00    5.00    5.00    7.95
  142     142        1   100.00    0.00    0.21    5.00    5.00    5.00    7.95
  143     143        1   100.00    0.00    0.21    5.00    5.00    5.00    7.95
  144     144        1   100.00    0.00    0.21    5.00    5.00    5.00    7.95
  145     145        1   100.00    0.00    0.21    5.00    5.00    5.00    7.95
  146     146        1   100.00    0.00    0.21    5.00    5.00    5.00    7.95
  147     147        1   100.00    0.00    0.21    5.00    5.00    5.00    7.95
  148     148        1   100.00    0.00    0.21    5.00    5.00    5.00    7.95
  149     149        1   100.00    0.00    0.21    5.00    5.00    5.00    7.95
  150     150        1   100.00    0.00    0.21    5.00    5.00    5.00    7.95
  151     151        1   100.00    0.00    0.21    5.00    5.00    5.00    7.95
  152     152        1   100.00    0.00    0.21    5.00    5.00    5.00    7.95
  153     153        1   100.00    0.00    0.21    5.00    5.00    5.00    7.95
  154     154        1   100.00    0.00    0.21    5.00    5.00    5.00    7.95
  155     155        1   100.00    0.00    0.21    5.00    5.00    5.00    7.95
  156     156        1   100.00    0.00    0.21    5.00    5.00    5.00    7.95
  157     157        1   100.00    0.00    0.21    5.00    5.00    5.00    7.95
  158     158        1   100.00    0.00    0.21    5.00    5.00    5.00    7.95
  159     159        1   100.00    0.00    0.21    5.00    5.00    5.00    7.95
  160     160        1   100.00    0.00    0.21    5.00    5.00    5.00    7.95
  161     161        1   100.00    0.00    0.21    5.00    5.00    5.00    7.95
  162     162        1   100.00    0.00    0.21    5.00    5.00    5.00    7.95
  163     163        1   100.00    0.00    0.21    5.00    5.00    5.00    7.95
  164     164        1   100.00    0.00    0.21    5.00    5.00    5.00    7.95
  165     165        1   100.00    0.00    0.21    5.00    5.00    5.00    7.95
  166     166        1   100.00    0.00    0.21    5.00    5.00    5.00    7.95
  167     167        1   100.00    0.00    0.21    5.00    5.00    5.00    7.95
  168     168        1   100.00    0.00    0.21    5.00    5.00    5.00    7.95
  169     169        1   100.00    0.00    0.21    5.00    5.00    5.00    7.95
  170     170        1   100.00    0.00    0.21    5.00    5.00    5.00    7.95
  171     171        1   100.00    0.00    0.21    5.00    5.00    5.00    7.95
  172     172        1   100.00    0.00    0.21    5.00    5.00    5.00    7.95
  173     173        1   100.00    0.00    0.21    5.00    5.00    5.00    7.95
  174     174        1   100.00    0.00    0.21    5.00    5.00    5.00    7.95
  175     175        1   100.00    0.00    0.21    5.00    5.00    5.00    7.95
  176     176        1   100.00    0.00    0.21    5.00    5.00    5.00    7.95
  177     177        1   100.00    0.00    0.21    5.00    5.00    5.00    7.95
  178     178        1   100.00    0.00    0.21    5.00    5.00    5.00    7.95
  179     179        1   100.00    0.00    0.21    5.00    5.00    5.00    7.95
  180     180        1   100.00    0.00    0.21    5.00    5.00    5.00    7.95
  181     181        1   100.00    0.00    0.21    5.00    5.00    5.00    7.95
  182     182        1   100.00    0.00    0.21    5.00    5.00    5.00    7.95
  183     183        1   100.00    0.00    0.21    5.00    5.00    5.00    7.95
  184     184        1   100.00    0.00    0.21    5.00    5.00    5.00    7.95
  185     185        1   100.00    0.00    0.21    5.00    5.00    5.00    7.95
  186     186        1   100.00    0.00    0.21    5.00    5.00    5.00    7.95
  187     187        1   100.00    0.00    0.21    5.00    5.00    5.00    7.95
  188     188        1   100.00    0.00    0.21    5.00    5.00    5.00    7.95
  189     189        1   100.00    0.00    0.21    5.00    5.00    5.00    7.95
  190     190        1   100.00    0.00    0.21    5.00    5.00    5.00    7.95
  191     191        1   100.00    0.00    0.21    5.00    5.00    5.00    7.95
  192     192        1   100.00    0.00    0.21    5.00    5.00    5.00    7.95
  193     193        1   100.00    0.00    0.21    5.00    5.00    5.00    7.95
  194     194        1   100.00    0.00    0.21    5.00    5.00    5.00    7.95
  195     195        1   100.00    0.00    0.21    5.00    5.00    5.00    7.95
  196     196        1   100.00    0.00    0.21    5.00    5.00    5.00    7.95
  197     197        1   100.00    0.00    0.21    5.00    5.00    5.00    7.95
  198     198        1   100.00    0.00    0.21    5.00    5.00    5.00    7.95
  199     199        1   100.00    0.00    0.21    5.00    5.00    5.00    7.95
  200     200        1   100.00    0.00    0.21    5.00    5.00    5.00    7.95
  201     201        1   100.00    0.00    0.21    5.00    5.00    5.00    7.95
  202     202        1   100.00    0.00    0.21    5.00    5.00    5.00    7.95
  203     203        1   100.00    0.00    0.21    5.00    5.00    5.00    7.95
  204     204        1   100.00    0.00    0.21    5.00    5.00    5.00    7.95
  205     205        1   100.00    0.00    0.21    5.00    5.00    5.00    7.95
  206     206        1   100.00    0.00    0.21    5.00    5.00    5.00    7.95
  207     207        1   100.00    0.00    0.21    5.00    5.00    5.00    7.95
  208     208        1   100.00    0.00    0.21    5.00    5.00    5.00    7.95
  209     209        1   100.00    0.00    0.21    5.00    5.00    5.00    7.95
  210     210        1   100.00    0.00    0.21    5.00    5.00    5.00    7.95
  211     211        1   100.00    0.00    0.21    5.00    5.00    5.00    7.95
  212     212        1   100.00    0.00    0.21    5.00    5.00    5.00    7.95
  213     213        1   100.00    0.00    0.21    5.00    5.00    5.00    7.95
  214     214        1   100.00    0.00    0.21    5.00    5.00    5.00    7.95
  215     215        1   100.00    0.00    0.21    5.00    5.00    5.00    7.95
  216     216        1   100.00    0.00    0.21    5.00    5.00    5.00    7.95
  217     217        1   100.00    0.00    0.21    5.00    5.00    5.00    7.95
  218     218        1   100.00    0.00    0.21    5.00    5.00    5.00    7.95
  219     219        1   100.00    0.00    0.21    5.00    5.00    5.00    7.95
  220     220        1   100.00    0.00    0.21    5.00    5.00    5.00    7.95
  221     221        1   100.00    0.00    0.21    5.00    5.00    5.00    7.95
  222     222        1   100.00    0.00    0.21    5.00    5.00    5.00    7.95
  223     223        1   100.00    0.00    0.21    5.00    5.00    5.00    7.95
  224     224        1   100.00    0.00    0.21    5.00    5.00    5.00    7.95
  225     225        1   100.00    0.00    0.21    5.00    5.00    5.00    7.95
  226     226        1   100.00    0.00    0.21    5.00    5.00    5.00    7.95
  227     227        1   100.00    0.00    0.21    5.00    5.00    5.00    7.95
  228     228        1   100.00    0.00    0.21    5.00    5.00    5.00    7.95
  229     229        1   100.00    0.00    0.21    5.00    5.00    5.00    7.95
  230     230        1   100.00    0.00    0.21    5.00    5.00    5.00    7.95
  231     231        1   100.00    0.00    0.21    5.00    5.00    5.00    7.95
  232     232        1   100.00    0.00    0.21    5.00    5.00    5.00    7.95
  233     233        1   100.00    0.00    0.21    5.00    5.00    5.00    7.95
  234     234        1   100.00    0.00    0.21    5.00    5.00    5.00    7.95
  235     235        1   100.00    0.00    0.21    5.00    5.00    5.00    7.95
  236     236        1   100.00    0.00    0.21    5.00    5.00    5.00    7.95
  237     237        1   100.00    0.00    0.21    5.00    5.00    5.00    7.95
  238     238        1   100.00    0.00    0.21    5.00    5.00    5.00    7.95
  239     239        1   100.00    0.00    0.21    5.00    5.00    5.00    7.95
  240     240        1   100.00    0.00    0.21    5.00    5.00    5.00    7.95
  241     241        1   100.00    0.00    0.21    5.00    5.00    5.00    7.95
  242     242        1   100.00    0.00    0.21    5.00    5.00    5.00    7.95
  243     243        1   100.00    0.00    0.21    5.00    5.00    5.00    7.95
  244     244        1   100.00    0.00    0.21    5.00    5.00    5.00    7.95
  245     245        1   100.00    0.00    0.21    5.00    5.00    5.00    7.95
  246     246        1   100.00    0.00    0.21    5.00    5.00    5.00    7.95
  247     247        1   100.00    0.00    0.21    5.00    5.00    5.00    7.95
  248     248        1   100.00    0.00    0.21    5.00    5.00    5.00    7.95
  249     249        1   100.00    0.00    0.21    5.00    5.00    5.00    7.95
  250     250        1   100.00    0.00    0.21    5.00    5.00    5.00    7.95
  251     251        1   100.00    0.00    0.21    5.00    5.00    5.00    7.95
  252     252        1   100.00    0.00    0.21    5.00    5.00    5.00    7.95
  253     253        1   100.00    0.00    0.21    5.00    5.00    5.00    7.95
  254     254        1   100.00    0.00    0.21    5.00    5.00    5.00    7.95
  255     255        1   100.00    0.00    0.21    5.00    5.00    5.00    7.95
  256     256        1   100.00    0.00    0.21    5.00    5.00    5.00    7.95
  257     257        1   100.00    0.00    0.21    5.00    5.00    5.00    7.95
  258     258        1   100.00    0.00    0.21    5.00    5.00    5.00    7.95
  259     259        1   100.00    0.00    0.21    5.00    5.00    5.00    7.95
  260     260        1   100.00    0.00    0.21    5.00    5.00    5.00    7.95
  261     261        1   100.00    0.00    0.21    5.00    5.00    5.00    7.95
  262     262        1   100.00    0.00    0.21    5.00    5.00    5.00    7.95
  263     263        1   100.00    0.00    0.21    5.00    5.00    5.00    7.95
  264     264        1   100.00    0.00    0.21    5.00    5.00    5.00    7.95
  265     265        1   100.00    0.00    0.21    5.00    5.00    5.00    7.95
  266     266        1   100.00    0.00    0.21    5.00    5.00    5.00    7.95
  267     267        1   100.00    0.00    0.21    5.00    5.00    5.00    7.95
  268     268        1   100.00    0.00    0.21    5.00    5.00    5.00    7.95
  269     269        1   100.00    0.00    0.21    5.00    5.00    5.00    7.95
  270     270        1   100.00    0.00    0.21    5.00    5.00    5.00    7.95
  271     271        1   100.00    0.00    0.21    5.00    5.00    5.00    7.95
  272     272        1   100.00    0.00    0.21    5.00    5.00    5.00    7.95
  273     273        1   100.00    0.00    0.21    5.00    5.00    5.00    7.95
  274     274        1   100.00    0.00    0.21    5.00    5.00    5.00    7.95
  275     275        1   100.00    0.00    0.21    5.00    5.00    5.00    7.95
  276     276        1   100.00    0.00    0.21    5.00    5.00    5.00    7.95
  277     277        1   100.00    0.00    0.21    5.00    5.00    5.00    7.95
  278     278        1   100.00    0.00    0.21    5.00    5.00    5.00    7.95
  279     279        1   100.00    0.00    0.21    5.00    5.00    5.00    7.95
  280     280        1   100.00    0.00    0.21    5.00    5.00    5.00    7.95
  281     281        1   100.00    0.00    0.21    5.00    5.00    5.00    7.95
  282     282        1   100.00    0.00    0.21    5.00    5.00    5.00    7.95
  283     283        1   100.00    0.00    0.21    5.00    5.00    5.00    7.95
  284     284        1   100.00    0.00    0.21    5.00    5.00    5.00    7.95
  285     285        1   100.00    0.00    0.21    5.00    5.00    5.00    7.95
  286     286        1   100.00    0.00    0.21    5.00    5.00    5.00    7.95
  287     287        1   100.00    0.00    0.21    5.00    5.00    5.00    7.95
  288     288        1   100.00    0.00    0.21    5.00    5.00    5.00    7.95
  289     289        1   100.00    0.00    0.21    5.00    5.00    5.00    7.95
  290     290        1   100.00    0.00    0.21    5.00    5.00    5.00    7.95
  291     291        1   100.00    0.00    0.21    5.00    5.00    5.00    7.95
  292     292        1   100.00    0.00    0.21    5.00    5.00    5.00    7.95
  293     293        1   100.00    0.00    0.21    5.00    5.00    5.00    7.95
  294     294        1   100.00    0.00    0.21    5.00    5.00    5.00    7.95
  295     295        1   100.00    0.00    0.21    5.00    5.00    5.00    7.95
  296     296        1   100.00    0.00    0.21    5.00    5.00    5.00    7.95
  297     297        1   100.00    0.00    0.21    5.00    5.00    5.00    7.95
  298     298        1   100.00    0.00    0.21    5.00    5.00    5.00    7.95
  299     299        1   100.00    0.00    0.21    5.00    5.00    5.00    7.95
  300     300        1   100.00    0.00    0.21    5.00    5.00    5.00    7.95
  301     301        1   100.00    0.00    0.21    5.00    5.00    5.00    7.95
  302     302        1   100.00    0.00    0.21    5.00    5.00    5.00    7.95
  303     303        1   100.00    0.00    0.21    5.00    5.00    5.00    7.95
  304     304        1   100.00    0.00    0.21    5.00    5.00    5.00    7.95
  305     305        1   100.00    0.00    0.21    5.00    5.00    5.00    7.95
  306     306        1   100.00    0.00    0.21    5.00    5.00    5.00    7.95
  307     307        1   100.00    0.00    0.21    5.00    5.00    5.00    7.95
  308     308        1   100.00    0.00    0.21    5.00    5.00    5.00    7.95
  309     309        1   100.00    0.00    0.21    5.00    5.00    5.00    7.95
  310     310        1   100.00    0.00    0.21    5.00    5.00    5.00    7.95
  311     311        1   100.00    0.00    0.21    5.00    5.00    5.00    7.95
  312     312        1   100.00    0.00    0.21    5.00    5.00    5.00    7.95
  313     313        1   100.00    0.00    0.21    5.00    5.00    5.00    7.95
  314     314        1   100.00    0.00    0.21    5.00    5.00    5.00    7.95
  315     315        1   100.00    0.00    0.21    5.00    5.00    5.00    7.95
  316     316        1   100.00    0.00    0.21    5.00    5.00    5.00    7.95
  317     317        1   100.00    0.00    0.21    5.00    5.00    5.00    7.95
  318     318        1   100.00    0.00    0.21    5.00    5.00    5.00    7.95
  319     319        1   100.00    0.00    0.21    5.00    5.00    5.00    7.95
  320     320        1   100.00    0.00    0.21    5.00    5.00    5.00    7.95
  321     321        1   100.00    0.00    0.21    5.00    5.00    5.00    7.95
  322     322        1   100.00    0.00    0.21    5.00    5.00    5.00    7.95
  323     323        1   100.00    0.00    0.21    5.00    5.00    5.00    7.95
  324     324        1   100.00    0.00    0.21    5.00    5.00    5.00    7.95
  325     325        1   100.00    0.00    0.21    5.00    5.00    5.00    7.95
  326     326        1   100.00    0.00    0.21    5.00    5.00    5.00    7.95
  327     327        1   100.00    0.00    0.21    5.00    5.00    5.00    7.95
  328     328        1   100.00    0.00    0.21    5.00    5.00    5.00    7.95
  329     329        1   100.00    0.00    0.21    5.00    5.00    5.00    7.95
  330     330        1   100.00    0.00    0.21    5.00    5.00    5.00    7.95
  331     331        1   100.00    0.00    0.21    5.00    5.00    5.00    7.95
  332     332        1   100.00    0.00    0.21    5.00    5.00    5.00    7.95
  333     333        1   100.00    0.00    0.21    5.00    5.00    5.00    7.95
  334     334        1   100.00    0.00    0.21    5.00    5.00    5.00    7.95
  335     335        1   100.00    0.00    0.21    5.00    5.00    5.00    7.95
  336     336        1   100.00    0.00    0.21    5.00    5.00    5.00    7.95
  337     337        1   100.00    0.00    0.21    5.00    5.00    5.00    7.95
  338     338        1   100.00    0.00    0.21    5.00    5.00    5.00    7.95
  339     339        1   100.00    0.00    0.21    5.00    5.00    5.00    7.95
  340     340        1   100.00    0.00    0.21    5.00    5.00    5.00    7.95
  341     341        1   100.00    0.00    0.21    5.00    5.00    5.00    7.95
  342     342        1   100.00    0.00    0.21    5.00    5.00    5.00    7.95
  343     343        1   100.00    0.00    0.21    5.00    5.00    5.00    7.95
  344     344        1   100.00    0.00    0.21    5.00    5.00    5.00    7.95
  345     345        1   100.00    0.00    0.21    5.00    5.00    5.00    7.95
  346     346        1   100.00    0.00    0.21    5.00    5.00    5.00    7.95
  347     347        1   100.00    0.00    0.21    5.00    5.00    5.00    7.95
  348     348        1   100.00    0.00    0.21    5.00    5.00    5.00    7.95
  349     349        1   100.00    0.00    0.21    5.00    5.00    5.00    7.95
  350     350        1   100.00    0.00    0.21    5.00    5.00    5.00    7.95
  351     351        1   100.00    0.00    0.21    5.00    5.00    5.00    7.95
  352     352        1   100.00    0.00    0.21    5.00    5.00    5.00    7.95
  353     353        1   100.00    0.00    0.21    5.00    5.00    5.00    7.95
  354     354        1   100.00    0.00    0.21    5.00    5.00    5.00    7.95
  355     355        1   100.00    0.00    0.21    5.00    5.00    5.00    7.95
  356     356        1   100.00    0.00    0.21    5.00    5.00    5.00    7.95
  357     357        1   100.00    0.00    0.21    5.00    5.00    5.00    7.95
  358     358        1   100.00    0.00    0.21    5.00    5.00    5.00    7.95
  359     359        1   100.00    0.00    0.21    5.00    5.00    5.00    7.95
  360     360        1   100.00    0.00    0.21    5.00    5.00    5.00    7.95
  361     361        1   100.00    0.00    0.21    5.00    5.00    5.00    7.95
  362     362        1   100.00    0.00    0.21    5.00    5.00    5.00    7.95
  363     363        1   100.00    0.00    0.21    5.00    5.00    5.00    7.95
  364     364        1   100.00    0.00    0.21    5.00    5.00    5.00    7.95
  365     365        1   100.00    0.00    0.21    5.00    5.00    5.00    7.95
  366       1        2   100.00    0.00    0.21    5.00    5.00    5.00    7.95
  367       2        2   100.00    0.00    0.21    5.00    5.00    5.00    7.95
  368       3        2   100.00    0.00    0.21    5.00    5.00    5.00    7.95
  369       4        2   100.00    0.00    0.21    5.00    5.00    5.00    7.95
  370       5        2   100.00    0.00    0.21    5.00    5.00    5.00    7.95
  371       6        2   100.00    0.00    0.21    5.00    5.00    5.00    7.95
  372       7        2   100.00    0.00    0.21    5.00    5.00    5.00    7.95
  373       8        2   100.00    0.00    0.21    5.00    5.00    5.00    7.95
  374       9        2   100.00    0.00    0.21    5.00    5.00    5.00    7.95
  375      10        2   100.00    0.00    0.21    5.00    5.00    5.00    7.95
  376      11        2   100.00    0.00    0.21    5.00    5.00    5.00    7.95
  377      12        2   100.00    0.00    0.21    5.00    5.00    5.00    7.95
  378      13        2   100.00    0.00    0.21    5.00    5.00    5.00    7.95
  379      14        2   100.00    0.00    0.21    5.00    5.00    5.00    7.95
  380      15        2   100.00    0.00    0.21    5.00    5.00    5.00    7.95
  381      16        2   100.00    0.00    0.21    5.00    5.00    5.00    7.95
  382      17        2   100.00    0.00    0.21    5.00    5.00    5.00    7.95
  383      18        2   100.00    0.00    0.21    5.00    5.00    5.00    7.95
  384      19        2   100.00    0.00    0.21    5.00    5.00    5.00    7.95
  385      20        2   100.00    0.00    0.21    5.00    5.00    5.00    7.95
  386      21        2   100.00    0.00    0.21    5.00    5.00    5.00    7.95
  387      22        2   100.00    0.00    0.21    5.00    5.00    5.00    7.95
  388      23        2   100.00    0.00    0.21    5.00    5.00    5.00    7.95
  389      24        2   100.00    0.00    0.21    5.00    5.00    5.00    7.95
  390      25        2   100.00    0.00    0.21    5.00    5.00    5.00    7.95
  391      26        2   100.00    0.00    0.21    5.00    5.00    5.00    7.95
  392      27        2   100.00    0.00    0.21    5.00    5.00    5.00    7.95
  393      28        2   100.00    0.00    0.21    5.00    5.00    5.00    7.95
  394      29        2   100.00    0.00    0.21    5.00    5.00    5.00    7.95
  395      30        2   100.00    0.00    0.21    5.00    5.00    5.00    7.95
  396      31        2   100.00    0.00    0.21    5.00    5.00    5.00    7.95
  397      32        2   100.00    0.00    0.21    5.00    5.00    5.00    7.95
  398      33        2   100.00    0.00    0.21    5.00    5.00    5.00    7.95
  399      34        2   100.00    0.00    0.21    5.00    5.00    5.00    7.95
  400      35        2   100.00    0.00    0.21    5.00    5.00    5.00    7.95
  401      36        2   100.00    0.00    0.21    5.00    5.00    5.00    7.95
  402      37        2   100.00    0.00    0.21    5.00    5.00    5.00    7.95
  403      38        2   100.00    0.00    0.21    5.00    5.00    5.00    7.95
  404      39        2   100.00    0.00    0.21    5.00    5.00    5.00    7.95
  405      40        2   100.00    0.00    0.21    5.00    5.00    5.00    7.95
  406      41        2   100.00    0.00    0.21    5.00    5.00    5.00    7.95
  407      42        2   100.00    0.00    0.21    5.00    5.00    5.00    7.95
  408      43        2   100.00    0.00    0.21    5.00    5.00    5.00    7.95
  409      44        2   100.00    0.00    0.21    5.00    5.00    5.00    7.95
  410      45        2   100.00    0.00    0.21    5.00    5.00    5.00    7.95
  411      46        2   100.00    0.00    0.21    5.00    5.00    5.00    7.95
  412      47        2   100.00    0.00    0.21    5.00    5.00    5.00    7.95
  413      48        2   100.00    0.00    0.21    5.00    5.00    5.00    7.95
  414      49        2   100.00    0.00    0.21    5.00    5.00    5.00    7.95
  415      50        2   100.00    0.00    0.21    5.00    5.00    5.00    7.95
  416      51        2   100.00    0.00    0.21    5.00    5.00    5.00    7.95
  417      52        2   100.00    0.00    0.21    5.00    5.00    5.00    7.95
  418      53        2   100.00    0.00    0.21    5.00    5.00    5.00    7.95
  419      54        2   100.00    0.00    0.21    5.00    5.00    5.00    7.95
  420      55        2   100.00    0.00    0.21    5.00    5.00    5.00    7.95
  421      56        2   100.00    0.00    0.21    5.00    5.00    5.00    7.95
  422      57        2   100.00    0.00    0.21    5.00    5.00    5.00    7.95
  423      58        2   100.00    0.00    0.21    5.00    5.00    5.00    7.95
  424      59        2   100.00    0.00    0.21    5.00    5.00    5.00    7.95
  425      60        2   100.00    0.00    0.21    5.00    5.00    5.00    7.95
  426      61        2   100.00    0.00    0.21    5.00    5.00    5.00    7.95
  427      62        2   100.00    0.00    0.21    5.00    5.00    5.00    7.95
  428      63        2   100.00    0.00    0.21    5.00    5.00    5.00    7.95
  429      64        2   100.00    0.00    0.21    5.00    5.00    5.00    7.95
  430      65        2   100.00    0.00    0.21    5.00    5.00    5.00    7.95
  431      66        2   100.00    0.00    0.21    5.00    5.00    5.00    7.95
  432      67        2   100.00    0.00    0.21    5.00    5.00    5.00    7.95
  433      68        2   100.00    0.00    0.21    5.00    5.00    5.00    7.95
  434      69        2   100.00    0.00    0.21    5.00    5.00    5.00    7.95
  435      70        2   100.00    0.00    0.21    5.00    5.00    5.00    7.95
  436      71        2   100.00    0.00    0.21    5.00    5.00    5.00    7.95
  437      72        2   100.00    0.00    0.21    5.00    5.00    5.00    7.95
  438      73        2   100.00    0.00    0.21    5.00    5.00    5.00    7.95
  439      74        2   100.00    0.00    0.21    5.00    5.00    5.00    7.95
  440      75        2   100.00    0.00    0.21    5.00    5.00    5.00    7.95
  441      76        2   100.00    0.00    0.21    5.00    5.00    5.00    7.95
  442      77        2   100.00    0.00    0.21    5.00    5.00    5.00    7.95
  443      78        2   100.00    0.00    0.21    5.00    5.00    5.00    7.95
  444      79        2   100.00    0.00    0.21    5.00    5.00    5.00    7.95
  445      80        2   100.00    0.00    0.21    5.00    5.00    5.00    7.95
  446      81        2   100.00    0.00    0.21    5.00    5.00    5.00    7.95
  447      82        2   100.00    0.00    0.21    5.00    5.00    5.00    7.95
  448      83        2   100.00    0.00    0.21    5.00    5.00    5.00    7.95
  449      84        2   100.00    0.00    0.21    5.00    5.00    5.00    7.95
  450      85        2   100.00    0.00    0.21    5.00    5.00    5.00    7.95
  451      86        2   100.00    0.00    0.21    5.00    5.00    5.00    7.95
  452      87        2   100.00    0.00    0.21    5.00    5.00    5.00    7.95
  453      88        2   100.00    0.00    0.21    5.00    5.00    5.00    7.95
  454      89        2   100.00    0.00    0.21    5.00    5.00    5.00    7.95
  455      90        2   100.00    0.00    0.21    5.00    5.00    5.00    7.95
  456      91        2   100.00    0.00    0.21    5.00    5.00    5.00    7.95
  457      92        2   100.00    0.00    0.21    5.00    5.00    5.00    7.95
  458      93        2   100.00    0.00    0.21    5.00    5.00    5.00    7.95
  459      94        2   100.00    0.00    0.21    5.00    5.00    5.00    7.95
  460      95        2   100.00    0.00    0.21    5.00    5.00    5.00    7.95
  461      96        2   100.00    0.00    0.21    5.00    5.00    5.00    7.95
  462      97        2   100.00    0.00    0.21    5.00    5.00    5.00    7.95
  463      98        2   100.00    0.00    0.21    5.00    5.00    5.00    7.95
  464      99        2   100.00    0.00    0.21    5.00    5.00    5.00    7.95
  465     100        2   100.00    0.00    0.21    5.00    5.00    5.00    7.95
  466     101        2   100.00    0.00    0.21    5.00    5.00    5.00    7.95
  467     102        2   100.00    0.00    0.21    5.00    5.00    5.00    7.95
  468     103        2   100.00    0.00    0.21    5.00    5.00    5.00    7.95
  469     104        2   100.00    0.00    0.21    5.00    5.00    5.00    7.95
  470     105        2   100.00    0.00    0.21    5.00    5.00    5.00    7.95
  471     106        2   100.00    0.00    0.21    5.00    5.00    5.00    7.95
  472     107        2   100.00    0.00    0.21    5.00    5.00    5.00    7.95
  473     108        2   100.00    0.00    0.21    5.00    5.00    5.00    7.95
  474     109        2   100.00    0.00    0.21    5.00    5.00    5.00    7.95
  475     110        2   100.00    0.00    0.21    5.00    5.00    5.00    7.95
  476     111        2   100.00    0.00    0.21    5.00    5.00    5.00    7.95
  477     112        2   100.00    0.00    0.21    5.00    5.00    5.00    7.95
  478     113        2   100.00    0.00    0.21    5.00    5.00    5.00    7.95
  479     114        2   100.00    0.00    0.21    5.00    5.00    5.00    7.95
  480     115        2   100.00    0.00    0.21    5.00    5.00    5.00    7.95
  481     116        2   100.00    0.00    0.21    5.00    5.00    5.00    7.95
  482     117        2   100.00    0.00    0.21    5.00    5.00    5.00    7.95
  483     118        2   100.00    0.00    0.21    5.00    5.00    5.00    7.95
  484     119        2   100.00    0.00    0.21    5.00    5.00    5.00    7.95
  485     120        2   100.00    0.00    0.21    5.00    5.00    5.00    7.95
  486     121        2   100.00    0.00    0.21    5.00    5.00    5.00    7.95
  487     122        2   100.00    0.00    0.21    5.00    5.00    5.00    7.95
  488     123        2   100.00    0.00    0.21    5.00    5.00    5.00    7.95
  489     124        2   100.00    0.00    0.21    5.00    5.00    5.00    7.95
  490     125        2   100.00    0.00    0.21    5.00    5.00    5.00    7.95
  491     126        2   100.00    0.00    0.21    5.00    5.00    5.00    7.95
  492     127        2   100.00    0.00    0.21    5.00    5.00    5.00    7.95
  493     128        2   100.00    0.00    0.21    5.00    5.00    5.00    7.95
  494     129        2   100.00    0.00    0.21    5.00    5.00    5.00    7.95
  495     130        2   100.00    0.00    0.21    5.00    5.00    5.00    7.95
  496     131        2   100.00    0.00    0.21    5.00    5.00    5.00    7.95
  497     132        2   100.00    0.00    0.21    5.00    5.00    5.00    7.95
  498     133        2   100.00    0.00    0.21    5.00    5.00    5.00    7.95
  499     134        2   100.00    0.00    0.21    5.00    5.00    5.00    7.95
  500     135        2   100.00    0.00    0.21    5.00    5.00    5.00    7.95
  501     136        2   100.00    0.00    0.21    5.00    5.00    5.00    7.95
  502     137        2   100.00    0.00    0.21    5.00    5.00    5.00    7.95
  503     138        2   100.00    0.00    0.21    5.00    5.00    5.00    7.95
  504     139        2   100.00    0.00    0.21    5.00    5.00    5.00    7.95
  505     140        2   100.00    0.00    0.21    5.00    5.00    5.00    7.95
  506     141        2   100.00    0.00    0.21    5.00    5.00    5.00    7.95
  507     142        2   100.00    0.00    0.21    5.00    5.00    5.00    7.95
  508     143        2   100.00    0.00    0.21    5.00    5.00    5.00    7.95
  509     144        2   100.00    0.00    0.21    5.00    5.00    5.00    7.95
  510     145        2   100.00    0.00    0.21    5.00    5.00    5.00    7.95
  511     146        2   100.00    0.00    0.21    5.00    5.00    5.00    7.95
  512     147        2   100.00    0.00    0.21    5.00    5.00    5.00    7.95
  513     148        2   100.00    0.00    0.21    5.00    5.00    5.00    7.95
  514     149        2   100.00    0.00    0.21    5.00    5.00    5.00    7.95
  515     150        2   100.00    0.00    0.21    5.00    5.00    5.00    7.95
  516     151        2   100.00    0.00    0.21    5.00    5.00    5.00    7.95
  517     152        2   100.00    0.00    0.21    5.00    5.00    5.00    7.95
  518     153        2   100.00    0.00    0.21    5.00    5.00    5.00    7.95
  519     154        2   100.00    0.00    0.21    5.00    5.00    5.00    7.95
  520     155        2   100.00    0.00    0.21    5.00    5.00    5.00    7.95
  521     156        2   100.00    0.00    0.21    5.00    5.00    5.00    7.95
  522     157        2   100.00    0.00    0.21    5.00    5.00    5.00    7.95
  523     158        2   100.00    0.00    0.21    5.00    5.00    5.00    7.95
  524     159        2   100.00    0.00    0.21    5.00    5.00    5.00    7.95
  525     160        2   100.00    0.00    0.21    5.00    5.00    5.00    7.95
  526     161        2   100.00    0.00    0.21    5.00    5.00    5.00    7.95
  527     162        2   100.00    0.00    0.21    5.00    5.00    5.00    7.95
  528     163        2   100.00    0.00    0.21    5.00    5.00    5.00    7.95
  529     164        2   100.00    0.00    0.21    5.00    5.00    5.00    7.95
  530     165        2   100.00    0.00    0.21    5.00    5.00    5.00    7.95
  531     166        2   100.00    0.00    0.21    5.00    5.00    5.00    7.95
  532     167        2   100.00    0.00    0.21    5.00    5.00    5.00    7.95
  533     168        2   100.00    0.00    0.21    5.00    5.00    5.00    7.95
  534     169        2   100.00    0.00    0.21    5.00    5.00    5.00    7.95
  535     170        2   100.00    0.00    0.21    5.00    5.00    5.00    7.95
  536     171        2   100.00    0.00    0.21    5.00    5.00    5.00    7.95
  537     172        2   100.00    0.00    0.21    5.00    5.00    5.00    7.95
  538     173        2   100.00    0.00    0.21    5.00    5.00    5.00    7.95
  539     174        2   100.00    0.00    0.21    5.00    5.00    5.00    7.95
  540     175        2   100.00    0.00    0.21    5.00    5.00    5.00    7.95
  541     176        2   100.00    0.00    0.21    5.00    5.00    5.00    7.95
  542     177        2   100.00    0.00    0.21    5.00    5.00    5.00    7.95
  543     178        2   100.00    0.00    0.21    5.00    5.00    5.00    7.95
  544     179        2   100.00    0.00    0.21    5.00    5.00    5.00    7.95
  545     180        2   100.00    0.00    0.21    5.00    5.00    5.00    7.95
  546     181        2   100.00    0.00    0.21    5.00    5.00    5.00    7.95
  547     182        2   100.00    0.00    0.21    5.00    5.00    5.00    7.95
  548     183        2   100.00    0.00    0.21    5.00    5.00    5.00    7.95
  549     184        2   100.00    0.00    0.21    5.00    5.00    5.00    7.95
  550     185        2   100.00    0.00    0.21    5.00    5.00    5.00    7.95
  551     186        2   100.00    0.00    0.21    5.00    5.00    5.00    7.95
  552     187        2   100.00    0.00    0.21    5.00    5.00    5.00    7.95
  553     188        2   100.00    0.00    0.21    5.00    5.00    5.00    7.95
  554     189        2   100.00    0.00    0.21    5.00    5.00    5.00    7.95
  555     190        2   100.00    0.00    0.21    5.00    5.00    5.00    7.95
  556     191        2   100.00    0.00    0.21    5.00    5.00    5.00    7.95
  557     192        2   100.00    0.00    0.21    5.00    5.00    5.00    7.95
  558     193        2   100.00    0.00    0.21    5.00    5.00    5.00    7.95
  559     194        2   100.00    0.00    0.21    5.00    5.00    5.00    7.95
  560     195        2   100.00    0.00    0.21    5.00    5.00    5.00    7.95
  561     196        2   100.00    0.00    0.21    5.00    5.00    5.00    7.95
  562     197        2   100.00    0.00    0.21    5.00    5.00    5.00    7.95
  563     198        2   100.00    0.00    0.21    5.00    5.00    5.00    7.95
  564     199        2   100.00    0.00    0.21    5.00    5.00    5.00    7.95
  565     200        2   100.00    0.00    0.21    5.00    5.00    5.00    7.95
  566     201        2   100.00    0.00    0.21    5.00    5.00    5.00    7.95
  567     202        2   100.00    0.00    0.21    5.00    5.00    5.00    7.95
  568     203        2   100.00    0.00    0.21    5.00    5.00    5.00    7.95
  569     204        2   100.00    0.00    0.21    5.00    5.00    5.00    7.95
  570     205        2   100.00    0.00    0.21    5.00    5.00    5.00    7.95
  571     206        2   100.00    0.00    0.21    5.00    5.00    5.00    7.95
  572     207        2   100.00    0.00    0.21    5.00    5.00    5.00    7.95
  573     208        2   100.00    0.00    0.21    5.00    5.00    5.00    7.95
  574     209        2   100.00    0.00    0.21    5.00    5.00    5.00    7.95
  575     210        2   100.00    0.00    0.21    5.00    5.00    5.00    7.95
  576     211        2   100.00    0.00    0.21    5.00    5.00    5.00    7.95
  577     212        2   100.00    0.00    0.21    5.00    5.00    5.00    7.95
  578     213        2   100.00    0.00    0.21    5.00    5.00    5.00    7.95
  579     214        2   100.00    0.00    0.21    5.00    5.00    5.00    7.95
  580     215        2   100.00    0.00    0.21    5.00    5.00    5.00    7.95
  581     216        2   100.00    0.00    0.21    5.00    5.00    5.00    7.95
  582     217        2   100.00    0.00    0.21    5.00    5.00    5.00    7.95
  583     218        2   100.00    0.00    0.21    5.00    5.00    5.00    7.95
  584     219        2   100.00    0.00    0.21    5.00    5.00    5.00    7.95
  585     220        2   100.00    0.00    0.21    5.00    5.00    5.00    7.95
  586     221        2   100.00    0.00    0.21    5.00    5.00    5.00    7.95
  587     222        2   100.00    0.00    0.21    5.00    5.00    5.00    7.95
  588     223        2   100.00    0.00    0.21    5.00    5.00    5.00    7.95
  589     224        2   100.00    0.00    0.21    5.00    5.00    5.00    7.95
  590     225        2   100.00    0.00    0.21    5.00    5.00    5.00    7.95
  591     226        2   100.00    0.00    0.21    5.00    5.00    5.00    7.95
  592     227        2   100.00    0.00    0.21    5.00    5.00    5.00    7.95
  593     228        2   100.00    0.00    0.21    5.00    5.00    5.00    7.95
  594     229        2   100.00    0.00    0.21    5.00    5.00    5.00    7.95
  595     230        2   100.00    0.00    0.21    5.00    5.00    5.00    7.95
  596     231        2   100.00    0.00    0.21    5.00    5.00    5.00    7.95
  597     232        2   100.00    0.00    0.21    5.00    5.00    5.00    7.95
  598     233        2   100.00    0.00    0.21    5.00    5.00    5.00    7.95
  599     234        2   100.00    0.00    0.21    5.00    5.00    5.00    7.95
  600     235        2   100.00    0.00    0.21    5.00    5.00    5.00    7.95
  601     236        2   100.00    0.00    0.21    5.00    5.00    5.00    7.95
  602     237        2   100.00    0.00    0.21    5.00    5.00    5.00    7.95
  603     238        2   100.00    0.00    0.21    5.00    5.00    5.00    7.95
  604     239        2   100.00    0.00    0.21    5.00    5.00    5.00    7.95
  605     240        2   100.00    0.00    0.21    5.00    5.00    5.00    7.95
  606     241        2   100.00    0.00    0.21    5.00    5.00    5.00    7.95
  607     242        2   100.00    0.00    0.21    5.00    5.00    5.00    7.95
  608     243        2   100.00    0.00    0.21    5.00    5.00    5.00    7.95
  609     244        2   100.00    0.00    0.21    5.00    5.00    5.00    7.95
  610     245        2   100.00    0.00    0.21    5.00    5.00    5.00    7.95
  611     246        2   100.00    0.00    0.21    5.00    5.00    5.00    7.95
  612     247        2   100.00    0.00    0.21    5.00    5.00    5.00    7.95
  613     248        2   100.00    0.00    0.21    5.00    5.00    5.00    7.95
  614     249        2   100.00    0.00    0.21    5.00    5.00    5.00    7.95
  615     250        2   100.00    0.00    0.21    5.00    5.00    5.00    7.95
  616     251        2   100.00    0.00    0.21    5.00    5.00    5.00    7.95
  617     252        2   100.00    0.00    0.21    5.00    5.00    5.00    7.95
  618     253        2   100.00    0.00    0.21    5.00    5.00    5.00    7.95
  619     254        2   100.00    0.00    0.21    5.00    5.00    5.00    7.95
  620     255        2   100.00    0.00    0.21    5.00    5.00    5.00    7.95
  621     256        2   100.00    0.00    0.21    5.00    5.00    5.00    7.95
  622     257        2   100.00    0.00    0.21    5.00    5.00    5.00    7.95
  623     258        2   100.00    0.00    0.21    5.00    5.00    5.00    7.95
  624     259        2   100.00    0.00    0.21    5.00    5.00    5.00    7.95
  625     260        2   100.00    0.00    0.21    5.00    5.00    5.00    7.95
  626     261        2   100.00    0.00    0.21    5.00    5.00    5.00    7.95
  627     262        2   100.00    0.00    0.21    5.00    5.00    5.00    7.95
  628     263        2   100.00    0.00    0.21    5.00    5.00    5.00    7.95
  629     264        2   100.00    0.00    0.21    5.00    5.00    5.00    7.95
  630     265        2   100.00    0.00    0.21    5.00    5.00    5.00    7.95
  631     266        2   100.00    0.00    0.21    5.00    5.00    5.00    7.95
  632     267        2   100.00    0.00    0.21    5.00    5.00    5.00    7.95
  633     268        2   100.00    0.00    0.21    5.00    5.00    5.00    7.95
  634     269        2   100.00    0.00    0.21    5.00    5.00    5.00    7.95
  635     270        2   100.00    0.00    0.21    5.00    5.00    5.00    7.95
  636     271        2   100.00    0.00    0.21    5.00    5.00    5.00    7.95
  637     272        2   100.00    0.00    0.21    5.00    5.00    5.00    7.95
  638     273        2   100.00    0.00    0.21    5.00    5.00    5.00    7.95
  639     274        2   100.00    0.00    0.21    5.00    5.00    5.00    7.95
  640     275        2   100.00    0.00    0.21    5.00    5.00    5.00    7.95
  641     276        2   100.00    0.00    0.21    5.00    5.00    5.00    7.95
  642     277        2   100.00    0.00    0.21    5.00    5.00    5.00    7.95
  643     278        2   100.00    0.00    0.21    5.00    5.00    5.00    7.95
  644     279        2   100.00    0.00    0.21    5.00    5.00    5.00    7.95
  645     280        2   100.00    0.00    0.21    5.00    5.00    5.00    7.95
  646     281        2   100.00    0.00    0.21    5.00    5.00    5.00    7.95
  647     282        2   100.00    0.00    0.21    5.00    5.00    5.00    7.95
  648     283        2   100.00    0.00    0.21    5.00    5.00    5.00    7.95
  649     284        2   100.00    0.00    0.21    5.00    5.00    5.00    7.95
  650     285        2   100.00    0.00    0.21    5.00    5.00    5.00    7.95
  651     286        2   100.00    0.00    0.21    5.00    5.00    5.00    7.95
  652     287        2   100.00    0.00    0.21    5.00    5.00    5.00    7.95
  653     288        2   100.00    0.00    0.21    5.00    5.00    5.00    7.95
  654     289        2   100.00    0.00    0.21    5.00    5.00    5.00    7.95
  655     290        2   100.00    0.00    0.21    5.00    5.00    5.00    7.95
  656     291        2   100.00    0.00    0.21    5.00    5.00    5.00    7.95
  657     292        2   100.00    0.00    0.21    5.00    5.00    5.00    7.95
  658     293        2   100.00    0.00    0.21    5.00    5.00    5.00    7.95
  659     294        2   100.00    0.00    0.21    5.00    5.00    5.00    7.95
  660     295        2   100.00    0.00    0.21    5.00    5.00    5.00    7.95
  661     296        2   100.00    0.00    0.21    5.00    5.00    5.00    7.95
  662     297        2   100.00    0.00    0.21    5.00    5.00    5.00    7.95
  663     298        2   100.00    0.00    0.21    5.00    5.00    5.00    7.95
  664     299        2   100.00    0.00    0.21    5.00    5.00    5.00    7.95
  665     300        2   100.00    0.00    0.21    5.00    5.00    5.00    7.95
  666     301        2   100.00    0.00    0.21    5.00    5.00    5.00    7.95
  667     302        2   100.00    0.00    0.21    5.00    5.00    5.00    7.95
  668     303        2   100.00    0.00    0.21    5.00    5.00    5.00    7.95
  669     304        2   100.00    0.00    0.21    5.00    5.00    5.00    7.95
  670     305        2   100.00    0.00    0.21    5.00    5.00    5.00    7.95
  671     306        2   100.00    0.00    0.21    5.00    5.00    5.00    7.95
  672     307        2   100.00    0.00    0.21    5.00    5.00    5.00    7.95
  673     308        2   100.00    0.00    0.21    5.00    5.00    5.00    7.95
  674     309        2   100.00    0.00    0.21    5.00    5.00    5.00    7.95
  675     310        2   100.00    0.00    0.21    5.00    5.00    5.00    7.95
  676     311        2   100.00    0.00    0.21    5.00    5.00    5.00    7.95
  677     312        2   100.00    0.00    0.21    5.00    5.00    5.00    7.95
  678     313        2   100.00    0.00    0.21    5.00    5.00    5.00    7.95
  679     314        2   100.00    0.00    0.21    5.00    5.00    5.00    7.95
  680     315        2   100.00    0.00    0.21    5.00    5.00    5.00    7.95
  681     316        2   100.00    0.00    0.21    5.00    5.00    5.00    7.95
  682     317        2   100.00    0.00    0.21    5.00    5.00    5.00    7.95
  683     318        2   100.00    0.00    0.21    5.00    5.00    5.00    7.95
  684     319        2   100.00    0.00    0.21    5.00    5.00    5.00    7.95
  685     320        2   100.00    0.00    0.21    5.00    5.00    5.00    7.95
  686     321        2   100.00    0.00    0.21    5.00    5.00    5.00    7.95
  687     322        2   100.00    0.00    0.21    5.00    5.00    5.00    7.95
  688     323        2   100.00    0.00    0.21    5.00    5.00    5.00    7.95
  689     324        2   100.00    0.00    0.21    5.00    5.00    5.00    7.95
  690     325        2   100.00    0.00    0.21    5.00    5.00    5.00    7.95
  691     326        2   100.00    0.00    0.21    5.00    5.00    5.00    7.95
  692     327        2   100.00    0.00    0.21    5.00    5.00    5.00    7.95
  693     328        2   100.00    0.00    0.21    5.00    5.00    5.00    7.95
  694     329        2   100.00    0.00    0.21    5.00    5.00    5.00    7.95
  695     330        2   100.00    0.00    0.21    5.00    5.00    5.00    7.95
  696     331        2   100.00    0.00    0.21    5.00    5.00    5.00    7.95
  697     332        2   100.00    0.00    0.21    5.00    5.00    5.00    7.95
  698     333        2   100.00    0.00    0.21    5.00    5.00    5.00    7.95
  699     334        2   100.00    0.00    0.21    5.00    5.00    5.00    7.95
  700     335        2   100.00    0.00    0.21    5.00    5.00    5.00    7.95
  701     336        2   100.00    0.00    0.21    5.00    5.00    5.00    7.95
  702     337        2   100.00    0.00    0.21    5.00    5.00    5.00    7.95
  703     338        2   100.00    0.00    0.21    5.00    5.00    5.00    7.95
  704     339        2   100.00    0.00    0.21    5.00    5.00    5.00    7.95
  705     340        2   100.00    0.00    0.21    5.00    5.00    5.00    7.95
  706     341        2   100.00    0.00    0.21    5.00    5.00    5.00    7.95
  707     342        2   100.00    0.00    0.21    5.00    5.00    5.00    7.95
  708     343        2   100.00    0.00    0.21    5.00    5.00    5.00    7.95
  709     344        2   100.00    0.00    0.21    5.00    5.00    5.00    7.95
  710     345        2   100.00    0.00    0.21    5.00    5.00    5.00    7.95
  711     346        2   100.00    0.00    0.21    5.00    5.00    5.00    7.95
  712     347        2   100.00    0.00    0.21    5.00    5.00    5.00    7.95
  713     348        2   100.00    0.00    0.21    5.00    5.00    5.00    7.95
  714     349        2   100.00    0.00    0.21    5.00    5.00    5.00    7.95
  715     350        2   100.00    0.00    0.21    5.00    5.00    5.00    7.95
  716     351        2   100.00    0.00    0.21    5.00    5.00    5.00    7.95
  717     352        2   100.00    0.00    0.21    5.00    5.00    5.00    7.95
  718     353        2   100.00    0.00    0.21    5.00    5.00    5.00    7.95
  719     354        2   100.00    0.00    0.21    5.00    5.00    5.00    7.95
  720     355        2   100.00    0.00    0.21    5.00    5.00    5.00    7.95
  721     356        2   100.00    0.00    0.21    5.00    5.00    5.00    7.95
  722     357        2   100.00    0.00    0.21    5.00    5.00    5.00    7.95
  723     358        2   100.00    0.00    0.21    5.00    5.00    5.00    7.95
  724     359        2   100.00    0.00    0.21    5.00    5.00    5.00    7.95
  725     360        2   100.00    0.00    0.21    5.00    5.00    5.00    7.95
  726     361        2   100.00    0.00    0.21    5.00    5.00    5.00    7.95
  727     362        2   100.00    0.00    0.21    5.00    5.00    5.00    7.95
  728     363        2   100.00    0.00    0.21    5.00    5.00    5.00    7.95
  729     364        2   100.00    0.00    0.21    5.00    5.00    5.00    7.95
  730     365        2   100.00    0.00    0.21    5.00    5.00    5.00    7.95
  731       1        3   100.00    0.00    0.21    5.00    5.00    5.00    7.95
  732       2        3   100.00    0.00    0.21    5.00    5.00    5.00    7.95
  733       3        3   100.00    0.00    0.21    5.00    5.00    5.00    7.95
  734       4        3   100.00    0.00    0.21    5.00    5.00    5.00    7.95
  735       5        3   100.00    0.00    0.21    5.00    5.00    5.00    7.95
  736       6        3   100.00    0.00    0.21    5.00    5.00    5.00    7.95
  737       7        3   100.00    0.00    0.21    5.00    5.00    5.00    7.95
  738       8        3   100.00    0.00    0.21    5.00    5.00    5.00    7.95
  739       9        3   100.00    0.00    0.21    5.00    5.00    5.00    7.95
  740      10        3   100.00    0.00    0.21    5.00    5.00    5.00    7.95
  741      11        3   100.00    0.00    0.21    5.00    5.00    5.00    7.95
  742      12        3   100.00    0.00    0.21    5.00    5.00    5.00    7.95
  743      13        3   100.00    0.00    0.21    5.00    5.00    5.00    7.95
  744      14        3   100.00    0.00    0.21    5.00    5.00    5.00    7.95
  745      15        3   100.00    0.00    0.21    5.00    5.00    5.00    7.95
  746      16        3   100.00    0.00    0.21    5.00    5.00    5.00    7.95
  747      17        3   100.00    0.00    0.21    5.00    5.00    5.00    7.95
  748      18        3   100.00    0.00    0.21    5.00    5.00    5.00    7.95
  749      19        3   100.00    0.00    0.21    5.00    5.00    5.00    7.95
  750      20        3   100.00    0.00    0.21    5.00    5.00    5.00    7.95
  751      21        3   100.00    0.00    0.21    5.00    5.00    5.00    7.95
  752      22        3   100.00    0.00    0.21    5.00    5.00    5.00    7.95
  753      23        3   100.00    0.00    0.21    5.00    5.00    5.00    7.95
  754      24        3   100.00    0.00    0.21    5.00    5.00    5.00    7.95
  755      25        3   100.00    0.00    0.21    5.00    5.00    5.00    7.95
  756      26        3   100.00    0.00    0.21    5.00    5.00    5.00    7.95
  757      27        3   100.00    0.00    0.21    5.00    5.00    5.00    7.95
  758      28        3   100.00    0.00    0.21    5.00    5.00    5.00    7.95
  759      29        3   100.00    0.00    0.21    5.00    5.00    5.00    7.95
  760      30        3   100.00    0.00    0.21    5.00    5.00    5.00    7.95
  761      31        3   100.00    0.00    0.21    5.00    5.00    5.00    7.95
  762      32        3   100.00    0.00    0.21    5.00    5.00    5.00    7.95
  763      33        3   100.00    0.00    0.21    5.00    5.00    5.00    7.95
  764      34        3   100.00    0.00    0.21    5.00    5.00    5.00    7.95
  765      35        3   100.00    0.00    0.21    5.00    5.00    5.00    7.95
  766      36        3   100.00    0.00    0.21    5.00    5.00    5.00    7.95
  767      37        3   100.00    0.00    0.21    5.00    5.00    5.00    7.95
  768      38        3   100.00    0.00    0.21    5.00    5.00    5.00    7.95
  769      39        3   100.00    0.00    0.21    5.00    5.00    5.00    7.95
  770      40        3   100.00    0.00    0.21    5.00    5.00    5.00    7.95
  771      41        3   100.00    0.00    0.21    5.00    5.00    5.00    7.95
  772      42        3   100.00    0.00    0.21    5.00    5.00    5.00    7.95
  773      43        3   100.00    0.00    0.21    5.00    5.00    5.00    7.95
  774      44        3   100.00    0.00    0.21    5.00    5.00    5.00    7.95
  775      45        3   100.00    0.00    0.21    5.00    5.00    5.00    7.95
  776      46        3   100.00    0.00    0.21    5.00    5.00    5.00    7.95
  777      47        3   100.00    0.00    0.21    5.00    5.00    5.00    7.95
  778      48        3   100.00    0.00    0.21    5.00    5.00    5.00    7.95
  779      49        3   100.00    0.00    0.21    5.00    5.00    5.00    7.95
  780      50        3   100.00    0.00    0.21    5.00    5.00    5.00    7.95
  781      51        3   100.00    0.00    0.21    5.00    5.00    5.00    7.95
  782      52        3   100.00    0.00    0.21    5.00    5.00    5.00    7.95
  783      53        3   100.00    0.00    0.21    5.00    5.00    5.00    7.95
  784      54        3   100.00    0.00    0.21    5.00    5.00    5.00    7.95
  785      55        3   100.00    0.00    0.21    5.00    5.00    5.00    7.95
  786      56        3   100.00    0.00    0.21    5.00    5.00    5.00    7.95
  787      57        3   100.00    0.00    0.21    5.00    5.00    5.00    7.95
  788      58        3   100.00    0.00    0.21    5.00    5.00    5.00    7.95
  789      59        3   100.00    0.00    0.21    5.00    5.00    5.00    7.95
  790      60        3   100.00    0.00    0.21    5.00    5.00    5.00    7.95
  791      61        3   100.00    0.00    0.21    5.00    5.00    5.00    7.95
  792      62        3   100.00    0.00    0.21    5.00    5.00    5.00    7.95
  793      63        3   100.00    0.00    0.21    5.00    5.00    5.00    7.95
  794      64        3   100.00    0.00    0.21    5.00    5.00    5.00    7.95
  795      65        3   100.00    0.00    0.21    5.00    5.00    5.00    7.95
  796      66        3   100.00    0.00    0.21    5.00    5.00    5.00    7.95
  797      67        3   100.00    0.00    0.21    5.00    5.00    5.00    7.95
  798      68        3   100.00    0.00    0.21    5.00    5.00    5.00    7.95
  799      69        3   100.00    0.00    0.21    5.00    5.00    5.00    7.95
  800      70        3   100.00    0.00    0.21    5.00    5.00    5.00    7.95
  801      71        3   100.00    0.00    0.21    5.00    5.00    5.00    7.95
  802      72        3   100.00    0.00    0.21    5.00    5.00    5.00    7.95
  803      73        3   100.00    0.00    0.21    5.00    5.00    5.00    7.95
  804      74        3   100.00    0.00    0.21    5.00    5.00    5.00    7.95
  805      75        3   100.00    0.00    0.21    5.00    5.00    5.00    7.95
  806      76        3   100.00    0.00    0.21    5.00    5.00    5.00    7.95
  807      77        3   100.00    0.00    0.21    5.00    5.00    5.00    7.95
  808      78        3   100.00    0.00    0.21    5.00    5.00    5.00    7.95
  809      79        3   100.00    0.00    0.21    5.00    5.00    5.00    7.95
  810      80        3   100.00    0.00    0.21    5.00    5.00    5.00    7.95
  811      81        3   100.00    0.00    0.21    5.00    5.00    5.00    7.95
  812      82        3   100.00    0.00    0.21    5.00    5.00    5.00    7.95
  813      83        3   100.00    0.00    0.21    5.00    5.00    5.00    7.95
  814      84        3   100.00    0.00    0.21    5.00    5.00    5.00    7.95
  815      85        3   100.00    0.00    0.21    5.00    5.00    5.00    7.95
  816      86        3   100.00    0.00    0.21    5.00    5.00    5.00    7.95
  817      87        3   100.00    0.00    0.21    5.00    5.00    5.00    7.95
  818      88        3   100.00    0.00    0.21    5.00    5.00    5.00    7.95
  819      89        3   100.00    0.00    0.21    5.00    5.00    5.00    7.95
  820      90        3   100.00    0.00    0.21    5.00    5.00    5.00    7.95
  821      91        3   100.00    0.00    0.21    5.00    5.00    5.00    7.95
  822      92        3   100.00    0.00    0.21    5.00    5.00    5.00    7.95
  823      93        3   100.00    0.00    0.21    5.00    5.00    5.00    7.95
  824      94        3   100.00    0.00    0.21    5.00    5.00    5.00    7.95
  825      95        3   100.00    0.00    0.21    5.00    5.00    5.00    7.95
  826      96        3   100.00    0.00    0.21    5.00    5.00    5.00    7.95
  827      97        3   100.00    0.00    0.21    5.00    5.00    5.00    7.95
  828      98        3   100.00    0.00    0.21    5.00    5.00    5.00    7.95
  829      99        3   100.00    0.00    0.21    5.00    5.00    5.00    7.95
  830     100        3   100.00    0.00    0.21    5.00    5.00    5.00    7.95
  831     101        3   100.00    0.00    0.21    5.00    5.00    5.00    7.95
  832     102        3   100.00    0.00    0.21    5.00    5.00    5.00    7.95
  833     103        3   100.00    0.00    0.21    5.00    5.00    5.00    7.95
  834     104        3   100.00    0.00    0.21    5.00    5.00    5.00    7.95
  835     105        3   100.00    0.00    0.21    5.00    5.00    5.00    7.95
  836     106        3   100.00    0.00    0.21    5.00    5.00    5.00    7.95
  837     107        3   100.00    0.00    0.21    5.00    5.00    5.00    7.95
  838     108        3   100.00    0.00    0.21    5.00    5.00    5.00    7.95
  839     109        3   100.00    0.00    0.21    5.00    5.00    5.00    7.95
  840     110        3   100.00    0.00    0.21    5.00    5.00    5.00    7.95
  841     111        3   100.00    0.00    0.21    5.00    5.00    5.00    7.95
  842     112        3   100.00    0.00    0.21    5.00    5.00    5.00    7.95
  843     113        3   100.00    0.00    0.21    5.00    5.00    5.00    7.95
  844     114        3   100.00    0.00    0.21    5.00    5.00    5.00    7.95
  845     115        3   100.00    0.00    0.21    5.00    5.00    5.00    7.95
  846     116        3   100.00    0.00    0.21    5.00    5.00    5.00    7.95
  847     117        3   100.00    0.00    0.21    5.00    5.00    5.00    7.95
  848     118        3   100.00    0.00    0.21    5.00    5.00    5.00    7.95
  849     119        3   100.00    0.00    0.21    5.00    5.00    5.00    7.95
  850     120        3   100.00    0.00    0.21    5.00    5.00    5.00    7.95
  851     121        3   100.00    0.00    0.21    5.00    5.00    5.00    7.95
  852     122        3   100.00    0.00    0.21    5.00    5.00    5.00    7.95
  853     123        3   100.00    0.00    0.21    5.00    5.00    5.00    7.95
  854     124        3   100.00    0.00    0.21    5.00    5.00    5.00    7.95
  855     125        3   100.00    0.00    0.21    5.00    5.00    5.00    7.95
  856     126        3   100.00    0.00    0.21    5.00    5.00    5.00    7.95
  857     127        3   100.00    0.00    0.21    5.00    5.00    5.00    7.95
  858     128        3   100.00    0.00    0.21    5.00    5.00    5.00    7.95
  859     129        3   100.00    0.00    0.21    5.00    5.00    5.00    7.95
  860     130        3   100.00    0.00    0.21    5.00    5.00    5.00    7.95
  861     131        3   100.00    0.00    0.21    5.00    5.00    5.00    7.95
  862     132        3   100.00    0.00    0.21    5.00    5.00    5.00    7.95
  863     133        3   100.00    0.00    0.21    5.00    5.00    5.00    7.95
  864     134        3   100.00    0.00    0.21    5.00    5.00    5.00    7.95
  865     135        3   100.00    0.00    0.21    5.00    5.00    5.00    7.95
  866     136        3   100.00    0.00    0.21    5.00    5.00    5.00    7.95
  867     137        3   100.00    0.00    0.21    5.00    5.00    5.00    7.95
  868     138        3   100.00    0.00    0.21    5.00    5.00    5.00    7.95
  869     139        3   100.00    0.00    0.21    5.00    5.00    5.00    7.95
  870     140        3   100.00    0.00    0.21    5.00    5.00    5.00    7.95
  871     141        3   100.00    0.00    0.21    5.00    5.00    5.00    7.95
  872     142        3   100.00    0.00    0.21    5.00    5.00    5.00    7.95
  873     143        3   100.00    0.00    0.21    5.00    5.00    5.00    7.95
  874     144        3   100.00    0.00    0.21    5.00    5.00    5.00    7.95
  875     145        3   100.00    0.00    0.21    5.00    5.00    5.00    7.95
  876     146        3   100.00    0.00    0.21    5.00    5.00    5.00    7.95
  877     147        3   100.00    0.00    0.21    5.00    5.00    5.00    7.95
  878     148        3   100.00    0.00    0.21    5.00    5.00    5.00    7.95
  879     149        3   100.00    0.00    0.21    5.00    5.00    5.00    7.95
  880     150        3   100.00    0.00    0.21    5.00    5.00    5.00    7.95
  881     151        3   100.00    0.00    0.21    5.00    5.00    5.00    7.95
  882     152        3   100.00    0.00    0.21    5.00    5.00    5.00    7.95
  883     153        3   100.00    0.00    0.21    5.00    5.00    5.00    7.95
  884     154        3   100.00    0.00    0.21    5.00    5.00    5.00    7.95
  885     155        3   100.00    0.00    0.21    5.00    5.00    5.00    7.95
  886     156        3   100.00    0.00    0.21    5.00    5.00    5.00    7.95
  887     157        3   100.00    0.00    0.21    5.00    5.00    5.00    7.95
  888     158        3   100.00    0.00    0.21    5.00    5.00    5.00    7.95
  889     159        3   100.00    0.00    0.21    5.00    5.00    5.00    7.95
  890     160        3   100.00    0.00    0.21    5.00    5.00    5.00    7.95
  891     161        3   100.00    0.00    0.21    5.00    5.00    5.00    7.95
  892     162        3   100.00    0.00    0.21    5.00    5.00    5.00    7.95
  893     163        3   100.00    0.00    0.21    5.00    5.00    5.00    7.95
  894     164        3   100.00    0.00    0.21    5.00    5.00    5.00    7.95
  895     165        3   100.00    0.00    0.21    5.00    5.00    5.00    7.95
  896     166        3   100.00    0.00    0.21    5.00    5.00    5.00    7.95
  897     167        3   100.00    0.00    0.21    5.00    5.00    5.00    7.95
  898     168        3   100.00    0.00    0.21    5.00    5.00    5.00    7.95
  899     169        3   100.00    0.00    0.21    5.00    5.00    5.00    7.95
  900     170        3   100.00    0.00    0.21    5.00    5.00    5.00    7.95
  901     171        3   100.00    0.00    0.21    5.00    5.00    5.00    7.95
  902     172        3   100.00    0.00    0.21    5.00    5.00    5.00    7.95
  903     173        3   100.00    0.00    0.21    5.00    5.00    5.00    7.95
  904     174        3   100.00    0.00    0.21    5.00    5.00    5.00    7.95
  905     175        3   100.00    0.00    0.21    5.00    5.00    5.00    7.95
  906     176        3   100.00    0.00    0.21    5.00    5.00    5.00    7.95
  907     177        3   100.00    0.00    0.21    5.00    5.00    5.00    7.95
  908     178        3   100.00    0.00    0.21    5.00    5.00    5.00    7.95
  909     179        3   100.00    0.00    0.21    5.00    5.00    5.00    7.95
  910     180        3   100.00    0.00    0.21    5.00    5.00    5.00    7.95
  911     181        3   100.00    0.00    0.21    5.00    5.00    5.00    7.95
  912     182        3   100.00    0.00    0.21    5.00    5.00    5.00    7.95
  913     183        3   100.00    0.00    0.21    5.00    5.00    5.00    7.95
  914     184        3   100.00    0.00    0.21    5.00    5.00    5.00    7.95
  915     185        3   100.00    0.00    0.21    5.00    5.00    5.00    7.95
  916     186        3   100.00    0.00    0.21    5.00    5.00    5.00    7.95
  917     187        3   100.00    0.00    0.21    5.00    5.00    5.00    7.95
  918     188        3   100.00    0.00    0.21    5.00    5.00    5.00    7.95
  919     189        3   100.00    0.00    0.21    5.00    5.00    5.00    7.95
  920     190        3   100.00    0.00    0.21    5.00    5.00    5.00    7.95
  921     191        3   100.00    0.00    0.21    5.00    5.00    5.00    7.95
  922     192        3   100.00    0.00    0.21    5.00    5.00    5.00    7.95
  923     193        3   100.00    0.00    0.21    5.00    5.00    5.00    7.95
  924     194        3   100.00    0.00    0.21    5.00    5.00    5.00    7.95
  925     195        3   100.00    0.00    0.21    5.00    5.00    5.00    7.95
  926     196        3   100.00    0.00    0.21    5.00    5.00    5.00    7.95
  927     197        3   100.00    0.00    0.21    5.00    5.00    5.00    7.95
  928     198        3   100.00    0.00    0.21    5.00    5.00    5.00    7.95
  929     199        3   100.00    0.00    0.21    5.00    5.00    5.00    7.95
  930     200        3   100.00    0.00    0.21    5.00    5.00    5.00    7.95
  931     201        3   100.00    0.00    0.21    5.00    5.00    5.00    7.95
  932     202        3   100.00    0.00    0.21    5.00    5.00    5.00    7.95
  933     203        3   100.00    0.00    0.21    5.00    5.00    5.00    7.95
  934     204        3   100.00    0.00    0.21    5.00    5.00    5.00    7.95
  935     205        3   100.00    0.00    0.21    5.00    5.00    5.00    7.95
  936     206        3   100.00    0.00    0.21    5.00    5.00    5.00    7.95
  937     207        3   100.00    0.00    0.21    5.00    5.00    5.00    7.95
  938     208        3   100.00    0.00    0.21    5.00    5.00    5.00    7.95
  939     209        3   100.00    0.00    0.21    5.00    5.00    5.00    7.95
  940     210        3   100.00    0.00    0.21    5.00    5.00    5.00    7.95
  941     211        3   100.00    0.00    0.21    5.00    5.00    5.00    7.95
  942     212        3   100.00    0.00    0.21    5.00    5.00    5.00    7.95
  943     213        3   100.00    0.00    0.21    5.00    5.00    5.00    7.95
  944     214        3   100.00    0.00    0.21    5.00    5.00    5.00    7.95
  945     215        3   100.00    0.00    0.21    5.00    5.00    5.00    7.95
  946     216        3   100.00    0.00    0.21    5.00    5.00    5.00    7.95
  947     217        3   100.00    0.00    0.21    5.00    5.00    5.00    7.95
  948     218        3   100.00    0.00    0.21    5.00    5.00    5.00    7.95
  949     219        3   100.00    0.00    0.21    5.00    5.00    5.00    7.95
  950     220        3   100.00    0.00    0.21    5.00    5.00    5.00    7.95
  951     221        3   100.00    0.00    0.21    5.00    5.00    5.00    7.95
  952     222        3   100.00    0.00    0.21    5.00    5.00    5.00    7.95
  953     223        3   100.00    0.00    0.21    5.00    5.00    5.00    7.95
  954     224        3   100.00    0.00    0.21    5.00    5.00    5.00    7.95
  955     225        3   100.00    0.00    0.21    5.00    5.00    5.00    7.95
  956     226        3   100.00    0.00    0.21    5.00    5.00    5.00    7.95
  957     227        3   100.00    0.00    0.21    5.00    5.00    5.00    7.95
  958     228        3   100.00    0.00    0.21    5.00    5.00    5.00    7.95
  959     229        3   100.00    0.00    0.21    5.00    5.00    5.00    7.95
  960     230        3   100.00    0.00    0.21    5.00    5.00    5.00    7.95
  961     231        3   100.00    0.00    0.21    5.00    5.00    5.00    7.95
  962     232        3   100.00    0.00    0.21    5.00    5.00    5.00    7.95
  963     233        3   100.00    0.00    0.21    5.00    5.00    5.00    7.95
  964     234        3   100.00    0.00    0.21    5.00    5.00    5.00    7.95
  965     235        3   100.00    0.00    0.21    5.00    5.00    5.00    7.95
  966     236        3   100.00    0.00    0.21    5.00    5.00    5.00    7.95
  967     237        3   100.00    0.00    0.21    5.00    5.00    5.00    7.95
  968     238        3   100.00    0.00    0.21    5.00    5.00    5.00    7.95
  969     239        3   100.00    0.00    0.21    5.00    5.00    5.00    7.95
  970     240        3   100.00    0.00    0.21    5.00    5.00    5.00    7.95
  971     241        3   100.00    0.00    0.21    5.00    5.00    5.00    7.95
  972     242        3   100.00    0.00    0.21    5.00    5.00    5.00    7.95
  973     243        3   100.00    0.00    0.21    5.00    5.00    5.00    7.95
  974     244        3   100.00    0.00    0.21    5.00    5.00    5.00    7.95
  975     245        3   100.00    0.00    0.21    5.00    5.00    5.00    7.95
  976     246        3   100.00    0.00    0.21    5.00    5.00    5.00    7.95
  977     247        3   100.00    0.00    0.21    5.00    5.00    5.00    7.95
  978     248        3   100.00    0.00    0.21    5.00    5.00    5.00    7.95
  979     249        3   100.00    0.00    0.21    5.00    5.00    5.00    7.95
  980     250        3   100.00    0.00    0.21    5.00    5.00    5.00    7.95
  981     251        3   100.00    0.00    0.21    5.00    5.00    5.00    7.95
  982     252        3   100.00    0.00    0.21    5.00    5.00    5.00    7.95
  983     253        3   100.00    0.00    0.21    5.00    5.00    5.00    7.95
  984     254        3   100.00    0.00    0.21    5.00    5.00    5.00    7.95
  985     255        3   100.00    0.00    0.21    5.00    5.00    5.00    7.95
  986     256        3   100.00    0.00    0.21    5.00    5.00    5.00    7.95
  987     257        3   100.00    0.00    0.21    5.00    5.00    5.00    7.95
  988     258        3   100.00    0.00    0.21    5.00    5.00    5.00    7.95
  989     259        3   100.00    0.00    0.21    5.00    5.00    5.00    7.95
  990     260        3   100.00    0.00    0.21    5.00    5.00    5.00    7.95
  991     261        3   100.00    0.00    0.21    5.00    5.00    5.00    7.95
  992     262        3   100.00    0.00    0.21    5.00    5.00    5.00    7.95
  993     263        3   100.00    0.00    0.21    5.00    5.00    5.00    7.95
  994     264        3   100.00    0.00    0.21    5.00    5.00    5.00    7.95
  995     265        3   100.00    0.00    0.21    5.00    5.00    5.00    7.95
  996     266        3   100.00    0.00    0.21    5.00    5.00    5.00    7.95
  997     267        3   100.00    0.00    0.21    5.00    5.00    5.00    7.95
  998     268        3   100.00    0.00    0.21    5.00    5.00    5.00    7.95
  999     269        3   100.00    0.00    0.21    5.00    5.00    5.00    7.95
 1000     270        3   100.00    0.00    0.21    5.00    5.00    5.00    7.95
 1001     271        3   100.00    0.00    0.21    5.00    5.00    5.00    7.95
 1002     272        3   100.00    0.00    0.21    5.00    5.00    5.00    7.95
 1003     273        3   100.00    0.00    0.21    5.00    5.00    5.00    7.95
 1004     274        3   100.00    0.00    0.21    5.00    5.00    5.00    7.95
 1005     275        3   100.00    0.00    0.21    5.00    5.00    5.00    7.95
 1006     276        3   100.00    0.00    0.21    5.00    5.00    5.00    7.95
 1007     277        3   100.00    0.00    0.21    5.00    5.00    5.00    7.95
 1008     278        3   100.00    0.00    0.21    5.00    5.00    5.00    7.95
 1009     279        3   100.00    0.00    0.21    5.00    5.00    5.00    7.95
 1010     280        3   100.00    0.00    0.21    5.00    5.00    5.00    7.95
 1011     281        3   100.00    0.00    0.21    5.00    5.00    5.00    7.95
 1012     282        3   100.00    0.00    0.21    5.00    5.00    5.00    7.95
 1013     283        3   100.00    0.00    0.21    5.00    5.00    5.00    7.95
 1014     284        3   100.00    0.00    0.21    5.00    5.00    5.00    7.95
 1015     285        3   100.00    0.00    0.21    5.00    5.00    5.00    7.95
 1016     286        3   100.00    0.00    0.21    5.00    5.00    5.00    7.95
 1017     287        3   100.00    0.00    0.21    5.00    5.00    5.00    7.95
 1018     288        3   100.00    0.00    0.21    5.00    5.00    5.00    7.95
 1019     289        3   100.00    0.00    0.21    5.00    5.00    5.00    7.95
 1020     290        3   100.00    0.00    0.21    5.00    5.00    5.00    7.95
 1021     291        3   100.00    0.00    0.21    5.00    5.00    5.00    7.95
 1022     292        3   100.00    0.00    0.21    5.00    5.00    5.00    7.95
 1023     293        3   100.00    0.00    0.21    5.00    5.00    5.00    7.95
 1024     294        3   100.00    0.00    0.21    5.00    5.00    5.00    7.95
 1025     295        3   100.00    0.00    0.21    5.00    5.00    5.00    7.95
 1026     296        3   100.00    0.00    0.21    5.00    5.00    5.00    7.95
 1027     297        3   100.00    0.00    0.21    5.00    5.00    5.00    7.95
 1028     298        3   100.00    0.00    0.21    5.00    5.00    5.00    7.95
 1029     299        3   100.00    0.00    0.21    5.00    5.00    5.00    7.95
 1030     300        3   100.00    0.00    0.21    5.00    5.00    5.00    7.95
 1031     301        3   100.00    0.00    0.21    5.00    5.00    5.00    7.95
 1032     302        3   100.00    0.00    0.21    5.00    5.00    5.00    7.95
 1033     303        3   100.00    0.00    0.21    5.00    5.00    5.00    7.95
 1034     304        3   100.00    0.00    0.21    5.00    5.00    5.00    7.95
 1035     305        3   100.00    0.00    0.21    5.00    5.00    5.00    7.95
 1036     306        3   100.00    0.00    0.21    5.00    5.00    5.00    7.95
 1037     307        3   100.00    0.00    0.21    5.00    5.00    5.00    7.95
 1038     308        3   100.00    0.00    0.21    5.00    5.00    5.00    7.95
 1039     309        3   100.00    0.00    0.21    5.00    5.00    5.00    7.95
 1040     310        3   100.00    0.00    0.21    5.00    5.00    5.00    7.95
 1041     311        3   100.00    0.00    0.21    5.00    5.00    5.00    7.95
 1042     312        3   100.00    0.00    0.21    5.00    5.00    5.00    7.95
 1043     313        3   100.00    0.00    0.21    5.00    5.00    5.00    7.95
 1044     314        3   100.00    0.00    0.21    5.00    5.00    5.00    7.95
 1045     315        3   100.00    0.00    0.21    5.00    5.00    5.00    7.95
 1046     316        3   100.00    0.00    0.21    5.00    5.00    5.00    7.95
 1047     317        3   100.00    0.00    0.21    5.00    5.00    5.00    7.95
 1048     318        3   100.00    0.00    0.21    5.00    5.00    5.00    7.95
 1049     319        3   100.00    0.00    0.21    5.00    5.00    5.00    7.95
 1050     320        3   100.00    0.00    0.21    5.00    5.00    5.00    7.95
 1051     321        3   100.00    0.00    0.21    5.00    5.00    5.00    7.95
 1052     322        3   100.00    0.00    0.21    5.00    5.00    5.00    7.95
 1053     323        3   100.00    0.00    0.21    5.00    5.00    5.00    7.95
 1054     324        3   100.00    0.00    0.21    5.00    5.00    5.00    7.95
 1055     325        3   100.00    0.00    0.21    5.00    5.00    5.00    7.95
 1056     326        3   100.00    0.00    0.21    5.00    5.00    5.00    7.95
 1057     327        3   100.00    0.00    0.21    5.00    5.00    5.00    7.95
 1058     328        3   100.00    0.00    0.21    5.00    5.00    5.00    7.95
 1059     329        3   100.00    0.00    0.21    5.00    5.00    5.00    7.95
 1060     330        3   100.00    0.00    0.21    5.00    5.00    5.00    7.95
 1061     331        3   100.00    0.00    0.21    5.00    5.00    5.00    7.95
 1062     332        3   100.00    0.00    0.21    5.00    5.00    5.00    7.95
 1063     333        3   100.00    0.00    0.21    5.00    5.00    5.00    7.95
 1064     334        3   100.00    0.00    0.21    5.00    5.00    5.00    7.95
 1065     335        3   100.00    0.00    0.21    5.00    5.00    5.00    7.95
 1066     336        3   100.00    0.00    0.21    5.00    5.00    5.00    7.95
 1067     337        3   100.00    0.00    0.21    5.00    5.00    5.00    7.95
 1068     338        3   100.00    0.00    0.21    5.00    5.00    5.00    7.95
 1069     339        3   100.00    0.00    0.21    5.00    5.00    5.00    7.95
 1070     340        3   100.00    0.00    0.21    5.00    5.00    5.00    7.95
 1071     341        3   100.00    0.00    0.21    5.00    5.00    5.00    7.95
 1072     342        3   100.00    0.00    0.21    5.00    5.00    5.00    7.95
 1073     343        3   100.00    0.00    0.21    5.00    5.00    5.00    7.95
 1074     344        3   100.00    0.00    0.21    5.00    5.00    5.00    7.95
 1075     345        3   100.00    0.00    0.21    5.00    5.00    5.00    7.95
 1076     346        3   100.00    0.00    0.21    5.00    5.00    5.00    7.95
 1077     347        3   100.00    0.00    0.21    5.00    5.00    5.00    7.95
 1078     348        3   100.00    0.00    0.21    5.00    5.00    5.00    7.95
 1079     349        3   100.00    0.00    0.21    5.00    5.00    5.00    7.95
 1080     350        3   100.00    0.00    0.21    5.00    5.00    5.00    7.95
 1081     351        3   100.00    0.00    0.21    5.00    5.00    5.00    7.95
 1082     352        3   100.00    0.00    0.21    5.00    5.00    5.00    7.95
 1083     353        3   100.00    0.00    0.21    5.00    5.00    5.00    7.95
 1084     354        3   100.00    0.00    0.21    5.00    5.00    5.00    7.95
 1085     355        3   100.00    0.00    0.21    5.00    5.00    5.00    7.95
 1086     356        3   100.00    0.00    0.21    5.00    5.00    5.00    7.95
 1087     357        3   100.00    0.00    0.21    5.00    5.00    5.00    7.95
 1088     358        3   100.00    0.00    0.21    5.00    5.00    5.00    7.95
 1089     359        3   100.00    0.00    0.21    5.00    5.00    5.00    7.95
 1090     360        3   100.00    0.00    0.21    5.00    5.00    5.00    7.95
 1091     361        3   100.00    0.00    0.21    5.00    5.00    5.00    7.95
 1092     362        3   100.00    0.00    0.21    5.00    5.00    5.00    7.95
 1093     363        3   100.00    0.00    0.21    5.00    5.00    5.00    7.95
 1094     364        3   100.00    0.00    0.21    5.00    5.00    5.00    7.95
 1095     365        3   100.00    0.00    0.21    5.00    5.00    5.00    7.95
