 Day of  Day of Year Air   Radiation
 sim.     year        T
    1       1        1              5.           200.
    2       2        1              5.           200.
    3       3        1              5.           200.
    4       4        1              5.           200.
    5       5        1              5.           200.
    6       6        1              5.           200.
    7       7        1              5.           200.
    8       8        1              5.           200.
    9       9        1              5.           200.
   10      10        1              5.           200.
   11      11        1              5.           200.
   12      12        1              5.           200.
   13      13        1              5.           200.
   14      14        1              5.           200.
   15      15        1              5.           200.
   16      16        1              5.           200.
   17      17        1              5.           200.
   18      18        1              5.           200.
   19      19        1              5.           200.
   20      20        1              5.           200.
   21      21        1              5.           200.
   22      22        1              5.           200.
   23      23        1              5.           200.
   24      24        1              5.           200.
   25      25        1              5.           200.
   26      26        1              5.           200.
   27      27        1              5.           200.
   28      28        1              5.           200.
   29      29        1              5.           200.
   30      30        1              5.           200.
   31      31        1              5.           200.
   32      32        1              5.           200.
   33      33        1              5.           200.
   34      34        1              5.           200.
   35      35        1              5.           200.
   36      36        1              5.           200.
   37      37        1              5.           200.
   38      38        1              5.           200.
   39      39        1              5.           200.
   40      40        1              5.           200.
   41      41        1              5.           200.
   42      42        1              5.           200.
   43      43        1              5.           200.
   44      44        1              5.           200.
   45      45        1              5.           200.
   46      46        1              5.           200.
   47      47        1              5.           200.
   48      48        1              5.           200.
   49      49        1              5.           200.
   50      50        1              5.           200.
   51      51        1              5.           200.
   52      52        1              5.           200.
   53      53        1              5.           200.
   54      54        1              5.           200.
   55      55        1              5.           200.
   56      56        1              5.           200.
   57      57        1              5.           200.
   58      58        1              5.           200.
   59      59        1              5.           200.
   60      60        1              5.           200.
   61      61        1              5.           200.
   62      62        1              5.           200.
   63      63        1              5.           200.
   64      64        1              5.           200.
   65      65        1              5.           200.
   66      66        1              5.           200.
   67      67        1              5.           200.
   68      68        1              5.           200.
   69      69        1              5.           200.
   70      70        1              5.           200.
   71      71        1              5.           200.
   72      72        1              5.           200.
   73      73        1              5.           200.
   74      74        1              5.           200.
   75      75        1              5.           200.
   76      76        1              5.           200.
   77      77        1              5.           200.
   78      78        1              5.           200.
   79      79        1              5.           200.
   80      80        1              5.           200.
   81      81        1              5.           200.
   82      82        1              5.           200.
   83      83        1              5.           200.
   84      84        1              5.           200.
   85      85        1              5.           200.
   86      86        1              5.           200.
   87      87        1              5.           200.
   88      88        1              5.           200.
   89      89        1              5.           200.
   90      90        1              5.           200.
   91      91        1              5.           200.
   92      92        1              5.           200.
   93      93        1              5.           200.
   94      94        1              5.           200.
   95      95        1              5.           200.
   96      96        1              5.           200.
   97      97        1              5.           200.
   98      98        1              5.           200.
   99      99        1              5.           200.
  100     100        1              5.           200.
  101     101        1              5.           200.
  102     102        1              5.           200.
  103     103        1              5.           200.
  104     104        1              5.           200.
  105     105        1              5.           200.
  106     106        1              5.           200.
  107     107        1              5.           200.
  108     108        1              5.           200.
  109     109        1              5.           200.
  110     110        1              5.           200.
  111     111        1              5.           200.
  112     112        1              5.           200.
  113     113        1              5.           200.
  114     114        1              5.           200.
  115     115        1              5.           200.
  116     116        1              5.           200.
  117     117        1              5.           200.
  118     118        1              5.           200.
  119     119        1              5.           200.
  120     120        1              5.           200.
  121     121        1              5.           200.
  122     122        1              5.           200.
  123     123        1              5.           200.
  124     124        1              5.           200.
  125     125        1              5.           200.
  126     126        1              5.           200.
  127     127        1              5.           200.
  128     128        1              5.           200.
  129     129        1              5.           200.
  130     130        1              5.           200.
  131     131        1              5.           200.
  132     132        1              5.           200.
  133     133        1              5.           200.
  134     134        1              5.           200.
  135     135        1              5.           200.
  136     136        1              5.           200.
  137     137        1              5.           200.
  138     138        1              5.           200.
  139     139        1              5.           200.
  140     140        1              5.           200.
  141     141        1              5.           200.
  142     142        1              5.           200.
  143     143        1              5.           200.
  144     144        1              5.           200.
  145     145        1              5.           200.
  146     146        1              5.           200.
  147     147        1              5.           200.
  148     148        1              5.           200.
  149     149        1              5.           200.
  150     150        1              5.           200.
  151     151        1              5.           200.
  152     152        1              5.           200.
  153     153        1              5.           200.
  154     154        1              5.           200.
  155     155        1              5.           200.
  156     156        1              5.           200.
  157     157        1              5.           200.
  158     158        1              5.           200.
  159     159        1              5.           200.
  160     160        1              5.           200.
  161     161        1              5.           200.
  162     162        1              5.           200.
  163     163        1              5.           200.
  164     164        1              5.           200.
  165     165        1              5.           200.
  166     166        1              5.           200.
  167     167        1              5.           200.
  168     168        1              5.           200.
  169     169        1              5.           200.
  170     170        1              5.           200.
  171     171        1              5.           200.
  172     172        1              5.           200.
  173     173        1              5.           200.
  174     174        1              5.           200.
  175     175        1              5.           200.
  176     176        1              5.           200.
  177     177        1              5.           200.
  178     178        1              5.           200.
  179     179        1              5.           200.
  180     180        1              5.           200.
  181     181        1              5.           200.
  182     182        1              5.           200.
  183     183        1              5.           200.
  184     184        1              5.           200.
  185     185        1              5.           200.
  186     186        1              5.           200.
  187     187        1              5.           200.
  188     188        1              5.           200.
  189     189        1              5.           200.
  190     190        1              5.           200.
  191     191        1              5.           200.
  192     192        1              5.           200.
  193     193        1              5.           200.
  194     194        1              5.           200.
  195     195        1              5.           200.
  196     196        1              5.           200.
  197     197        1              5.           200.
  198     198        1              5.           200.
  199     199        1              5.           200.
  200     200        1              5.           200.
  201     201        1              5.           200.
  202     202        1              5.           200.
  203     203        1              5.           200.
  204     204        1              5.           200.
  205     205        1              5.           200.
  206     206        1              5.           200.
  207     207        1              5.           200.
  208     208        1              5.           200.
  209     209        1              5.           200.
  210     210        1              5.           200.
  211     211        1              5.           200.
  212     212        1              5.           200.
  213     213        1              5.           200.
  214     214        1              5.           200.
  215     215        1              5.           200.
  216     216        1              5.           200.
  217     217        1              5.           200.
  218     218        1              5.           200.
  219     219        1              5.           200.
  220     220        1              5.           200.
  221     221        1              5.           200.
  222     222        1              5.           200.
  223     223        1              5.           200.
  224     224        1              5.           200.
  225     225        1              5.           200.
  226     226        1              5.           200.
  227     227        1              5.           200.
  228     228        1              5.           200.
  229     229        1              5.           200.
  230     230        1              5.           200.
  231     231        1              5.           200.
  232     232        1              5.           200.
  233     233        1              5.           200.
  234     234        1              5.           200.
  235     235        1              5.           200.
  236     236        1              5.           200.
  237     237        1              5.           200.
  238     238        1              5.           200.
  239     239        1              5.           200.
  240     240        1              5.           200.
  241     241        1              5.           200.
  242     242        1              5.           200.
  243     243        1              5.           200.
  244     244        1              5.           200.
  245     245        1              5.           200.
  246     246        1              5.           200.
  247     247        1              5.           200.
  248     248        1              5.           200.
  249     249        1              5.           200.
  250     250        1              5.           200.
  251     251        1              5.           200.
  252     252        1              5.           200.
  253     253        1              5.           200.
  254     254        1              5.           200.
  255     255        1              5.           200.
  256     256        1              5.           200.
  257     257        1              5.           200.
  258     258        1              5.           200.
  259     259        1              5.           200.
  260     260        1              5.           200.
  261     261        1              5.           200.
  262     262        1              5.           200.
  263     263        1              5.           200.
  264     264        1              5.           200.
  265     265        1              5.           200.
  266     266        1              5.           200.
  267     267        1              5.           200.
  268     268        1              5.           200.
  269     269        1              5.           200.
  270     270        1              5.           200.
  271     271        1              5.           200.
  272     272        1              5.           200.
  273     273        1              5.           200.
  274     274        1              5.           200.
  275     275        1              5.           200.
  276     276        1              5.           200.
  277     277        1              5.           200.
  278     278        1              5.           200.
  279     279        1              5.           200.
  280     280        1              5.           200.
  281     281        1              5.           200.
  282     282        1              5.           200.
  283     283        1              5.           200.
  284     284        1              5.           200.
  285     285        1              5.           200.
  286     286        1              5.           200.
  287     287        1              5.           200.
  288     288        1              5.           200.
  289     289        1              5.           200.
  290     290        1              5.           200.
  291     291        1              5.           200.
  292     292        1              5.           200.
  293     293        1              5.           200.
  294     294        1              5.           200.
  295     295        1              5.           200.
  296     296        1              5.           200.
  297     297        1              5.           200.
  298     298        1              5.           200.
  299     299        1              5.           200.
  300     300        1              5.           200.
  301     301        1              5.           200.
  302     302        1              5.           200.
  303     303        1              5.           200.
  304     304        1              5.           200.
  305     305        1              5.           200.
  306     306        1              5.           200.
  307     307        1              5.           200.
  308     308        1              5.           200.
  309     309        1              5.           200.
  310     310        1              5.           200.
  311     311        1              5.           200.
  312     312        1              5.           200.
  313     313        1              5.           200.
  314     314        1              5.           200.
  315     315        1              5.           200.
  316     316        1              5.           200.
  317     317        1              5.           200.
  318     318        1              5.           200.
  319     319        1              5.           200.
  320     320        1              5.           200.
  321     321        1              5.           200.
  322     322        1              5.           200.
  323     323        1              5.           200.
  324     324        1              5.           200.
  325     325        1              5.           200.
  326     326        1              5.           200.
  327     327        1              5.           200.
  328     328        1              5.           200.
  329     329        1              5.           200.
  330     330        1              5.           200.
  331     331        1              5.           200.
  332     332        1              5.           200.
  333     333        1              5.           200.
  334     334        1              5.           200.
  335     335        1              5.           200.
  336     336        1              5.           200.
  337     337        1              5.           200.
  338     338        1              5.           200.
  339     339        1              5.           200.
  340     340        1              5.           200.
  341     341        1              5.           200.
  342     342        1              5.           200.
  343     343        1              5.           200.
  344     344        1              5.           200.
  345     345        1              5.           200.
  346     346        1              5.           200.
  347     347        1              5.           200.
  348     348        1              5.           200.
  349     349        1              5.           200.
  350     350        1              5.           200.
  351     351        1              5.           200.
  352     352        1              5.           200.
  353     353        1              5.           200.
  354     354        1              5.           200.
  355     355        1              5.           200.
  356     356        1              5.           200.
  357     357        1              5.           200.
  358     358        1              5.           200.
  359     359        1              5.           200.
  360     360        1              5.           200.
  361     361        1              5.           200.
  362     362        1              5.           200.
  363     363        1              5.           200.
  364     364        1              5.           200.
  365     365        1              5.           200.
  366       1        2              5.           200.
  367       2        2              5.           200.
  368       3        2              5.           200.
  369       4        2              5.           200.
  370       5        2              5.           200.
  371       6        2              5.           200.
  372       7        2              5.           200.
  373       8        2              5.           200.
  374       9        2              5.           200.
  375      10        2              5.           200.
  376      11        2              5.           200.
  377      12        2              5.           200.
  378      13        2              5.           200.
  379      14        2              5.           200.
  380      15        2              5.           200.
  381      16        2              5.           200.
  382      17        2              5.           200.
  383      18        2              5.           200.
  384      19        2              5.           200.
  385      20        2              5.           200.
  386      21        2              5.           200.
  387      22        2              5.           200.
  388      23        2              5.           200.
  389      24        2              5.           200.
  390      25        2              5.           200.
  391      26        2              5.           200.
  392      27        2              5.           200.
  393      28        2              5.           200.
  394      29        2              5.           200.
  395      30        2              5.           200.
  396      31        2              5.           200.
  397      32        2              5.           200.
  398      33        2              5.           200.
  399      34        2              5.           200.
  400      35        2              5.           200.
  401      36        2              5.           200.
  402      37        2              5.           200.
  403      38        2              5.           200.
  404      39        2              5.           200.
  405      40        2              5.           200.
  406      41        2              5.           200.
  407      42        2              5.           200.
  408      43        2              5.           200.
  409      44        2              5.           200.
  410      45        2              5.           200.
  411      46        2              5.           200.
  412      47        2              5.           200.
  413      48        2              5.           200.
  414      49        2              5.           200.
  415      50        2              5.           200.
  416      51        2              5.           200.
  417      52        2              5.           200.
  418      53        2              5.           200.
  419      54        2              5.           200.
  420      55        2              5.           200.
  421      56        2              5.           200.
  422      57        2              5.           200.
  423      58        2              5.           200.
  424      59        2              5.           200.
  425      60        2              5.           200.
  426      61        2              5.           200.
  427      62        2              5.           200.
  428      63        2              5.           200.
  429      64        2              5.           200.
  430      65        2              5.           200.
  431      66        2              5.           200.
  432      67        2              5.           200.
  433      68        2              5.           200.
  434      69        2              5.           200.
  435      70        2              5.           200.
  436      71        2              5.           200.
  437      72        2              5.           200.
  438      73        2              5.           200.
  439      74        2              5.           200.
  440      75        2              5.           200.
  441      76        2              5.           200.
  442      77        2              5.           200.
  443      78        2              5.           200.
  444      79        2              5.           200.
  445      80        2              5.           200.
  446      81        2              5.           200.
  447      82        2              5.           200.
  448      83        2              5.           200.
  449      84        2              5.           200.
  450      85        2              5.           200.
  451      86        2              5.           200.
  452      87        2              5.           200.
  453      88        2              5.           200.
  454      89        2              5.           200.
  455      90        2              5.           200.
  456      91        2              5.           200.
  457      92        2              5.           200.
  458      93        2              5.           200.
  459      94        2              5.           200.
  460      95        2              5.           200.
  461      96        2              5.           200.
  462      97        2              5.           200.
  463      98        2              5.           200.
  464      99        2              5.           200.
  465     100        2              5.           200.
  466     101        2              5.           200.
  467     102        2              5.           200.
  468     103        2              5.           200.
  469     104        2              5.           200.
  470     105        2              5.           200.
  471     106        2              5.           200.
  472     107        2              5.           200.
  473     108        2              5.           200.
  474     109        2              5.           200.
  475     110        2              5.           200.
  476     111        2              5.           200.
  477     112        2              5.           200.
  478     113        2              5.           200.
  479     114        2              5.           200.
  480     115        2              5.           200.
  481     116        2              5.           200.
  482     117        2              5.           200.
  483     118        2              5.           200.
  484     119        2              5.           200.
  485     120        2              5.           200.
  486     121        2              5.           200.
  487     122        2              5.           200.
  488     123        2              5.           200.
  489     124        2              5.           200.
  490     125        2              5.           200.
  491     126        2              5.           200.
  492     127        2              5.           200.
  493     128        2              5.           200.
  494     129        2              5.           200.
  495     130        2              5.           200.
  496     131        2              5.           200.
  497     132        2              5.           200.
  498     133        2              5.           200.
  499     134        2              5.           200.
  500     135        2              5.           200.
  501     136        2              5.           200.
  502     137        2              5.           200.
  503     138        2              5.           200.
  504     139        2              5.           200.
  505     140        2              5.           200.
  506     141        2              5.           200.
  507     142        2              5.           200.
  508     143        2              5.           200.
  509     144        2              5.           200.
  510     145        2              5.           200.
  511     146        2              5.           200.
  512     147        2              5.           200.
  513     148        2              5.           200.
  514     149        2              5.           200.
  515     150        2              5.           200.
  516     151        2              5.           200.
  517     152        2              5.           200.
  518     153        2              5.           200.
  519     154        2              5.           200.
  520     155        2              5.           200.
  521     156        2              5.           200.
  522     157        2              5.           200.
  523     158        2              5.           200.
  524     159        2              5.           200.
  525     160        2              5.           200.
  526     161        2              5.           200.
  527     162        2              5.           200.
  528     163        2              5.           200.
  529     164        2              5.           200.
  530     165        2              5.           200.
  531     166        2              5.           200.
  532     167        2              5.           200.
  533     168        2              5.           200.
  534     169        2              5.           200.
  535     170        2              5.           200.
  536     171        2              5.           200.
  537     172        2              5.           200.
  538     173        2              5.           200.
  539     174        2              5.           200.
  540     175        2              5.           200.
  541     176        2              5.           200.
  542     177        2              5.           200.
  543     178        2              5.           200.
  544     179        2              5.           200.
  545     180        2              5.           200.
  546     181        2              5.           200.
  547     182        2              5.           200.
  548     183        2              5.           200.
  549     184        2              5.           200.
  550     185        2              5.           200.
  551     186        2              5.           200.
  552     187        2              5.           200.
  553     188        2              5.           200.
  554     189        2              5.           200.
  555     190        2              5.           200.
  556     191        2              5.           200.
  557     192        2              5.           200.
  558     193        2              5.           200.
  559     194        2              5.           200.
  560     195        2              5.           200.
  561     196        2              5.           200.
  562     197        2              5.           200.
  563     198        2              5.           200.
  564     199        2              5.           200.
  565     200        2              5.           200.
  566     201        2              5.           200.
  567     202        2              5.           200.
  568     203        2              5.           200.
  569     204        2              5.           200.
  570     205        2              5.           200.
  571     206        2              5.           200.
  572     207        2              5.           200.
  573     208        2              5.           200.
  574     209        2              5.           200.
  575     210        2              5.           200.
  576     211        2              5.           200.
  577     212        2              5.           200.
  578     213        2              5.           200.
  579     214        2              5.           200.
  580     215        2              5.           200.
  581     216        2              5.           200.
  582     217        2              5.           200.
  583     218        2              5.           200.
  584     219        2              5.           200.
  585     220        2              5.           200.
  586     221        2              5.           200.
  587     222        2              5.           200.
  588     223        2              5.           200.
  589     224        2              5.           200.
  590     225        2              5.           200.
  591     226        2              5.           200.
  592     227        2              5.           200.
  593     228        2              5.           200.
  594     229        2              5.           200.
  595     230        2              5.           200.
  596     231        2              5.           200.
  597     232        2              5.           200.
  598     233        2              5.           200.
  599     234        2              5.           200.
  600     235        2              5.           200.
  601     236        2              5.           200.
  602     237        2              5.           200.
  603     238        2              5.           200.
  604     239        2              5.           200.
  605     240        2              5.           200.
  606     241        2              5.           200.
  607     242        2              5.           200.
  608     243        2              5.           200.
  609     244        2              5.           200.
  610     245        2              5.           200.
  611     246        2              5.           200.
  612     247        2              5.           200.
  613     248        2              5.           200.
  614     249        2              5.           200.
  615     250        2              5.           200.
  616     251        2              5.           200.
  617     252        2              5.           200.
  618     253        2              5.           200.
  619     254        2              5.           200.
  620     255        2              5.           200.
  621     256        2              5.           200.
  622     257        2              5.           200.
  623     258        2              5.           200.
  624     259        2              5.           200.
  625     260        2              5.           200.
  626     261        2              5.           200.
  627     262        2              5.           200.
  628     263        2              5.           200.
  629     264        2              5.           200.
  630     265        2              5.           200.
  631     266        2              5.           200.
  632     267        2              5.           200.
  633     268        2              5.           200.
  634     269        2              5.           200.
  635     270        2              5.           200.
  636     271        2              5.           200.
  637     272        2              5.           200.
  638     273        2              5.           200.
  639     274        2              5.           200.
  640     275        2              5.           200.
  641     276        2              5.           200.
  642     277        2              5.           200.
  643     278        2              5.           200.
  644     279        2              5.           200.
  645     280        2              5.           200.
  646     281        2              5.           200.
  647     282        2              5.           200.
  648     283        2              5.           200.
  649     284        2              5.           200.
  650     285        2              5.           200.
  651     286        2              5.           200.
  652     287        2              5.           200.
  653     288        2              5.           200.
  654     289        2              5.           200.
  655     290        2              5.           200.
  656     291        2              5.           200.
  657     292        2              5.           200.
  658     293        2              5.           200.
  659     294        2              5.           200.
  660     295        2              5.           200.
  661     296        2              5.           200.
  662     297        2              5.           200.
  663     298        2              5.           200.
  664     299        2              5.           200.
  665     300        2              5.           200.
  666     301        2              5.           200.
  667     302        2              5.           200.
  668     303        2              5.           200.
  669     304        2              5.           200.
  670     305        2              5.           200.
  671     306        2              5.           200.
  672     307        2              5.           200.
  673     308        2              5.           200.
  674     309        2              5.           200.
  675     310        2              5.           200.
  676     311        2              5.           200.
  677     312        2              5.           200.
  678     313        2              5.           200.
  679     314        2              5.           200.
  680     315        2              5.           200.
  681     316        2              5.           200.
  682     317        2              5.           200.
  683     318        2              5.           200.
  684     319        2              5.           200.
  685     320        2              5.           200.
  686     321        2              5.           200.
  687     322        2              5.           200.
  688     323        2              5.           200.
  689     324        2              5.           200.
  690     325        2              5.           200.
  691     326        2              5.           200.
  692     327        2              5.           200.
  693     328        2              5.           200.
  694     329        2              5.           200.
  695     330        2              5.           200.
  696     331        2              5.           200.
  697     332        2              5.           200.
  698     333        2              5.           200.
  699     334        2              5.           200.
  700     335        2              5.           200.
  701     336        2              5.           200.
  702     337        2              5.           200.
  703     338        2              5.           200.
  704     339        2              5.           200.
  705     340        2              5.           200.
  706     341        2              5.           200.
  707     342        2              5.           200.
  708     343        2              5.           200.
  709     344        2              5.           200.
  710     345        2              5.           200.
  711     346        2              5.           200.
  712     347        2              5.           200.
  713     348        2              5.           200.
  714     349        2              5.           200.
  715     350        2              5.           200.
  716     351        2              5.           200.
  717     352        2              5.           200.
  718     353        2              5.           200.
  719     354        2              5.           200.
  720     355        2              5.           200.
  721     356        2              5.           200.
  722     357        2              5.           200.
  723     358        2              5.           200.
  724     359        2              5.           200.
  725     360        2              5.           200.
  726     361        2              5.           200.
  727     362        2              5.           200.
  728     363        2              5.           200.
  729     364        2              5.           200.
  730     365        2              5.           200.
  731       1        3              5.           200.
  732       2        3              5.           200.
  733       3        3              5.           200.
  734       4        3              5.           200.
  735       5        3              5.           200.
  736       6        3              5.           200.
  737       7        3              5.           200.
  738       8        3              5.           200.
  739       9        3              5.           200.
  740      10        3              5.           200.
  741      11        3              5.           200.
  742      12        3              5.           200.
  743      13        3              5.           200.
  744      14        3              5.           200.
  745      15        3              5.           200.
  746      16        3              5.           200.
  747      17        3              5.           200.
  748      18        3              5.           200.
  749      19        3              5.           200.
  750      20        3              5.           200.
  751      21        3              5.           200.
  752      22        3              5.           200.
  753      23        3              5.           200.
  754      24        3              5.           200.
  755      25        3              5.           200.
  756      26        3              5.           200.
  757      27        3              5.           200.
  758      28        3              5.           200.
  759      29        3              5.           200.
  760      30        3              5.           200.
  761      31        3              5.           200.
  762      32        3              5.           200.
  763      33        3              5.           200.
  764      34        3              5.           200.
  765      35        3              5.           200.
  766      36        3              5.           200.
  767      37        3              5.           200.
  768      38        3              5.           200.
  769      39        3              5.           200.
  770      40        3              5.           200.
  771      41        3              5.           200.
  772      42        3              5.           200.
  773      43        3              5.           200.
  774      44        3              5.           200.
  775      45        3              5.           200.
  776      46        3              5.           200.
  777      47        3              5.           200.
  778      48        3              5.           200.
  779      49        3              5.           200.
  780      50        3              5.           200.
  781      51        3              5.           200.
  782      52        3              5.           200.
  783      53        3              5.           200.
  784      54        3              5.           200.
  785      55        3              5.           200.
  786      56        3              5.           200.
  787      57        3              5.           200.
  788      58        3              5.           200.
  789      59        3              5.           200.
  790      60        3              5.           200.
  791      61        3              5.           200.
  792      62        3              5.           200.
  793      63        3              5.           200.
  794      64        3              5.           200.
  795      65        3              5.           200.
  796      66        3              5.           200.
  797      67        3              5.           200.
  798      68        3              5.           200.
  799      69        3              5.           200.
  800      70        3              5.           200.
  801      71        3              5.           200.
  802      72        3              5.           200.
  803      73        3              5.           200.
  804      74        3              5.           200.
  805      75        3              5.           200.
  806      76        3              5.           200.
  807      77        3              5.           200.
  808      78        3              5.           200.
  809      79        3              5.           200.
  810      80        3              5.           200.
  811      81        3              5.           200.
  812      82        3              5.           200.
  813      83        3              5.           200.
  814      84        3              5.           200.
  815      85        3              5.           200.
  816      86        3              5.           200.
  817      87        3              5.           200.
  818      88        3              5.           200.
  819      89        3              5.           200.
  820      90        3              5.           200.
  821      91        3              5.           200.
  822      92        3              5.           200.
  823      93        3              5.           200.
  824      94        3              5.           200.
  825      95        3              5.           200.
  826      96        3              5.           200.
  827      97        3              5.           200.
  828      98        3              5.           200.
  829      99        3              5.           200.
  830     100        3              5.           200.
  831     101        3              5.           200.
  832     102        3              5.           200.
  833     103        3              5.           200.
  834     104        3              5.           200.
  835     105        3              5.           200.
  836     106        3              5.           200.
  837     107        3              5.           200.
  838     108        3              5.           200.
  839     109        3              5.           200.
  840     110        3              5.           200.
  841     111        3              5.           200.
  842     112        3              5.           200.
  843     113        3              5.           200.
  844     114        3              5.           200.
  845     115        3              5.           200.
  846     116        3              5.           200.
  847     117        3              5.           200.
  848     118        3              5.           200.
  849     119        3              5.           200.
  850     120        3              5.           200.
  851     121        3              5.           200.
  852     122        3              5.           200.
  853     123        3              5.           200.
  854     124        3              5.           200.
  855     125        3              5.           200.
  856     126        3              5.           200.
  857     127        3              5.           200.
  858     128        3              5.           200.
  859     129        3              5.           200.
  860     130        3              5.           200.
  861     131        3              5.           200.
  862     132        3              5.           200.
  863     133        3              5.           200.
  864     134        3              5.           200.
  865     135        3              5.           200.
  866     136        3              5.           200.
  867     137        3              5.           200.
  868     138        3              5.           200.
  869     139        3              5.           200.
  870     140        3              5.           200.
  871     141        3              5.           200.
  872     142        3              5.           200.
  873     143        3              5.           200.
  874     144        3              5.           200.
  875     145        3              5.           200.
  876     146        3              5.           200.
  877     147        3              5.           200.
  878     148        3              5.           200.
  879     149        3              5.           200.
  880     150        3              5.           200.
  881     151        3              5.           200.
  882     152        3              5.           200.
  883     153        3              5.           200.
  884     154        3              5.           200.
  885     155        3              5.           200.
  886     156        3              5.           200.
  887     157        3              5.           200.
  888     158        3              5.           200.
  889     159        3              5.           200.
  890     160        3              5.           200.
  891     161        3              5.           200.
  892     162        3              5.           200.
  893     163        3              5.           200.
  894     164        3              5.           200.
  895     165        3              5.           200.
  896     166        3              5.           200.
  897     167        3              5.           200.
  898     168        3              5.           200.
  899     169        3              5.           200.
  900     170        3              5.           200.
  901     171        3              5.           200.
  902     172        3              5.           200.
  903     173        3              5.           200.
  904     174        3              5.           200.
  905     175        3              5.           200.
  906     176        3              5.           200.
  907     177        3              5.           200.
  908     178        3              5.           200.
  909     179        3              5.           200.
  910     180        3              5.           200.
  911     181        3              5.           200.
  912     182        3              5.           200.
  913     183        3              5.           200.
  914     184        3              5.           200.
  915     185        3              5.           200.
  916     186        3              5.           200.
  917     187        3              5.           200.
  918     188        3              5.           200.
  919     189        3              5.           200.
  920     190        3              5.           200.
  921     191        3              5.           200.
  922     192        3              5.           200.
  923     193        3              5.           200.
  924     194        3              5.           200.
  925     195        3              5.           200.
  926     196        3              5.           200.
  927     197        3              5.           200.
  928     198        3              5.           200.
  929     199        3              5.           200.
  930     200        3              5.           200.
  931     201        3              5.           200.
  932     202        3              5.           200.
  933     203        3              5.           200.
  934     204        3              5.           200.
  935     205        3              5.           200.
  936     206        3              5.           200.
  937     207        3              5.           200.
  938     208        3              5.           200.
  939     209        3              5.           200.
  940     210        3              5.           200.
  941     211        3              5.           200.
  942     212        3              5.           200.
  943     213        3              5.           200.
  944     214        3              5.           200.
  945     215        3              5.           200.
  946     216        3              5.           200.
  947     217        3              5.           200.
  948     218        3              5.           200.
  949     219        3              5.           200.
  950     220        3              5.           200.
  951     221        3              5.           200.
  952     222        3              5.           200.
  953     223        3              5.           200.
  954     224        3              5.           200.
  955     225        3              5.           200.
  956     226        3              5.           200.
  957     227        3              5.           200.
  958     228        3              5.           200.
  959     229        3              5.           200.
  960     230        3              5.           200.
  961     231        3              5.           200.
  962     232        3              5.           200.
  963     233        3              5.           200.
  964     234        3              5.           200.
  965     235        3              5.           200.
  966     236        3              5.           200.
  967     237        3              5.           200.
  968     238        3              5.           200.
  969     239        3              5.           200.
  970     240        3              5.           200.
  971     241        3              5.           200.
  972     242        3              5.           200.
  973     243        3              5.           200.
  974     244        3              5.           200.
  975     245        3              5.           200.
  976     246        3              5.           200.
  977     247        3              5.           200.
  978     248        3              5.           200.
  979     249        3              5.           200.
  980     250        3              5.           200.
  981     251        3              5.           200.
  982     252        3              5.           200.
  983     253        3              5.           200.
  984     254        3              5.           200.
  985     255        3              5.           200.
  986     256        3              5.           200.
  987     257        3              5.           200.
  988     258        3              5.           200.
  989     259        3              5.           200.
  990     260        3              5.           200.
  991     261        3              5.           200.
  992     262        3              5.           200.
  993     263        3              5.           200.
  994     264        3              5.           200.
  995     265        3              5.           200.
  996     266        3              5.           200.
  997     267        3              5.           200.
  998     268        3              5.           200.
  999     269        3              5.           200.
 1000     270        3              5.           200.
 1001     271        3              5.           200.
 1002     272        3              5.           200.
 1003     273        3              5.           200.
 1004     274        3              5.           200.
 1005     275        3              5.           200.
 1006     276        3              5.           200.
 1007     277        3              5.           200.
 1008     278        3              5.           200.
 1009     279        3              5.           200.
 1010     280        3              5.           200.
 1011     281        3              5.           200.
 1012     282        3              5.           200.
 1013     283        3              5.           200.
 1014     284        3              5.           200.
 1015     285        3              5.           200.
 1016     286        3              5.           200.
 1017     287        3              5.           200.
 1018     288        3              5.           200.
 1019     289        3              5.           200.
 1020     290        3              5.           200.
 1021     291        3              5.           200.
 1022     292        3              5.           200.
 1023     293        3              5.           200.
 1024     294        3              5.           200.
 1025     295        3              5.           200.
 1026     296        3              5.           200.
 1027     297        3              5.           200.
 1028     298        3              5.           200.
 1029     299        3              5.           200.
 1030     300        3              5.           200.
 1031     301        3              5.           200.
 1032     302        3              5.           200.
 1033     303        3              5.           200.
 1034     304        3              5.           200.
 1035     305        3              5.           200.
 1036     306        3              5.           200.
 1037     307        3              5.           200.
 1038     308        3              5.           200.
 1039     309        3              5.           200.
 1040     310        3              5.           200.
 1041     311        3              5.           200.
 1042     312        3              5.           200.
 1043     313        3              5.           200.
 1044     314        3              5.           200.
 1045     315        3              5.           200.
 1046     316        3              5.           200.
 1047     317        3              5.           200.
 1048     318        3              5.           200.
 1049     319        3              5.           200.
 1050     320        3              5.           200.
 1051     321        3              5.           200.
 1052     322        3              5.           200.
 1053     323        3              5.           200.
 1054     324        3              5.           200.
 1055     325        3              5.           200.
 1056     326        3              5.           200.
 1057     327        3              5.           200.
 1058     328        3              5.           200.
 1059     329        3              5.           200.
 1060     330        3              5.           200.
 1061     331        3              5.           200.
 1062     332        3              5.           200.
 1063     333        3              5.           200.
 1064     334        3              5.           200.
 1065     335        3              5.           200.
 1066     336        3              5.           200.
 1067     337        3              5.           200.
 1068     338        3              5.           200.
 1069     339        3              5.           200.
 1070     340        3              5.           200.
 1071     341        3              5.           200.
 1072     342        3              5.           200.
 1073     343        3              5.           200.
 1074     344        3              5.           200.
 1075     345        3              5.           200.
 1076     346        3              5.           200.
 1077     347        3              5.           200.
 1078     348        3              5.           200.
 1079     349        3              5.           200.
 1080     350        3              5.           200.
 1081     351        3              5.           200.
 1082     352        3              5.           200.
 1083     353        3              5.           200.
 1084     354        3              5.           200.
 1085     355        3              5.           200.
 1086     356        3              5.           200.
 1087     357        3              5.           200.
 1088     358        3              5.           200.
 1089     359        3              5.           200.
 1090     360        3              5.           200.
 1091     361        3              5.           200.
 1092     362        3              5.           200.
 1093     363        3              5.           200.
 1094     364        3              5.           200.
 1095     365        3              5.           200.
