 Day of  Day of    Year   Slurry  Frozen  Slurry   Air    Wall   Floor    Slurry
 sim.     year             mass    mass   depth     T      T       T        T
    1       1        1  2951.15    0.00    3.00    0.13    0.13    0.00   14.92
    2       2        1  2281.16    0.00    3.01    0.63    0.63    0.50   14.76
    3       3        1  2289.59    0.00    3.02   -0.76   -0.76   -0.89   14.57
    4       4        1  2298.02    0.00    3.03   -0.13   -0.13   -0.27   14.38
    5       5        1  2306.45    0.00    3.04   -0.56   -0.56   -0.69   14.20
    6       6        1  2314.87    0.00    3.06   -1.87   -1.87   -2.00   14.01
    7       7        1  2323.30    0.00    3.07   -0.74   -0.74   -0.88   13.82
    8       8        1  2331.73    0.00    3.08   -0.19   -0.19   -0.32   13.65
    9       9        1  2340.16    0.00    3.09   -2.27   -2.27   -2.40   13.46
   10      10        1  2348.59    0.00    3.10   -1.53   -1.53   -1.66   13.28
   11      11        1  2357.02    0.00    3.11   -1.90   -1.90   -2.03   13.10
   12      12        1  2365.44    0.00    3.12   -3.19   -3.19   -3.32   12.91
   13      13        1  2373.87    0.00    3.13   -3.35   -3.35   -3.48   12.72
   14      14        1  2382.30    0.00    3.15   -4.47   -4.47   -4.60   12.53
   15      15        1  2390.73    0.00    3.16  -10.20  -10.20  -10.33   12.29
   16      16        1  2399.16    0.00    3.17   -3.91   -3.91   -4.04   12.06
   17      17        1  2407.58    0.00    3.18   -3.05   -3.05   -3.18   11.89
   18      18        1  2416.01    0.00    3.19   -1.67   -1.67   -1.80   11.72
   19      19        1  2424.44    0.00    3.20   -1.51   -1.51   -1.64   11.57
   20      20        1  2432.87    0.00    3.21    0.34    0.34    0.21   11.44
   21      21        1  2441.30    0.00    3.22    2.02    2.02    1.89   11.33
   22      22        1  2449.73    0.00    3.23    1.96    1.96    1.83   11.23
   23      23        1  2458.15    0.00    3.25    3.00    3.00    2.87   11.14
   24      24        1  2466.58    0.00    3.26   -1.90   -1.90   -2.03   11.03
   25      25        1  2475.01    0.00    3.27   -0.95   -0.95   -1.09   10.90
   26      26        1  2483.44    0.00    3.28   -3.49   -3.49   -3.62   10.76
   27      27        1  2491.87    0.00    3.29   -7.17   -7.17   -7.30   10.58
   28      28        1  2500.29    0.00    3.30   -4.99   -4.99   -5.12   10.40
   29      29        1  2508.72    0.00    3.31   -4.31   -4.31   -4.44   10.24
   30      30        1  2517.15    0.00    3.32  -12.10  -12.10  -12.23   10.04
   31      31        1  2525.58    0.00    3.33  -14.30  -14.30  -14.43    9.79
   32      32        1  2534.01    0.00    3.35  -11.20  -11.20  -11.33    9.55
   33      33        1  2542.44    0.00    3.36   -7.32   -7.32   -7.45    9.35
   34      34        1  2550.86    0.00    3.37   -7.08   -7.08   -7.21    9.18
   35      35        1  2559.29    0.00    3.38   -9.35   -9.35   -9.48    9.00
   36      36        1  2567.72    0.00    3.39  -10.90  -10.90  -11.03    8.80
   37      37        1  2576.15    0.00    3.40  -10.50  -10.50  -10.63    8.60
   38      38        1  2584.58    0.00    3.41  -14.30  -14.30  -14.43    8.39
   39      39        1  2593.00    0.00    3.42  -12.80  -12.80  -12.93    8.16
   40      40        1  2601.43    0.00    3.44  -17.20  -17.20  -17.33    7.93
   41      41        1  2609.86    0.00    3.45  -15.40  -15.40  -15.53    7.68
   42      42        1  2618.29    0.00    3.46  -14.20  -14.20  -14.33    7.45
   43      43        1  2626.72    0.00    3.47  -11.40  -11.40  -11.53    7.25
   44      44        1  2635.15    0.00    3.48   -9.19   -9.19   -9.32    7.09
   45      45        1  2643.57    0.00    3.49   -4.32   -4.32   -4.45    6.97
   46      46        1  2652.00    0.00    3.50  -10.40  -10.40  -10.53    6.84
   47      47        1  2660.43    0.00    3.51   -9.96   -9.96  -10.09    6.69
   48      48        1  2668.86    0.00    3.52   -4.58   -4.58   -4.71    6.56
   49      49        1  2677.29    0.00    3.54   -4.90   -4.90   -5.03    6.47
   50      50        1  2685.72    0.00    3.55    0.31    0.31    0.18    6.40
   51      51        1  2694.14    0.00    3.56    2.10    2.10    1.97    6.37
   52      52        1  2702.57    0.00    3.57    3.37    3.37    3.24    6.36
   53      53        1  2711.00    0.00    3.58    2.15    2.15    2.02    6.35
   54      54        1  2719.43    0.00    3.59    2.42    2.42    2.29    6.34
   55      55        1  2727.86    0.00    3.60    5.28    5.28    5.15    5.48
   56      56        1  2736.28    0.00    3.61    8.64    8.64    8.51    5.52
   57      57        1  2744.71    0.00    3.63    5.76    5.76    5.63    5.57
   58      58        1  2753.14    0.00    3.64    2.15    2.15    2.02    3.00
   59      59        1  2761.57    0.00    3.65    3.62    3.62    3.49    3.03
   60      60        1  2770.00    0.00    3.66    3.07    3.07    2.94    3.08
   61      61        1  2778.44    0.00    3.67    3.08    3.08    2.95    3.13
   62      62        1  2782.78    0.00    3.68    2.35    2.35    2.22    3.17
   63      63        1  2789.16    0.00    3.69   -1.00   -1.00   -1.13    3.18
   64      64        1  2795.55    0.00    3.70   -3.36   -3.36   -3.49    3.16
   65      65        1  2801.94    0.00    3.70    1.65    1.65    1.52    2.12
   66      66        1  2808.32    0.00    3.71   -0.44   -0.44   -0.57    0.35
   67      67        1  2814.71    0.00    3.72   -0.88   -0.88   -1.01    0.37
   68      68        1  2821.10   46.23    3.73   -1.76   -1.76   -1.89   -0.06
   69      69        1  2827.48   46.91    3.74   -5.37   -5.37   -5.50    0.00
   70      70        1  2833.87   46.16    3.75   -1.65   -1.65   -1.78    0.00
   71      71        1  2840.25   44.15    3.75    1.73    1.73    1.60    0.00
   72      72        1  2846.64   41.49    3.76    3.08    3.08    2.95    0.00
   73      73        1  2853.03   39.40    3.77    1.80    1.80    1.67    0.00
   74      74        1  2859.41   36.97    3.78    1.88    1.88    1.75    0.00
   75      75        1  2865.80   34.94    3.79    0.96    0.96    0.83    0.00
   76      76        1  2872.19   33.57    3.80   -0.37   -0.37   -0.50    0.00
   77      77        1  2878.57   32.53    3.81   -1.41   -1.41   -1.54    0.00
   78      78        1  2884.96   31.65    3.81   -2.34   -2.34   -2.47    0.00
   79      79        1  2891.35   29.03    3.82    2.65    2.65    2.52    0.00
   80      80        1  2897.73   25.94    3.83    3.33    3.33    3.20    0.00
   81      81        1  2904.12   22.73    3.84    4.03    4.03    3.90    0.00
   82      82        1  2910.51   18.19    3.85    6.68    6.68    6.55    0.00
   83      83        1  2916.89   13.80    3.86    7.06    7.06    6.93    0.00
   84      84        1  2923.28    9.32    3.86    6.62    6.62    6.49    0.00
   85      85        1  2929.67    5.14    3.87    6.45    6.45    6.32    0.00
   86      86        1  2936.05    0.57    3.88    7.14    7.14    7.01    0.00
   87      87        1  2942.44    0.00    3.89    4.45    4.45    4.32    0.03
   88      88        1  2948.82    0.00    3.90    8.21    8.21    8.08    0.13
   89      89        1  2955.21    0.00    3.91   10.80   10.80   10.67    0.27
   90      90        1  2961.60    0.00    3.92    5.88    5.88    5.75    0.39
   91      91        1  2967.98    0.00    3.92    3.55    3.55    3.42    0.48
   92      92        1  2974.37    0.00    3.93    3.70    3.70    3.57    0.56
   93      93        1  2980.76    0.00    3.94    5.08    5.08    4.95    0.65
   94      94        1  2987.14    0.00    3.95    6.60    6.60    6.47    0.75
   95      95        1  2993.53    0.00    3.96    2.11    2.11    1.98    0.84
   96      96        1  2999.92    0.00    3.97    3.40    3.40    3.27    0.90
   97      97        1  3006.30    0.00    3.97    3.07    3.07    2.94    0.97
   98      98        1  3012.69    0.00    3.98    1.28    1.28    1.15    1.04
   99      99        1  3019.08    0.00    3.99    4.12    4.12    3.99    1.10
  100     100        1  3025.46    0.00    4.00    4.18    4.18    4.05    1.18
  101     101        1  1132.15    0.00    1.50    3.23    3.23    3.10    1.27
  102     102        1  1147.25    0.00    1.51    2.96    2.96    2.83    1.40
  103     103        1  1154.80    0.00    1.52    2.29    2.29    2.16    1.54
  104     104        1  1162.34    0.00    1.53    1.39    1.39    1.26    1.69
  105     105        1  1169.89    0.00    1.54    2.40    2.40    2.27    1.84
  106     106        1  1177.44    0.00    1.55    4.49    4.49    4.36    2.04
  107     107        1  1184.99    0.00    1.56    6.48    6.48    6.35    2.28
  108     108        1  1192.53    0.00    1.57    6.48    6.48    6.35    2.53
  109     109        1  1200.08    0.00    1.58    6.22    6.22    6.09    2.77
  110     110        1  1207.63    0.00    1.59    7.10    7.10    6.97    3.01
  111     111        1  1215.18    0.00    1.60    7.52    7.52    7.39    3.25
  112     112        1  1222.73    0.00    1.61    1.53    1.53    1.40    2.13
  113     113        1  1230.27    0.00    1.62    3.52    3.52    3.39    2.21
  114     114        1  1237.82    0.00    1.63    1.88    1.88    1.75    2.34
  115     115        1  1245.37    0.00    1.64    0.99    0.99    0.85    2.43
  116     116        1  1252.92    0.00    1.65    1.74    1.74    1.61    2.51
  117     117        1  1260.46    0.00    1.66    2.71    2.71    2.58    2.62
  118     118        1  1268.01    0.00    1.67    3.22    3.22    3.09    2.76
  119     119        1  1275.56    0.00    1.68    3.48    3.48    3.35    2.89
  120     120        1  1283.11    0.00    1.69    3.42    3.42    3.29    3.03
  121     121        1  1290.65    0.00    1.70    3.76    3.76    3.63    3.17
  122     122        1  1298.20    0.00    1.71    6.16    6.16    6.03    3.33
  123     123        1  1305.75    0.00    1.72    5.55    5.55    5.42    3.51
  124     124        1  1313.30    0.00    1.73    6.52    6.52    6.39    3.68
  125     125        1  1320.85    0.00    1.74    3.37    3.37    3.24    3.80
  126     126        1  1328.39    0.00    1.75    3.10    3.10    2.97    3.87
  127     127        1  1335.94    0.00    1.76    3.17    3.17    3.04    3.95
  128     128        1  1343.49    0.00    1.77    6.07    6.07    5.94    4.08
  129     129        1  1351.19    0.00    1.78    5.90    5.90    5.77    4.23
  130     130        1  1358.81    0.00    1.79   12.50   12.50   12.37    4.42
  131     131        1  1366.43    0.00    1.80   15.40   15.40   15.27    4.72
  132     132        1  1374.05    0.00    1.81   15.60   15.60   15.47    5.07
  133     133        1  1381.67    0.00    1.82   17.60   17.60   17.47    5.43
  134     134        1  1389.29    0.00    1.83   13.00   13.00   12.87    5.74
  135     135        1  1396.92    0.00    1.84    9.62    9.62    9.49    5.93
  136     136        1  1404.54    0.00    1.85   10.90   10.90   10.77    6.10
  137     137        1  1412.16    0.00    1.86   10.90   10.90   10.77    6.27
  138     138        1  1419.78    0.00    1.87   11.50   11.50   11.37    6.46
  139     139        1  1427.40    0.00    1.88   12.50   12.50   12.37    6.67
  140     140        1  1435.02    0.00    1.89   12.50   12.50   12.37    6.90
  141     141        1  1442.65    0.00    1.90    9.93    9.93    9.80    7.08
  142     142        1  1450.27    0.00    1.91   11.20   11.20   11.07    7.24
  143     143        1  1457.89    0.00    1.92    8.07    8.07    7.94    7.37
  144     144        1  1465.51    0.00    1.93    8.70    8.70    8.57    7.45
  145     145        1  1473.13    0.00    1.94   11.80   11.80   11.67    7.59
  146     146        1  1480.75    0.00    1.95    9.02    9.02    8.89    7.70
  147     147        1  1488.38    0.00    1.96    6.45    6.45    6.32    6.95
  148     148        1  1496.00    0.00    1.97   11.30   11.30   11.17    7.05
  149     149        1  1503.62    0.00    1.98   12.10   12.10   11.97    7.26
  150     150        1  1511.24    0.00    1.99   13.60   13.60   13.47    7.48
  151     151        1  1518.86    0.00    2.00   13.60   13.60   13.47    7.69
  152     152        1  1526.48    0.00    2.01   13.00   13.00   12.87    7.89
  153     153        1  1534.11    0.00    2.02   14.90   14.90   14.77    8.10
  154     154        1  1541.73    0.00    2.03   15.40   15.40   15.27    8.33
  155     155        1  1549.35    0.00    2.04   15.90   15.90   15.77    8.57
  156     156        1  1556.97    0.00    2.05   18.00   18.00   17.87    8.82
  157     157        1  1564.59    0.00    2.06   18.80   18.80   18.67    9.10
  158     158        1  1572.21    0.00    2.07   19.10   19.10   18.97    9.36
  159     159        1  1579.84    0.00    2.08   17.40   17.40   17.27    9.59
  160     160        1  1587.46    0.00    2.09   17.30   17.30   17.17    9.80
  161     161        1  1595.08    0.00    2.10   18.40   18.40   18.27   10.03
  162     162        1  1602.70    0.00    2.11   19.40   19.40   19.27   10.27
  163     163        1  1610.32    0.00    2.12   15.70   15.70   15.57   10.47
  164     164        1  1617.94    0.00    2.13   14.90   14.90   14.77   10.63
  165     165        1  1625.57    0.00    2.14   15.40   15.40   15.27   10.79
  166     166        1  1633.19    0.00    2.15   13.00   13.00   12.87   10.89
  167     167        1  1640.81    0.00    2.16   18.30   18.30   18.17   11.03
  168     168        1  1648.43    0.00    2.17   16.40   16.40   16.27   11.19
  169     169        1  1656.05    0.00    2.18   13.30   13.30   13.17   11.29
  170     170        1  1663.67    0.00    2.19   17.60   17.60   17.47   11.42
  171     171        1  1671.30    0.00    2.20   20.40   20.40   20.27   11.64
  172     172        1  1678.92    0.00    2.21   20.60   20.60   20.47   11.87
  173     173        1  1686.54    0.00    2.22   19.30   19.30   19.17   12.09
  174     174        1  1694.16    0.00    2.23   17.60   17.60   17.47   12.28
  175     175        1  1701.78    0.00    2.24   19.10   19.10   18.97   12.46
  176     176        1  1709.40    0.00    2.25   22.50   22.50   22.37   12.68
  177     177        1  1717.03    0.00    2.26   23.50   23.50   23.37   12.93
  178     178        1  1724.65    0.00    2.27   23.10   23.10   22.97   13.18
  179     179        1  1732.27    0.00    2.28   23.20   23.20   23.07   13.42
  180     180        1  1739.89    0.00    2.30   22.70   22.70   22.57   13.63
  181     181        1  1747.51    0.00    2.31   19.80   19.80   19.67   13.81
  182     182        1  1755.13    0.00    2.32   15.60   15.60   15.47   13.91
  183     183        1  1762.76    0.00    2.33   15.70   15.70   15.57   13.99
  184     184        1  1770.38    0.00    2.34   15.50   15.50   15.37   14.06
  185     185        1  1778.00    0.00    2.35   15.40   15.40   15.27   14.14
  186     186        1  1785.62    0.00    2.36   13.60   13.60   13.47   14.19
  187     187        1  1793.24    0.00    2.37   14.50   14.50   14.37   14.21
  188     188        1  1800.86    0.00    2.38   14.30   14.30   14.17   14.24
  189     189        1  1808.49    0.00    2.39   14.70   14.70   14.57   14.29
  190     190        1  1816.11    0.00    2.40   11.90   11.90   11.77   14.32
  191     191        1  1823.73    0.00    2.41   14.60   14.60   14.47   14.36
  192     192        1  1831.35    0.00    2.42   12.90   12.90   12.77   14.40
  193     193        1  1838.97    0.00    2.43   14.20   14.20   14.07   14.42
  194     194        1  1846.59    0.00    2.44   13.30   13.30   13.17   14.45
  195     195        1  1854.22    0.00    2.45   13.50   13.50   13.37   14.49
  196     196        1  1861.84    0.00    2.46   16.00   16.00   15.87   14.54
  197     197        1  1869.46    0.00    2.47   16.20   16.20   16.07   14.60
  198     198        1  1877.08    0.00    2.48   17.30   17.30   17.17   14.68
  199     199        1  1884.70    0.00    2.49   20.00   20.00   19.87   14.79
  200     200        1  1892.32    0.00    2.50   19.50   19.50   19.37   14.92
  201     201        1  1899.94    0.00    2.51   20.50   20.50   20.37   15.04
  202     202        1  1907.57    0.00    2.52   19.50   19.50   19.37   15.15
  203     203        1  1915.19    0.00    2.53   13.90   13.90   13.77   15.20
  204     204        1  1922.81    0.00    2.54   14.30   14.30   14.17   15.23
  205     205        1  1930.43    0.00    2.55   12.80   12.80   12.67   15.25
  206     206        1  1938.05    0.00    2.56   14.40   14.40   14.27   15.28
  207     207        1  1945.67    0.00    2.57   15.20   15.20   15.07   15.31
  208     208        1  1953.30    0.00    2.58   17.20   17.20   17.07   15.38
  209     209        1  1960.92    0.00    2.59   18.80   18.80   18.67   15.46
  210     210        1  1968.54    0.00    2.60   16.10   16.10   15.97   15.52
  211     211        1  1976.16    0.00    2.61   15.60   15.60   15.47   15.55
  212     212        1  1983.78    0.00    2.62   16.00   16.00   15.87   15.59
  213     213        1  1991.40    0.00    2.63   16.90   16.90   16.77   15.63
  214     214        1  1999.03    0.00    2.64   18.10   18.10   17.97   15.70
  215     215        1  2006.65    0.00    2.65   19.10   19.10   18.97   15.78
  216     216        1  2014.27    0.00    2.66   17.50   17.50   17.37   15.85
  217     217        1  2021.89    0.00    2.67   15.90   15.90   15.77   15.89
  218     218        1  2029.51    0.00    2.68   15.60   15.60   15.47   15.93
  219     219        1  2037.13    0.00    2.69   19.70   19.70   19.57   15.98
  220     220        1  2044.76    0.00    2.70   21.70   21.70   21.57   16.09
  221     221        1  2052.38    0.00    2.71   22.70   22.70   22.57   16.21
  222     222        1  2060.00    0.00    2.72   18.30   18.30   18.17   16.32
  223     223        1  2067.62    0.00    2.73   15.80   15.80   15.67   16.37
  224     224        1  2075.24    0.00    2.74   14.90   14.90   14.77   16.40
  225     225        1  2082.86    0.00    2.75   19.20   19.20   19.07   16.45
  226     226        1  2090.49    0.00    2.76   18.60   18.60   18.47   16.51
  227     227        1  2098.11    0.00    2.77   20.30   20.30   20.17   16.59
  228     228        1  2105.73    0.00    2.78   21.90   21.90   21.77   16.69
  229     229        1  2113.35    0.00    2.79   20.30   20.30   20.17   16.78
  230     230        1  2120.98    0.00    2.80   19.90   19.90   19.77   16.86
  231     231        1  1955.80    0.00    2.59   20.80   20.80   20.67   16.95
  232     232        1  1798.24    0.00    2.38   20.90   20.90   20.77   17.05
  233     233        1  1640.68    0.00    2.17   19.40   19.40   19.27   17.14
  234     234        1  1483.12    0.00    1.96   19.80   19.80   19.67   17.22
  235     235        1  1325.56    0.00    1.76   20.60   20.60   20.47   17.32
  236     236        1  1168.01    0.00    1.55   18.30   18.30   18.17   17.41
  237     237        1  1010.45    0.00    1.34   15.90   15.90   15.77   17.44
  238     238        1   852.89    0.00    1.13   13.20   13.20   13.07   17.42
  239     239        1   875.53    0.00    1.14   13.00   13.00   12.87   17.35
  240     240        1   886.85    0.00    1.16   12.40   12.40   12.27   17.25
  241     241        1   898.18    0.00    1.17   12.10   12.10   11.97   17.13
  242     242        1   909.50    0.00    1.19   12.40   12.40   12.27   16.99
  243     243        1   920.82    0.00    1.20   13.70   13.70   13.57   16.88
  244     244        1   932.14    0.00    1.22   10.80   10.80   10.67   16.77
  245     245        1   943.46    0.00    1.23   13.40   13.40   13.27   16.68
  246     246        1   954.78    0.00    1.25   11.50   11.50   11.37   16.59
  247     247        1   966.10    0.00    1.26   15.90   15.90   15.77   16.70
  248     248        1   977.43    0.00    1.28   15.60   15.60   15.47   16.74
  249     249        1   988.75    0.00    1.29   14.40   14.40   14.27   16.73
  250     250        1  1000.07    0.00    1.31   12.70   12.70   12.57   16.68
  251     251        1  1011.39    0.00    1.32   12.20   12.20   12.07   16.61
  252     252        1  1022.71    0.00    1.34   14.10   14.10   13.97   16.56
  253     253        1  1034.03    0.00    1.35   13.00   13.00   12.87   16.49
  254     254        1  1045.35    0.00    1.37   10.50   10.50   10.37   16.39
  255     255        1  1056.68    0.00    1.38   10.90   10.90   10.77   16.29
  256     256        1  1068.00    0.00    1.40   13.20   13.20   13.07   16.20
  257     257        1  1079.32    0.00    1.41   12.90   12.90   12.77   16.14
  258     258        1  1090.64    0.00    1.43   14.70   14.70   14.57   16.11
  259     259        1  1101.96    0.00    1.44   13.70   13.70   13.57   16.07
  260     260        1  1113.28    0.00    1.46   12.90   12.90   12.77   16.00
  261     261        1  1124.60    0.00    1.47    9.51    9.51    9.38   15.91
  262     262        1  1135.93    0.00    1.49   11.10   11.10   10.97   15.81
  263     263        1  1147.25    0.00    1.50    8.37    8.37    8.24   15.71
  264     264        1  1158.57    0.00    1.52    8.07    8.07    7.94   15.56
  265     265        1  1169.89    0.00    1.53   13.40   13.40   13.27   15.46
  266     266        1  1181.21    0.00    1.55   13.40   13.40   13.27   15.44
  267     267        1  1192.53    0.00    1.56   12.90   12.90   12.77   15.42
  268     268        1  1203.86    0.00    1.58   14.40   14.40   14.27   15.42
  269     269        1  1215.18    0.00    1.59   12.20   12.20   12.07   15.40
  270     270        1  1226.50    0.00    1.61   14.30   14.30   14.17   15.37
  271     271        1  1237.82    0.00    1.62   12.70   12.70   12.57   15.33
  272     272        1  1249.14    0.00    1.64   12.20   12.20   12.07   15.27
  273     273        1  1260.46    0.00    1.65   12.90   12.90   12.77   15.22
  274     274        1  1271.78    0.00    1.67   13.20   13.20   13.07   15.18
  275     275        1  1283.11    0.00    1.68   11.70   11.70   11.57   15.14
  276     276        1  1294.43    0.00    1.70   13.10   13.10   12.97   15.10
  277     277        1  1305.75    0.00    1.71   12.70   12.70   12.57   15.07
  278     278        1  1317.07    0.00    1.73   13.70   13.70   13.57   15.04
  279     279        1  1328.39    0.00    1.74   14.10   14.10   13.97   15.03
  280     280        1  1339.71    0.00    1.76   12.90   12.90   12.77   15.01
  281     281        1  1351.04    0.00    1.77   13.10   13.10   12.97   14.98
  282     282        1  1362.36    0.00    1.79   12.10   12.10   11.97   14.95
  283     283        1  1373.68    0.00    1.80   10.30   10.30   10.17   14.89
  284     284        1  1385.00    0.00    1.82    8.55    8.55    8.42   14.79
  285     285        1  1396.32    0.00    1.83    7.65    7.65    7.52   14.67
  286     286        1  1407.64    0.00    1.85    7.19    7.19    7.06   14.54
  287     287        1  1418.96    0.00    1.86    6.15    6.15    6.02   14.40
  288     288        1  1430.29    0.00    1.88    6.31    6.31    6.18   14.26
  289     289        1  1441.61    0.00    1.89    6.52    6.52    6.39   14.12
  290     290        1  1452.93    0.00    1.91    5.62    5.62    5.49   13.99
  291     291        1  1464.25    0.00    1.92    6.54    6.54    6.41   13.86
  292     292        1  1475.57    0.00    1.94    2.31    2.31    2.18   13.71
  293     293        1  1486.89    0.00    1.95    1.62    1.62    1.49   13.51
  294     294        1  1498.22    0.00    1.97    0.80    0.80    0.67   13.30
  295     295        1  1509.54    0.00    1.98    8.47    8.47    8.34   13.16
  296     296        1  1520.86    0.00    2.00   10.60   10.60   10.47   13.11
  297     297        1  1532.18    0.00    2.01    3.65    3.65    3.52   13.02
  298     298        1  1543.50    0.00    2.03    0.89    0.89    0.76   12.84
  299     299        1  1554.82    0.00    2.04    7.93    7.93    7.80   12.71
  300     300        1  1566.14    0.00    2.06   10.50   10.50   10.37   12.67
  301     301        1  1577.47    0.00    2.07    9.36    9.36    9.23   12.64
  302     302        1  1588.79    0.00    2.09    7.71    7.71    7.58   12.59
  303     303        1  1599.27    0.00    2.10    5.48    5.48    5.35   12.51
  304     304        1  1610.17    0.00    2.12    1.63    1.63    1.50   12.37
  305     305        1  1621.08    0.00    2.13    5.27    5.27    5.14   12.24
  306     306        1  1631.98    0.00    2.15    9.44    9.44    9.31   12.18
  307     307        1  1642.88    0.00    2.16   12.80   12.80   12.67   12.18
  308     308        1  1653.78    0.00    2.18    9.79    9.79    9.66   12.19
  309     309        1  1664.68    0.00    2.19    5.61    5.61    5.48   12.13
  310     310        1  1675.59    0.00    2.21    7.16    7.16    7.03   12.06
  311     311        1  1686.49    0.00    2.22    7.95    7.95    7.82   12.02
  312     312        1  1697.39    0.00    2.23    7.95    7.95    7.82   11.97
  313     313        1  1708.29    0.00    2.25    6.25    6.25    6.12   11.92
  314     314        1  1719.20    0.00    2.26    5.05    5.05    4.92   11.84
  315     315        1  1730.10    0.00    2.28    3.98    3.98    3.85   11.74
  316     316        1  1741.00    0.00    2.29    6.07    6.07    5.94   11.65
  317     317        1  1751.90    0.00    2.31    5.30    5.30    5.17   11.58
  318     318        1  1762.80    0.00    2.32    6.58    6.58    6.45   11.51
  319     319        1  1773.71    0.00    2.34    7.00    7.00    6.87   11.45
  320     320        1  1784.61    0.00    2.35    7.63    7.63    7.50   11.41
  321     321        1  1795.51    0.00    2.36    9.99    9.99    9.86   11.39
  322     322        1  1806.41    0.00    2.38    8.66    8.66    8.53   11.38
  323     323        1  1817.31    0.00    2.39   11.50   11.50   11.37   11.39
  324     324        1  1828.22    0.00    2.41    5.96    5.96    5.83   11.37
  325     325        1  1839.12    0.00    2.42   -0.44   -0.44   -0.57   11.26
  326     326        1  1850.02    0.00    2.44    1.90    1.90    1.77   11.12
  327     327        1  1860.92    0.00    2.45    5.53    5.53    5.40   11.03
  328     328        1  1871.83    0.00    2.47    2.80    2.80    2.67   10.95
  329     329        1  1882.73    0.00    2.48    2.16    2.16    2.03   10.85
  330     330        1  1893.63    0.00    2.49    7.45    7.45    7.32   10.79
  331     331        1  1904.53    0.00    2.51    5.18    5.18    5.05   10.74
  332     332        1  1915.43    0.00    2.52   -1.01   -1.01   -1.14   10.64
  333     333        1  1926.34    0.00    2.54    0.30    0.30    0.16   10.50
  334     334        1  1937.24    0.00    2.55   -1.28   -1.28   -1.41   10.36
  335     335        1  1948.14    0.00    2.57   -0.82   -0.82   -0.95   10.22
  336     336        1  1959.04    0.00    2.58    1.63    1.63    1.50   10.10
  337     337        1  1969.94    0.00    2.60    1.42    1.42    1.29   10.01
  338     338        1  1980.85    0.00    2.61    2.42    2.42    2.29    9.92
  339     339        1  1991.75    0.00    2.62    3.24    3.24    3.11    9.84
  340     340        1  2002.65    0.00    2.64    5.76    5.76    5.63    9.79
  341     341        1  2013.55    0.00    2.65    7.10    7.10    6.97    9.77
  342     342        1  2024.46    0.00    2.67    4.73    4.73    4.60    9.75
  343     343        1  2035.36    0.00    2.68    2.77    2.77    2.64    9.69
  344     344        1  2046.26    0.00    2.70    1.98    1.98    1.85    9.61
  345     345        1  2057.16    0.00    2.71    1.87    1.87    1.74    9.53
  346     346        1  2068.07    0.00    2.73    1.66    1.66    1.53    9.45
  347     347        1  2078.97    0.00    2.74    4.28    4.28    4.15    9.39
  348     348        1  2089.87    0.00    2.75    2.65    2.65    2.52    9.34
  349     349        1  2100.77    0.00    2.77    0.75    0.75    0.61    9.26
  350     350        1  2111.68    0.00    2.78    5.41    5.41    5.28    9.21
  351     351        1  2122.58    0.00    2.80    4.84    4.84    4.71    9.18
  352     352        1  2133.48    0.00    2.81    3.28    3.28    3.15    9.14
  353     353        1  2144.38    0.00    2.83    4.60    4.60    4.47    9.10
  354     354        1  2155.28    0.00    2.84    6.02    6.02    5.89    9.08
  355     355        1  2166.19    0.00    2.86    5.60    5.60    5.47    9.07
  356     356        1  2177.09    0.00    2.87    6.16    6.16    6.03    9.05
  357     357        1  2187.99    0.00    2.88    4.42    4.42    4.29    9.03
  358     358        1  2198.89    0.00    2.90    2.92    2.92    2.79    8.99
  359     359        1  2209.79    0.00    2.91   -1.91   -1.91   -2.04    8.91
  360     360        1  2220.70    0.00    2.93   -0.83   -0.83   -0.96    8.81
  361     361        1  2231.60    0.00    2.94   -3.49   -3.49   -3.62    8.70
  362     362        1  2242.50    0.00    2.96    3.25    3.25    3.12    8.61
  363     363        1  2253.40    0.00    2.97    3.42    3.42    3.29    8.57
  364     364        1  2264.31    0.00    2.99    3.88    3.88    3.75    8.54
  365     365        1  2275.21    0.00    3.00    1.42    1.42    1.29    8.50
  366       1        2  2286.12    0.00    3.01    0.13    0.13    0.00    8.43
  367       2        2  2281.16    0.00    3.01    0.63    0.63    0.50    8.35
  368       3        2  2289.59    0.00    3.02   -0.76   -0.76   -0.89    8.27
  369       4        2  2298.02    0.00    3.03   -0.13   -0.13   -0.27    8.19
  370       5        2  2306.45    0.00    3.04   -0.56   -0.56   -0.69    8.10
  371       6        2  2314.87    0.00    3.06   -1.87   -1.87   -2.00    8.01
  372       7        2  2323.30    0.00    3.07   -0.74   -0.74   -0.88    7.92
  373       8        2  2331.73    0.00    3.08   -0.19   -0.19   -0.32    7.84
  374       9        2  2340.16    0.00    3.09   -2.27   -2.27   -2.40    7.76
  375      10        2  2348.59    0.00    3.10   -1.53   -1.53   -1.66    7.66
  376      11        2  2357.02    0.00    3.11   -1.90   -1.90   -2.03    7.57
  377      12        2  2365.44    0.00    3.12   -3.19   -3.19   -3.32    7.47
  378      13        2  2373.87    0.00    3.13   -3.35   -3.35   -3.48    7.37
  379      14        2  2382.30    0.00    3.15   -4.47   -4.47   -4.60    7.26
  380      15        2  2390.73    0.00    3.16  -10.20  -10.20  -10.33    7.11
  381      16        2  2399.16    0.00    3.17   -3.91   -3.91   -4.04    6.96
  382      17        2  2407.58    0.00    3.18   -3.05   -3.05   -3.18    6.86
  383      18        2  2416.01    0.00    3.19   -1.67   -1.67   -1.80    6.78
  384      19        2  2424.44    0.00    3.20   -1.51   -1.51   -1.64    6.71
  385      20        2  2432.87    0.00    3.21    0.34    0.34    0.21    6.65
  386      21        2  2441.30    0.00    3.22    2.02    2.02    1.89    6.61
  387      22        2  2449.73    0.00    3.23    1.96    1.96    1.83    6.59
  388      23        2  2458.15    0.00    3.25    3.00    3.00    2.87    6.57
  389      24        2  2466.58    0.00    3.26   -1.90   -1.90   -2.03    6.53
  390      25        2  2475.01    0.00    3.27   -0.95   -0.95   -1.09    6.47
  391      26        2  2483.44    0.00    3.28   -3.49   -3.49   -3.62    6.39
  392      27        2  2491.87    0.00    3.29   -7.17   -7.17   -7.30    6.28
  393      28        2  2500.29    0.00    3.30   -4.99   -4.99   -5.12    6.17
  394      29        2  2508.72    0.00    3.31   -4.31   -4.31   -4.44    6.07
  395      30        2  2517.15    0.00    3.32  -12.10  -12.10  -12.23    5.93
  396      31        2  2525.58    0.00    3.33  -14.30  -14.30  -14.43    5.74
  397      32        2  2534.01    0.00    3.35  -11.20  -11.20  -11.33    5.56
  398      33        2  2542.44    0.00    3.36   -7.32   -7.32   -7.45    5.43
  399      34        2  2550.86    0.00    3.37   -7.08   -7.08   -7.21    5.31
  400      35        2  2559.29    0.00    3.38   -9.35   -9.35   -9.48    5.19
  401      36        2  2567.72    0.00    3.39  -10.90  -10.90  -11.03    5.05
  402      37        2  2576.15    0.00    3.40  -10.50  -10.50  -10.63    4.91
  403      38        2  2584.58    0.00    3.41  -14.30  -14.30  -14.43    4.74
  404      39        2  2593.00    0.00    3.42  -12.80  -12.80  -12.93    4.57
  405      40        2  2601.43    0.00    3.44  -17.20  -17.20  -17.33    4.39
  406      41        2  2609.86    0.00    3.45  -15.40  -15.40  -15.53    4.20
  407      42        2  2618.29    0.00    3.46  -14.20  -14.20  -14.33    4.02
  408      43        2  2626.72    0.00    3.47  -11.40  -11.40  -11.53    3.87
  409      44        2  2635.15    0.00    3.48   -9.19   -9.19   -9.32    3.76
  410      45        2  2643.57    0.00    3.49   -4.32   -4.32   -4.45    3.68
  411      46        2  2652.00    0.00    3.50  -10.40  -10.40  -10.53    3.60
  412      47        2  2660.43    0.00    3.51   -9.96   -9.96  -10.09    3.49
  413      48        2  2668.86    0.00    3.52   -4.58   -4.58   -4.71    3.41
  414      49        2  2677.29    0.00    3.54   -4.90   -4.90   -5.03    3.36
  415      50        2  2685.72    0.00    3.55    0.31    0.31    0.18    0.64
  416      51        2  2694.14    0.00    3.56    2.10    2.10    1.97    0.67
  417      52        2  2702.57    0.00    3.57    3.37    3.37    3.24    0.74
  418      53        2  2711.00    0.00    3.58    2.15    2.15    2.02    0.81
  419      54        2  2719.43    0.00    3.59    2.42    2.42    2.29    0.87
  420      55        2  2727.86    0.00    3.60    5.28    5.28    5.15    0.95
  421      56        2  2736.28    0.00    3.61    8.64    8.64    8.51    1.06
  422      57        2  2744.71    0.00    3.63    5.76    5.76    5.63    1.18
  423      58        2  2753.14    0.00    3.64    2.15    2.15    2.02    1.26
  424      59        2  2761.57    0.00    3.65    3.62    3.62    3.49    1.33
  425      60        2  2770.00    0.00    3.66    3.07    3.07    2.94    1.41
  426      61        2  2778.44    0.00    3.67    3.08    3.08    2.95    1.48
  427      62        2  2782.78    0.00    3.68    2.35    2.35    2.22    1.54
  428      63        2  2789.16    0.00    3.69   -1.00   -1.00   -1.13    0.03
  429      64        2  2795.55   71.75    3.70   -3.36   -3.36   -3.49   -0.09
  430      65        2  2801.94   69.74    3.70    1.65    1.65    1.52    0.00
  431      66        2  2808.32   68.40    3.71   -0.44   -0.44   -0.57    0.00
  432      67        2  2814.71   66.93    3.72   -0.88   -0.88   -1.01    0.00
  433      68        2  2821.10   66.22    3.73   -1.76   -1.76   -1.89    0.00
  434      69        2  2827.48   66.91    3.74   -5.37   -5.37   -5.50    0.00
  435      70        2  2833.87   66.16    3.75   -1.65   -1.65   -1.78    0.00
  436      71        2  2840.25   64.15    3.75    1.73    1.73    1.60    0.00
  437      72        2  2846.64   61.49    3.76    3.08    3.08    2.95    0.00
  438      73        2  2853.03   59.39    3.77    1.80    1.80    1.67    0.00
  439      74        2  2859.41   56.97    3.78    1.88    1.88    1.75    0.00
  440      75        2  2865.80   54.93    3.79    0.96    0.96    0.83    0.00
  441      76        2  2872.19   53.56    3.80   -0.37   -0.37   -0.50    0.00
  442      77        2  2878.57   52.53    3.81   -1.41   -1.41   -1.54    0.00
  443      78        2  2884.96   51.65    3.81   -2.34   -2.34   -2.47    0.00
  444      79        2  2891.35   49.03    3.82    2.65    2.65    2.52    0.00
  445      80        2  2897.73   45.94    3.83    3.33    3.33    3.20    0.00
  446      81        2  2904.12   42.72    3.84    4.03    4.03    3.90    0.00
  447      82        2  2910.51   38.18    3.85    6.68    6.68    6.55    0.00
  448      83        2  2916.89   33.79    3.86    7.06    7.06    6.93    0.00
  449      84        2  2923.28   29.32    3.86    6.62    6.62    6.49    0.00
  450      85        2  2929.67   25.13    3.87    6.45    6.45    6.32    0.00
  451      86        2  2936.05   20.56    3.88    7.14    7.14    7.01    0.00
  452      87        2  2942.44   17.52    3.89    4.45    4.45    4.32    0.00
  453      88        2  2948.82   12.95    3.90    8.21    8.21    8.08    0.00
  454      89        2  2955.21    7.25    3.91   10.80   10.80   10.67    0.00
  455      90        2  2961.60    3.57    3.92    5.88    5.88    5.75    0.00
  456      91        2  2967.98    0.16    3.92    3.55    3.55    3.42    0.00
  457      92        2  2974.37    0.00    3.93    3.70    3.70    3.57    0.04
  458      93        2  2980.76    0.00    3.94    5.08    5.08    4.95    0.13
  459      94        2  2987.14    0.00    3.95    6.60    6.60    6.47    0.25
  460      95        2  2993.53    0.00    3.96    2.11    2.11    1.98    0.34
  461      96        2  2999.92    0.00    3.97    3.40    3.40    3.27    0.41
  462      97        2  3006.30    0.00    3.97    3.07    3.07    2.94    0.49
  463      98        2  3012.69    0.00    3.98    1.28    1.28    1.15    0.55
  464      99        2  3019.08    0.00    3.99    4.12    4.12    3.99    0.63
  465     100        2  3025.46    0.00    4.00    4.18    4.18    4.05    0.71
  466     101        2  1132.15    0.00    1.50    3.23    3.23    3.10    0.81
  467     102        2  1147.25    0.00    1.51    2.96    2.96    2.83    0.95
  468     103        2  1154.80    0.00    1.52    2.29    2.29    2.16    1.11
  469     104        2  1162.34    0.00    1.53    1.39    1.39    1.26    1.27
  470     105        2  1169.89    0.00    1.54    2.40    2.40    2.27    1.44
  471     106        2  1177.44    0.00    1.55    4.49    4.49    4.36    1.64
  472     107        2  1184.99    0.00    1.56    6.48    6.48    6.35    1.89
  473     108        2  1192.53    0.00    1.57    6.48    6.48    6.35    2.15
  474     109        2  1200.08    0.00    1.58    6.22    6.22    6.09    2.41
  475     110        2  1207.63    0.00    1.59    7.10    7.10    6.97    2.66
  476     111        2  1215.18    0.00    1.60    7.52    7.52    7.39    2.91
  477     112        2  1222.73    0.00    1.61    1.53    1.53    1.40    2.13
  478     113        2  1230.27    0.00    1.62    3.52    3.52    3.39    2.21
  479     114        2  1237.82    0.00    1.63    1.88    1.88    1.75    2.34
  480     115        2  1245.37    0.00    1.64    0.99    0.99    0.85    2.43
  481     116        2  1252.92    0.00    1.65    1.74    1.74    1.61    2.51
  482     117        2  1260.46    0.00    1.66    2.71    2.71    2.58    2.62
  483     118        2  1268.01    0.00    1.67    3.22    3.22    3.09    2.76
  484     119        2  1275.56    0.00    1.68    3.48    3.48    3.35    2.89
  485     120        2  1283.11    0.00    1.69    3.42    3.42    3.29    3.03
  486     121        2  1290.65    0.00    1.70    3.76    3.76    3.63    3.17
  487     122        2  1298.20    0.00    1.71    6.16    6.16    6.03    3.33
  488     123        2  1305.75    0.00    1.72    5.55    5.55    5.42    3.51
  489     124        2  1313.30    0.00    1.73    6.52    6.52    6.39    3.68
  490     125        2  1320.85    0.00    1.74    3.37    3.37    3.24    3.80
  491     126        2  1328.39    0.00    1.75    3.10    3.10    2.97    3.87
  492     127        2  1335.94    0.00    1.76    3.17    3.17    3.04    3.95
  493     128        2  1343.49    0.00    1.77    6.07    6.07    5.94    4.08
  494     129        2  1351.19    0.00    1.78    5.90    5.90    5.77    4.23
  495     130        2  1358.81    0.00    1.79   12.50   12.50   12.37    4.42
  496     131        2  1366.43    0.00    1.80   15.40   15.40   15.27    4.72
  497     132        2  1374.05    0.00    1.81   15.60   15.60   15.47    5.07
  498     133        2  1381.67    0.00    1.82   17.60   17.60   17.47    5.43
  499     134        2  1389.29    0.00    1.83   13.00   13.00   12.87    5.74
  500     135        2  1396.92    0.00    1.84    9.62    9.62    9.49    5.93
  501     136        2  1404.54    0.00    1.85   10.90   10.90   10.77    6.10
  502     137        2  1412.16    0.00    1.86   10.90   10.90   10.77    6.27
  503     138        2  1419.78    0.00    1.87   11.50   11.50   11.37    6.46
  504     139        2  1427.40    0.00    1.88   12.50   12.50   12.37    6.67
  505     140        2  1435.02    0.00    1.89   12.50   12.50   12.37    6.90
  506     141        2  1442.65    0.00    1.90    9.93    9.93    9.80    7.08
  507     142        2  1450.27    0.00    1.91   11.20   11.20   11.07    7.24
  508     143        2  1457.89    0.00    1.92    8.07    8.07    7.94    7.37
  509     144        2  1465.51    0.00    1.93    8.70    8.70    8.57    7.45
  510     145        2  1473.13    0.00    1.94   11.80   11.80   11.67    7.59
  511     146        2  1480.75    0.00    1.95    9.02    9.02    8.89    7.70
  512     147        2  1488.38    0.00    1.96    6.45    6.45    6.32    6.95
  513     148        2  1496.00    0.00    1.97   11.30   11.30   11.17    7.05
  514     149        2  1503.62    0.00    1.98   12.10   12.10   11.97    7.26
  515     150        2  1511.24    0.00    1.99   13.60   13.60   13.47    7.48
  516     151        2  1518.86    0.00    2.00   13.60   13.60   13.47    7.69
  517     152        2  1526.48    0.00    2.01   13.00   13.00   12.87    7.89
  518     153        2  1534.11    0.00    2.02   14.90   14.90   14.77    8.10
  519     154        2  1541.73    0.00    2.03   15.40   15.40   15.27    8.33
  520     155        2  1549.35    0.00    2.04   15.90   15.90   15.77    8.57
  521     156        2  1556.97    0.00    2.05   18.00   18.00   17.87    8.82
  522     157        2  1564.59    0.00    2.06   18.80   18.80   18.67    9.10
  523     158        2  1572.21    0.00    2.07   19.10   19.10   18.97    9.36
  524     159        2  1579.84    0.00    2.08   17.40   17.40   17.27    9.59
  525     160        2  1587.46    0.00    2.09   17.30   17.30   17.17    9.80
  526     161        2  1595.08    0.00    2.10   18.40   18.40   18.27   10.03
  527     162        2  1602.70    0.00    2.11   19.40   19.40   19.27   10.27
  528     163        2  1610.32    0.00    2.12   15.70   15.70   15.57   10.47
  529     164        2  1617.94    0.00    2.13   14.90   14.90   14.77   10.63
  530     165        2  1625.57    0.00    2.14   15.40   15.40   15.27   10.79
  531     166        2  1633.19    0.00    2.15   13.00   13.00   12.87   10.89
  532     167        2  1640.81    0.00    2.16   18.30   18.30   18.17   11.03
  533     168        2  1648.43    0.00    2.17   16.40   16.40   16.27   11.19
  534     169        2  1656.05    0.00    2.18   13.30   13.30   13.17   11.29
  535     170        2  1663.67    0.00    2.19   17.60   17.60   17.47   11.42
  536     171        2  1671.30    0.00    2.20   20.40   20.40   20.27   11.64
  537     172        2  1678.92    0.00    2.21   20.60   20.60   20.47   11.87
  538     173        2  1686.54    0.00    2.22   19.30   19.30   19.17   12.09
  539     174        2  1694.16    0.00    2.23   17.60   17.60   17.47   12.28
  540     175        2  1701.78    0.00    2.24   19.10   19.10   18.97   12.46
  541     176        2  1709.40    0.00    2.25   22.50   22.50   22.37   12.68
  542     177        2  1717.03    0.00    2.26   23.50   23.50   23.37   12.93
  543     178        2  1724.65    0.00    2.27   23.10   23.10   22.97   13.18
  544     179        2  1732.27    0.00    2.28   23.20   23.20   23.07   13.42
  545     180        2  1739.89    0.00    2.30   22.70   22.70   22.57   13.63
  546     181        2  1747.51    0.00    2.31   19.80   19.80   19.67   13.81
  547     182        2  1755.13    0.00    2.32   15.60   15.60   15.47   13.91
  548     183        2  1762.76    0.00    2.33   15.70   15.70   15.57   13.99
  549     184        2  1770.38    0.00    2.34   15.50   15.50   15.37   14.06
  550     185        2  1778.00    0.00    2.35   15.40   15.40   15.27   14.14
  551     186        2  1785.62    0.00    2.36   13.60   13.60   13.47   14.19
  552     187        2  1793.24    0.00    2.37   14.50   14.50   14.37   14.21
  553     188        2  1800.86    0.00    2.38   14.30   14.30   14.17   14.24
  554     189        2  1808.49    0.00    2.39   14.70   14.70   14.57   14.29
  555     190        2  1816.11    0.00    2.40   11.90   11.90   11.77   14.32
  556     191        2  1823.73    0.00    2.41   14.60   14.60   14.47   14.36
  557     192        2  1831.35    0.00    2.42   12.90   12.90   12.77   14.40
  558     193        2  1838.97    0.00    2.43   14.20   14.20   14.07   14.42
  559     194        2  1846.59    0.00    2.44   13.30   13.30   13.17   14.45
  560     195        2  1854.22    0.00    2.45   13.50   13.50   13.37   14.49
  561     196        2  1861.84    0.00    2.46   16.00   16.00   15.87   14.54
  562     197        2  1869.46    0.00    2.47   16.20   16.20   16.07   14.60
  563     198        2  1877.08    0.00    2.48   17.30   17.30   17.17   14.68
  564     199        2  1884.70    0.00    2.49   20.00   20.00   19.87   14.79
  565     200        2  1892.32    0.00    2.50   19.50   19.50   19.37   14.92
  566     201        2  1899.94    0.00    2.51   20.50   20.50   20.37   15.04
  567     202        2  1907.57    0.00    2.52   19.50   19.50   19.37   15.15
  568     203        2  1915.19    0.00    2.53   13.90   13.90   13.77   15.20
  569     204        2  1922.81    0.00    2.54   14.30   14.30   14.17   15.23
  570     205        2  1930.43    0.00    2.55   12.80   12.80   12.67   15.25
  571     206        2  1938.05    0.00    2.56   14.40   14.40   14.27   15.28
  572     207        2  1945.67    0.00    2.57   15.20   15.20   15.07   15.31
  573     208        2  1953.30    0.00    2.58   17.20   17.20   17.07   15.38
  574     209        2  1960.92    0.00    2.59   18.80   18.80   18.67   15.46
  575     210        2  1968.54    0.00    2.60   16.10   16.10   15.97   15.52
  576     211        2  1976.16    0.00    2.61   15.60   15.60   15.47   15.55
  577     212        2  1983.78    0.00    2.62   16.00   16.00   15.87   15.59
  578     213        2  1991.40    0.00    2.63   16.90   16.90   16.77   15.63
  579     214        2  1999.03    0.00    2.64   18.10   18.10   17.97   15.70
  580     215        2  2006.65    0.00    2.65   19.10   19.10   18.97   15.78
  581     216        2  2014.27    0.00    2.66   17.50   17.50   17.37   15.85
  582     217        2  2021.89    0.00    2.67   15.90   15.90   15.77   15.89
  583     218        2  2029.51    0.00    2.68   15.60   15.60   15.47   15.93
  584     219        2  2037.13    0.00    2.69   19.70   19.70   19.57   15.98
  585     220        2  2044.76    0.00    2.70   21.70   21.70   21.57   16.09
  586     221        2  2052.38    0.00    2.71   22.70   22.70   22.57   16.21
  587     222        2  2060.00    0.00    2.72   18.30   18.30   18.17   16.32
  588     223        2  2067.62    0.00    2.73   15.80   15.80   15.67   16.37
  589     224        2  2075.24    0.00    2.74   14.90   14.90   14.77   16.40
  590     225        2  2082.86    0.00    2.75   19.20   19.20   19.07   16.45
  591     226        2  2090.49    0.00    2.76   18.60   18.60   18.47   16.51
  592     227        2  2098.11    0.00    2.77   20.30   20.30   20.17   16.59
  593     228        2  2105.73    0.00    2.78   21.90   21.90   21.77   16.69
  594     229        2  2113.35    0.00    2.79   20.30   20.30   20.17   16.78
  595     230        2  2120.98    0.00    2.80   19.90   19.90   19.77   16.86
  596     231        2  1955.80    0.00    2.59   20.80   20.80   20.67   16.95
  597     232        2  1798.24    0.00    2.38   20.90   20.90   20.77   17.05
  598     233        2  1640.68    0.00    2.17   19.40   19.40   19.27   17.14
  599     234        2  1483.12    0.00    1.96   19.80   19.80   19.67   17.22
  600     235        2  1325.56    0.00    1.76   20.60   20.60   20.47   17.32
  601     236        2  1168.01    0.00    1.55   18.30   18.30   18.17   17.41
  602     237        2  1010.45    0.00    1.34   15.90   15.90   15.77   17.44
  603     238        2   852.89    0.00    1.13   13.20   13.20   13.07   17.42
  604     239        2   875.53    0.00    1.14   13.00   13.00   12.87   17.35
  605     240        2   886.85    0.00    1.16   12.40   12.40   12.27   17.25
  606     241        2   898.18    0.00    1.17   12.10   12.10   11.97   17.13
  607     242        2   909.50    0.00    1.19   12.40   12.40   12.27   16.99
  608     243        2   920.82    0.00    1.20   13.70   13.70   13.57   16.88
  609     244        2   932.14    0.00    1.22   10.80   10.80   10.67   16.77
  610     245        2   943.46    0.00    1.23   13.40   13.40   13.27   16.68
  611     246        2   954.78    0.00    1.25   11.50   11.50   11.37   16.59
  612     247        2   966.10    0.00    1.26   15.90   15.90   15.77   16.70
  613     248        2   977.43    0.00    1.28   15.60   15.60   15.47   16.74
  614     249        2   988.75    0.00    1.29   14.40   14.40   14.27   16.73
  615     250        2  1000.07    0.00    1.31   12.70   12.70   12.57   16.68
  616     251        2  1011.39    0.00    1.32   12.20   12.20   12.07   16.61
  617     252        2  1022.71    0.00    1.34   14.10   14.10   13.97   16.56
  618     253        2  1034.03    0.00    1.35   13.00   13.00   12.87   16.49
  619     254        2  1045.35    0.00    1.37   10.50   10.50   10.37   16.39
  620     255        2  1056.68    0.00    1.38   10.90   10.90   10.77   16.29
  621     256        2  1068.00    0.00    1.40   13.20   13.20   13.07   16.20
  622     257        2  1079.32    0.00    1.41   12.90   12.90   12.77   16.14
  623     258        2  1090.64    0.00    1.43   14.70   14.70   14.57   16.11
  624     259        2  1101.96    0.00    1.44   13.70   13.70   13.57   16.07
  625     260        2  1113.28    0.00    1.46   12.90   12.90   12.77   16.00
  626     261        2  1124.60    0.00    1.47    9.51    9.51    9.38   15.91
  627     262        2  1135.93    0.00    1.49   11.10   11.10   10.97   15.81
  628     263        2  1147.25    0.00    1.50    8.37    8.37    8.24   15.71
  629     264        2  1158.57    0.00    1.52    8.07    8.07    7.94   15.56
  630     265        2  1169.89    0.00    1.53   13.40   13.40   13.27   15.46
  631     266        2  1181.21    0.00    1.55   13.40   13.40   13.27   15.44
  632     267        2  1192.53    0.00    1.56   12.90   12.90   12.77   15.42
  633     268        2  1203.86    0.00    1.58   14.40   14.40   14.27   15.42
  634     269        2  1215.18    0.00    1.59   12.20   12.20   12.07   15.40
  635     270        2  1226.50    0.00    1.61   14.30   14.30   14.17   15.37
  636     271        2  1237.82    0.00    1.62   12.70   12.70   12.57   15.33
  637     272        2  1249.14    0.00    1.64   12.20   12.20   12.07   15.27
  638     273        2  1260.46    0.00    1.65   12.90   12.90   12.77   15.22
  639     274        2  1271.78    0.00    1.67   13.20   13.20   13.07   15.18
  640     275        2  1283.11    0.00    1.68   11.70   11.70   11.57   15.14
  641     276        2  1294.43    0.00    1.70   13.10   13.10   12.97   15.10
  642     277        2  1305.75    0.00    1.71   12.70   12.70   12.57   15.07
  643     278        2  1317.07    0.00    1.73   13.70   13.70   13.57   15.04
  644     279        2  1328.39    0.00    1.74   14.10   14.10   13.97   15.03
  645     280        2  1339.71    0.00    1.76   12.90   12.90   12.77   15.01
  646     281        2  1351.04    0.00    1.77   13.10   13.10   12.97   14.98
  647     282        2  1362.36    0.00    1.79   12.10   12.10   11.97   14.95
  648     283        2  1373.68    0.00    1.80   10.30   10.30   10.17   14.89
  649     284        2  1385.00    0.00    1.82    8.55    8.55    8.42   14.79
  650     285        2  1396.32    0.00    1.83    7.65    7.65    7.52   14.67
  651     286        2  1407.64    0.00    1.85    7.19    7.19    7.06   14.54
  652     287        2  1418.96    0.00    1.86    6.15    6.15    6.02   14.40
  653     288        2  1430.29    0.00    1.88    6.31    6.31    6.18   14.26
  654     289        2  1441.61    0.00    1.89    6.52    6.52    6.39   14.12
  655     290        2  1452.93    0.00    1.91    5.62    5.62    5.49   13.99
  656     291        2  1464.25    0.00    1.92    6.54    6.54    6.41   13.86
  657     292        2  1475.57    0.00    1.94    2.31    2.31    2.18   13.71
  658     293        2  1486.89    0.00    1.95    1.62    1.62    1.49   13.51
  659     294        2  1498.22    0.00    1.97    0.80    0.80    0.67   13.30
  660     295        2  1509.54    0.00    1.98    8.47    8.47    8.34   13.16
  661     296        2  1520.86    0.00    2.00   10.60   10.60   10.47   13.11
  662     297        2  1532.18    0.00    2.01    3.65    3.65    3.52   13.02
  663     298        2  1543.50    0.00    2.03    0.89    0.89    0.76   12.84
  664     299        2  1554.82    0.00    2.04    7.93    7.93    7.80   12.71
  665     300        2  1566.14    0.00    2.06   10.50   10.50   10.37   12.67
  666     301        2  1577.47    0.00    2.07    9.36    9.36    9.23   12.64
  667     302        2  1588.79    0.00    2.09    7.71    7.71    7.58   12.59
  668     303        2  1599.27    0.00    2.10    5.48    5.48    5.35   12.51
  669     304        2  1610.17    0.00    2.12    1.63    1.63    1.50   12.37
  670     305        2  1621.08    0.00    2.13    5.27    5.27    5.14   12.24
  671     306        2  1631.98    0.00    2.15    9.44    9.44    9.31   12.18
  672     307        2  1642.88    0.00    2.16   12.80   12.80   12.67   12.18
  673     308        2  1653.78    0.00    2.18    9.79    9.79    9.66   12.19
  674     309        2  1664.68    0.00    2.19    5.61    5.61    5.48   12.13
  675     310        2  1675.59    0.00    2.21    7.16    7.16    7.03   12.06
  676     311        2  1686.49    0.00    2.22    7.95    7.95    7.82   12.02
  677     312        2  1697.39    0.00    2.23    7.95    7.95    7.82   11.97
  678     313        2  1708.29    0.00    2.25    6.25    6.25    6.12   11.92
  679     314        2  1719.20    0.00    2.26    5.05    5.05    4.92   11.84
  680     315        2  1730.10    0.00    2.28    3.98    3.98    3.85   11.74
  681     316        2  1741.00    0.00    2.29    6.07    6.07    5.94   11.65
  682     317        2  1751.90    0.00    2.31    5.30    5.30    5.17   11.58
  683     318        2  1762.80    0.00    2.32    6.58    6.58    6.45   11.51
  684     319        2  1773.71    0.00    2.34    7.00    7.00    6.87   11.45
  685     320        2  1784.61    0.00    2.35    7.63    7.63    7.50   11.41
  686     321        2  1795.51    0.00    2.36    9.99    9.99    9.86   11.39
  687     322        2  1806.41    0.00    2.38    8.66    8.66    8.53   11.38
  688     323        2  1817.31    0.00    2.39   11.50   11.50   11.37   11.39
  689     324        2  1828.22    0.00    2.41    5.96    5.96    5.83   11.37
  690     325        2  1839.12    0.00    2.42   -0.44   -0.44   -0.57   11.26
  691     326        2  1850.02    0.00    2.44    1.90    1.90    1.77   11.12
  692     327        2  1860.92    0.00    2.45    5.53    5.53    5.40   11.03
  693     328        2  1871.83    0.00    2.47    2.80    2.80    2.67   10.95
  694     329        2  1882.73    0.00    2.48    2.16    2.16    2.03   10.85
  695     330        2  1893.63    0.00    2.49    7.45    7.45    7.32   10.79
  696     331        2  1904.53    0.00    2.51    5.18    5.18    5.05   10.74
  697     332        2  1915.43    0.00    2.52   -1.01   -1.01   -1.14   10.64
  698     333        2  1926.34    0.00    2.54    0.30    0.30    0.16   10.50
  699     334        2  1937.24    0.00    2.55   -1.28   -1.28   -1.41   10.36
  700     335        2  1948.14    0.00    2.57   -0.82   -0.82   -0.95   10.22
  701     336        2  1959.04    0.00    2.58    1.63    1.63    1.50   10.10
  702     337        2  1969.94    0.00    2.60    1.42    1.42    1.29   10.01
  703     338        2  1980.85    0.00    2.61    2.42    2.42    2.29    9.92
  704     339        2  1991.75    0.00    2.62    3.24    3.24    3.11    9.84
  705     340        2  2002.65    0.00    2.64    5.76    5.76    5.63    9.79
  706     341        2  2013.55    0.00    2.65    7.10    7.10    6.97    9.77
  707     342        2  2024.46    0.00    2.67    4.73    4.73    4.60    9.75
  708     343        2  2035.36    0.00    2.68    2.77    2.77    2.64    9.69
  709     344        2  2046.26    0.00    2.70    1.98    1.98    1.85    9.61
  710     345        2  2057.16    0.00    2.71    1.87    1.87    1.74    9.53
  711     346        2  2068.07    0.00    2.73    1.66    1.66    1.53    9.45
  712     347        2  2078.97    0.00    2.74    4.28    4.28    4.15    9.39
  713     348        2  2089.87    0.00    2.75    2.65    2.65    2.52    9.34
  714     349        2  2100.77    0.00    2.77    0.75    0.75    0.61    9.26
  715     350        2  2111.68    0.00    2.78    5.41    5.41    5.28    9.21
  716     351        2  2122.58    0.00    2.80    4.84    4.84    4.71    9.18
  717     352        2  2133.48    0.00    2.81    3.28    3.28    3.15    9.14
  718     353        2  2144.38    0.00    2.83    4.60    4.60    4.47    9.10
  719     354        2  2155.28    0.00    2.84    6.02    6.02    5.89    9.08
  720     355        2  2166.19    0.00    2.86    5.60    5.60    5.47    9.07
  721     356        2  2177.09    0.00    2.87    6.16    6.16    6.03    9.05
  722     357        2  2187.99    0.00    2.88    4.42    4.42    4.29    9.03
  723     358        2  2198.89    0.00    2.90    2.92    2.92    2.79    8.99
  724     359        2  2209.79    0.00    2.91   -1.91   -1.91   -2.04    8.91
  725     360        2  2220.70    0.00    2.93   -0.83   -0.83   -0.96    8.81
  726     361        2  2231.60    0.00    2.94   -3.49   -3.49   -3.62    8.70
  727     362        2  2242.50    0.00    2.96    3.25    3.25    3.12    8.61
  728     363        2  2253.40    0.00    2.97    3.42    3.42    3.29    8.57
  729     364        2  2264.31    0.00    2.99    3.88    3.88    3.75    8.54
  730     365        2  2275.21    0.00    3.00    1.42    1.42    1.29    8.50
  731       1        3  2286.12    0.00    3.01    0.13    0.13    0.00    8.43
  732       2        3  2281.16    0.00    3.01    0.63    0.63    0.50    8.35
  733       3        3  2289.59    0.00    3.02   -0.76   -0.76   -0.89    8.27
  734       4        3  2298.02    0.00    3.03   -0.13   -0.13   -0.27    8.19
  735       5        3  2306.45    0.00    3.04   -0.56   -0.56   -0.69    8.10
  736       6        3  2314.87    0.00    3.06   -1.87   -1.87   -2.00    8.01
  737       7        3  2323.30    0.00    3.07   -0.74   -0.74   -0.88    7.92
  738       8        3  2331.73    0.00    3.08   -0.19   -0.19   -0.32    7.84
  739       9        3  2340.16    0.00    3.09   -2.27   -2.27   -2.40    7.76
  740      10        3  2348.59    0.00    3.10   -1.53   -1.53   -1.66    7.66
  741      11        3  2357.02    0.00    3.11   -1.90   -1.90   -2.03    7.57
  742      12        3  2365.44    0.00    3.12   -3.19   -3.19   -3.32    7.47
  743      13        3  2373.87    0.00    3.13   -3.35   -3.35   -3.48    7.37
  744      14        3  2382.30    0.00    3.15   -4.47   -4.47   -4.60    7.26
  745      15        3  2390.73    0.00    3.16  -10.20  -10.20  -10.33    7.11
  746      16        3  2399.16    0.00    3.17   -3.91   -3.91   -4.04    6.96
  747      17        3  2407.58    0.00    3.18   -3.05   -3.05   -3.18    6.86
  748      18        3  2416.01    0.00    3.19   -1.67   -1.67   -1.80    6.78
  749      19        3  2424.44    0.00    3.20   -1.51   -1.51   -1.64    6.71
  750      20        3  2432.87    0.00    3.21    0.34    0.34    0.21    6.65
  751      21        3  2441.30    0.00    3.22    2.02    2.02    1.89    6.61
  752      22        3  2449.73    0.00    3.23    1.96    1.96    1.83    6.59
  753      23        3  2458.15    0.00    3.25    3.00    3.00    2.87    6.57
  754      24        3  2466.58    0.00    3.26   -1.90   -1.90   -2.03    6.53
  755      25        3  2475.01    0.00    3.27   -0.95   -0.95   -1.09    6.47
  756      26        3  2483.44    0.00    3.28   -3.49   -3.49   -3.62    6.39
  757      27        3  2491.87    0.00    3.29   -7.17   -7.17   -7.30    6.28
  758      28        3  2500.29    0.00    3.30   -4.99   -4.99   -5.12    6.17
  759      29        3  2508.72    0.00    3.31   -4.31   -4.31   -4.44    6.07
  760      30        3  2517.15    0.00    3.32  -12.10  -12.10  -12.23    5.93
  761      31        3  2525.58    0.00    3.33  -14.30  -14.30  -14.43    5.74
  762      32        3  2534.01    0.00    3.35  -11.20  -11.20  -11.33    5.56
  763      33        3  2542.44    0.00    3.36   -7.32   -7.32   -7.45    5.43
  764      34        3  2550.86    0.00    3.37   -7.08   -7.08   -7.21    5.31
  765      35        3  2559.29    0.00    3.38   -9.35   -9.35   -9.48    5.19
  766      36        3  2567.72    0.00    3.39  -10.90  -10.90  -11.03    5.05
  767      37        3  2576.15    0.00    3.40  -10.50  -10.50  -10.63    4.91
  768      38        3  2584.58    0.00    3.41  -14.30  -14.30  -14.43    4.74
  769      39        3  2593.00    0.00    3.42  -12.80  -12.80  -12.93    4.57
  770      40        3  2601.43    0.00    3.44  -17.20  -17.20  -17.33    4.39
  771      41        3  2609.86    0.00    3.45  -15.40  -15.40  -15.53    4.20
  772      42        3  2618.29    0.00    3.46  -14.20  -14.20  -14.33    4.02
  773      43        3  2626.72    0.00    3.47  -11.40  -11.40  -11.53    3.87
  774      44        3  2635.15    0.00    3.48   -9.19   -9.19   -9.32    3.76
  775      45        3  2643.57    0.00    3.49   -4.32   -4.32   -4.45    3.68
  776      46        3  2652.00    0.00    3.50  -10.40  -10.40  -10.53    3.60
  777      47        3  2660.43    0.00    3.51   -9.96   -9.96  -10.09    3.49
  778      48        3  2668.86    0.00    3.52   -4.58   -4.58   -4.71    3.41
  779      49        3  2677.29    0.00    3.54   -4.90   -4.90   -5.03    3.36
  780      50        3  2685.72    0.00    3.55    0.31    0.31    0.18    0.64
  781      51        3  2694.14    0.00    3.56    2.10    2.10    1.97    0.67
  782      52        3  2702.57    0.00    3.57    3.37    3.37    3.24    0.74
  783      53        3  2711.00    0.00    3.58    2.15    2.15    2.02    0.81
  784      54        3  2719.43    0.00    3.59    2.42    2.42    2.29    0.87
  785      55        3  2727.86    0.00    3.60    5.28    5.28    5.15    0.95
  786      56        3  2736.28    0.00    3.61    8.64    8.64    8.51    1.06
  787      57        3  2744.71    0.00    3.63    5.76    5.76    5.63    1.18
  788      58        3  2753.14    0.00    3.64    2.15    2.15    2.02    1.26
  789      59        3  2761.57    0.00    3.65    3.62    3.62    3.49    1.33
  790      60        3  2770.00    0.00    3.66    3.07    3.07    2.94    1.41
  791      61        3  2778.44    0.00    3.67    3.08    3.08    2.95    1.48
  792      62        3  2782.78    0.00    3.68    2.35    2.35    2.22    1.54
  793      63        3  2789.16    0.00    3.69   -1.00   -1.00   -1.13    0.03
  794      64        3  2795.55   71.75    3.70   -3.36   -3.36   -3.49   -0.09
  795      65        3  2801.94   69.74    3.70    1.65    1.65    1.52    0.00
  796      66        3  2808.32   68.40    3.71   -0.44   -0.44   -0.57    0.00
  797      67        3  2814.71   66.93    3.72   -0.88   -0.88   -1.01    0.00
  798      68        3  2821.10   66.22    3.73   -1.76   -1.76   -1.89    0.00
  799      69        3  2827.48   66.91    3.74   -5.37   -5.37   -5.50    0.00
  800      70        3  2833.87   66.16    3.75   -1.65   -1.65   -1.78    0.00
  801      71        3  2840.25   64.15    3.75    1.73    1.73    1.60    0.00
  802      72        3  2846.64   61.49    3.76    3.08    3.08    2.95    0.00
  803      73        3  2853.03   59.39    3.77    1.80    1.80    1.67    0.00
  804      74        3  2859.41   56.97    3.78    1.88    1.88    1.75    0.00
  805      75        3  2865.80   54.93    3.79    0.96    0.96    0.83    0.00
  806      76        3  2872.19   53.56    3.80   -0.37   -0.37   -0.50    0.00
  807      77        3  2878.57   52.53    3.81   -1.41   -1.41   -1.54    0.00
  808      78        3  2884.96   51.65    3.81   -2.34   -2.34   -2.47    0.00
  809      79        3  2891.35   49.03    3.82    2.65    2.65    2.52    0.00
  810      80        3  2897.73   45.94    3.83    3.33    3.33    3.20    0.00
  811      81        3  2904.12   42.72    3.84    4.03    4.03    3.90    0.00
  812      82        3  2910.51   38.18    3.85    6.68    6.68    6.55    0.00
  813      83        3  2916.89   33.79    3.86    7.06    7.06    6.93    0.00
  814      84        3  2923.28   29.32    3.86    6.62    6.62    6.49    0.00
  815      85        3  2929.67   25.13    3.87    6.45    6.45    6.32    0.00
  816      86        3  2936.05   20.56    3.88    7.14    7.14    7.01    0.00
  817      87        3  2942.44   17.52    3.89    4.45    4.45    4.32    0.00
  818      88        3  2948.82   12.95    3.90    8.21    8.21    8.08    0.00
  819      89        3  2955.21    7.25    3.91   10.80   10.80   10.67    0.00
  820      90        3  2961.60    3.57    3.92    5.88    5.88    5.75    0.00
  821      91        3  2967.98    0.16    3.92    3.55    3.55    3.42    0.00
  822      92        3  2974.37    0.00    3.93    3.70    3.70    3.57    0.04
  823      93        3  2980.76    0.00    3.94    5.08    5.08    4.95    0.13
  824      94        3  2987.14    0.00    3.95    6.60    6.60    6.47    0.25
  825      95        3  2993.53    0.00    3.96    2.11    2.11    1.98    0.34
  826      96        3  2999.92    0.00    3.97    3.40    3.40    3.27    0.41
  827      97        3  3006.30    0.00    3.97    3.07    3.07    2.94    0.49
  828      98        3  3012.69    0.00    3.98    1.28    1.28    1.15    0.55
  829      99        3  3019.08    0.00    3.99    4.12    4.12    3.99    0.63
  830     100        3  3025.46    0.00    4.00    4.18    4.18    4.05    0.71
  831     101        3  1132.15    0.00    1.50    3.23    3.23    3.10    0.81
  832     102        3  1147.25    0.00    1.51    2.96    2.96    2.83    0.95
  833     103        3  1154.80    0.00    1.52    2.29    2.29    2.16    1.11
  834     104        3  1162.34    0.00    1.53    1.39    1.39    1.26    1.27
  835     105        3  1169.89    0.00    1.54    2.40    2.40    2.27    1.44
  836     106        3  1177.44    0.00    1.55    4.49    4.49    4.36    1.64
  837     107        3  1184.99    0.00    1.56    6.48    6.48    6.35    1.89
  838     108        3  1192.53    0.00    1.57    6.48    6.48    6.35    2.15
  839     109        3  1200.08    0.00    1.58    6.22    6.22    6.09    2.41
  840     110        3  1207.63    0.00    1.59    7.10    7.10    6.97    2.66
  841     111        3  1215.18    0.00    1.60    7.52    7.52    7.39    2.91
  842     112        3  1222.73    0.00    1.61    1.53    1.53    1.40    2.13
  843     113        3  1230.27    0.00    1.62    3.52    3.52    3.39    2.21
  844     114        3  1237.82    0.00    1.63    1.88    1.88    1.75    2.34
  845     115        3  1245.37    0.00    1.64    0.99    0.99    0.85    2.43
  846     116        3  1252.92    0.00    1.65    1.74    1.74    1.61    2.51
  847     117        3  1260.46    0.00    1.66    2.71    2.71    2.58    2.62
  848     118        3  1268.01    0.00    1.67    3.22    3.22    3.09    2.76
  849     119        3  1275.56    0.00    1.68    3.48    3.48    3.35    2.89
  850     120        3  1283.11    0.00    1.69    3.42    3.42    3.29    3.03
  851     121        3  1290.65    0.00    1.70    3.76    3.76    3.63    3.17
  852     122        3  1298.20    0.00    1.71    6.16    6.16    6.03    3.33
  853     123        3  1305.75    0.00    1.72    5.55    5.55    5.42    3.51
  854     124        3  1313.30    0.00    1.73    6.52    6.52    6.39    3.68
  855     125        3  1320.85    0.00    1.74    3.37    3.37    3.24    3.80
  856     126        3  1328.39    0.00    1.75    3.10    3.10    2.97    3.87
  857     127        3  1335.94    0.00    1.76    3.17    3.17    3.04    3.95
  858     128        3  1343.49    0.00    1.77    6.07    6.07    5.94    4.08
  859     129        3  1351.19    0.00    1.78    5.90    5.90    5.77    4.23
  860     130        3  1358.81    0.00    1.79   12.50   12.50   12.37    4.42
  861     131        3  1366.43    0.00    1.80   15.40   15.40   15.27    4.72
  862     132        3  1374.05    0.00    1.81   15.60   15.60   15.47    5.07
  863     133        3  1381.67    0.00    1.82   17.60   17.60   17.47    5.43
  864     134        3  1389.29    0.00    1.83   13.00   13.00   12.87    5.74
  865     135        3  1396.92    0.00    1.84    9.62    9.62    9.49    5.93
  866     136        3  1404.54    0.00    1.85   10.90   10.90   10.77    6.10
  867     137        3  1412.16    0.00    1.86   10.90   10.90   10.77    6.27
  868     138        3  1419.78    0.00    1.87   11.50   11.50   11.37    6.46
  869     139        3  1427.40    0.00    1.88   12.50   12.50   12.37    6.67
  870     140        3  1435.02    0.00    1.89   12.50   12.50   12.37    6.90
  871     141        3  1442.65    0.00    1.90    9.93    9.93    9.80    7.08
  872     142        3  1450.27    0.00    1.91   11.20   11.20   11.07    7.24
  873     143        3  1457.89    0.00    1.92    8.07    8.07    7.94    7.37
  874     144        3  1465.51    0.00    1.93    8.70    8.70    8.57    7.45
  875     145        3  1473.13    0.00    1.94   11.80   11.80   11.67    7.59
  876     146        3  1480.75    0.00    1.95    9.02    9.02    8.89    7.70
  877     147        3  1488.38    0.00    1.96    6.45    6.45    6.32    6.95
  878     148        3  1496.00    0.00    1.97   11.30   11.30   11.17    7.05
  879     149        3  1503.62    0.00    1.98   12.10   12.10   11.97    7.26
  880     150        3  1511.24    0.00    1.99   13.60   13.60   13.47    7.48
  881     151        3  1518.86    0.00    2.00   13.60   13.60   13.47    7.69
  882     152        3  1526.48    0.00    2.01   13.00   13.00   12.87    7.89
  883     153        3  1534.11    0.00    2.02   14.90   14.90   14.77    8.10
  884     154        3  1541.73    0.00    2.03   15.40   15.40   15.27    8.33
  885     155        3  1549.35    0.00    2.04   15.90   15.90   15.77    8.57
  886     156        3  1556.97    0.00    2.05   18.00   18.00   17.87    8.82
  887     157        3  1564.59    0.00    2.06   18.80   18.80   18.67    9.10
  888     158        3  1572.21    0.00    2.07   19.10   19.10   18.97    9.36
  889     159        3  1579.84    0.00    2.08   17.40   17.40   17.27    9.59
  890     160        3  1587.46    0.00    2.09   17.30   17.30   17.17    9.80
  891     161        3  1595.08    0.00    2.10   18.40   18.40   18.27   10.03
  892     162        3  1602.70    0.00    2.11   19.40   19.40   19.27   10.27
  893     163        3  1610.32    0.00    2.12   15.70   15.70   15.57   10.47
  894     164        3  1617.94    0.00    2.13   14.90   14.90   14.77   10.63
  895     165        3  1625.57    0.00    2.14   15.40   15.40   15.27   10.79
  896     166        3  1633.19    0.00    2.15   13.00   13.00   12.87   10.89
  897     167        3  1640.81    0.00    2.16   18.30   18.30   18.17   11.03
  898     168        3  1648.43    0.00    2.17   16.40   16.40   16.27   11.19
  899     169        3  1656.05    0.00    2.18   13.30   13.30   13.17   11.29
  900     170        3  1663.67    0.00    2.19   17.60   17.60   17.47   11.42
  901     171        3  1671.30    0.00    2.20   20.40   20.40   20.27   11.64
  902     172        3  1678.92    0.00    2.21   20.60   20.60   20.47   11.87
  903     173        3  1686.54    0.00    2.22   19.30   19.30   19.17   12.09
  904     174        3  1694.16    0.00    2.23   17.60   17.60   17.47   12.28
  905     175        3  1701.78    0.00    2.24   19.10   19.10   18.97   12.46
  906     176        3  1709.40    0.00    2.25   22.50   22.50   22.37   12.68
  907     177        3  1717.03    0.00    2.26   23.50   23.50   23.37   12.93
  908     178        3  1724.65    0.00    2.27   23.10   23.10   22.97   13.18
  909     179        3  1732.27    0.00    2.28   23.20   23.20   23.07   13.42
  910     180        3  1739.89    0.00    2.30   22.70   22.70   22.57   13.63
  911     181        3  1747.51    0.00    2.31   19.80   19.80   19.67   13.81
  912     182        3  1755.13    0.00    2.32   15.60   15.60   15.47   13.91
  913     183        3  1762.76    0.00    2.33   15.70   15.70   15.57   13.99
  914     184        3  1770.38    0.00    2.34   15.50   15.50   15.37   14.06
  915     185        3  1778.00    0.00    2.35   15.40   15.40   15.27   14.14
  916     186        3  1785.62    0.00    2.36   13.60   13.60   13.47   14.19
  917     187        3  1793.24    0.00    2.37   14.50   14.50   14.37   14.21
  918     188        3  1800.86    0.00    2.38   14.30   14.30   14.17   14.24
  919     189        3  1808.49    0.00    2.39   14.70   14.70   14.57   14.29
  920     190        3  1816.11    0.00    2.40   11.90   11.90   11.77   14.32
  921     191        3  1823.73    0.00    2.41   14.60   14.60   14.47   14.36
  922     192        3  1831.35    0.00    2.42   12.90   12.90   12.77   14.40
  923     193        3  1838.97    0.00    2.43   14.20   14.20   14.07   14.42
  924     194        3  1846.59    0.00    2.44   13.30   13.30   13.17   14.45
  925     195        3  1854.22    0.00    2.45   13.50   13.50   13.37   14.49
  926     196        3  1861.84    0.00    2.46   16.00   16.00   15.87   14.54
  927     197        3  1869.46    0.00    2.47   16.20   16.20   16.07   14.60
  928     198        3  1877.08    0.00    2.48   17.30   17.30   17.17   14.68
  929     199        3  1884.70    0.00    2.49   20.00   20.00   19.87   14.79
  930     200        3  1892.32    0.00    2.50   19.50   19.50   19.37   14.92
  931     201        3  1899.94    0.00    2.51   20.50   20.50   20.37   15.04
  932     202        3  1907.57    0.00    2.52   19.50   19.50   19.37   15.15
  933     203        3  1915.19    0.00    2.53   13.90   13.90   13.77   15.20
  934     204        3  1922.81    0.00    2.54   14.30   14.30   14.17   15.23
  935     205        3  1930.43    0.00    2.55   12.80   12.80   12.67   15.25
  936     206        3  1938.05    0.00    2.56   14.40   14.40   14.27   15.28
  937     207        3  1945.67    0.00    2.57   15.20   15.20   15.07   15.31
  938     208        3  1953.30    0.00    2.58   17.20   17.20   17.07   15.38
  939     209        3  1960.92    0.00    2.59   18.80   18.80   18.67   15.46
  940     210        3  1968.54    0.00    2.60   16.10   16.10   15.97   15.52
  941     211        3  1976.16    0.00    2.61   15.60   15.60   15.47   15.55
  942     212        3  1983.78    0.00    2.62   16.00   16.00   15.87   15.59
  943     213        3  1991.40    0.00    2.63   16.90   16.90   16.77   15.63
  944     214        3  1999.03    0.00    2.64   18.10   18.10   17.97   15.70
  945     215        3  2006.65    0.00    2.65   19.10   19.10   18.97   15.78
  946     216        3  2014.27    0.00    2.66   17.50   17.50   17.37   15.85
  947     217        3  2021.89    0.00    2.67   15.90   15.90   15.77   15.89
  948     218        3  2029.51    0.00    2.68   15.60   15.60   15.47   15.93
  949     219        3  2037.13    0.00    2.69   19.70   19.70   19.57   15.98
  950     220        3  2044.76    0.00    2.70   21.70   21.70   21.57   16.09
  951     221        3  2052.38    0.00    2.71   22.70   22.70   22.57   16.21
  952     222        3  2060.00    0.00    2.72   18.30   18.30   18.17   16.32
  953     223        3  2067.62    0.00    2.73   15.80   15.80   15.67   16.37
  954     224        3  2075.24    0.00    2.74   14.90   14.90   14.77   16.40
  955     225        3  2082.86    0.00    2.75   19.20   19.20   19.07   16.45
  956     226        3  2090.49    0.00    2.76   18.60   18.60   18.47   16.51
  957     227        3  2098.11    0.00    2.77   20.30   20.30   20.17   16.59
  958     228        3  2105.73    0.00    2.78   21.90   21.90   21.77   16.69
  959     229        3  2113.35    0.00    2.79   20.30   20.30   20.17   16.78
  960     230        3  2120.98    0.00    2.80   19.90   19.90   19.77   16.86
  961     231        3  1955.80    0.00    2.59   20.80   20.80   20.67   16.95
  962     232        3  1798.24    0.00    2.38   20.90   20.90   20.77   17.05
  963     233        3  1640.68    0.00    2.17   19.40   19.40   19.27   17.14
  964     234        3  1483.12    0.00    1.96   19.80   19.80   19.67   17.22
  965     235        3  1325.56    0.00    1.76   20.60   20.60   20.47   17.32
  966     236        3  1168.01    0.00    1.55   18.30   18.30   18.17   17.41
  967     237        3  1010.45    0.00    1.34   15.90   15.90   15.77   17.44
  968     238        3   852.89    0.00    1.13   13.20   13.20   13.07   17.42
  969     239        3   875.53    0.00    1.14   13.00   13.00   12.87   17.35
  970     240        3   886.85    0.00    1.16   12.40   12.40   12.27   17.25
  971     241        3   898.18    0.00    1.17   12.10   12.10   11.97   17.13
  972     242        3   909.50    0.00    1.19   12.40   12.40   12.27   16.99
  973     243        3   920.82    0.00    1.20   13.70   13.70   13.57   16.88
  974     244        3   932.14    0.00    1.22   10.80   10.80   10.67   16.77
  975     245        3   943.46    0.00    1.23   13.40   13.40   13.27   16.68
  976     246        3   954.78    0.00    1.25   11.50   11.50   11.37   16.59
  977     247        3   966.10    0.00    1.26   15.90   15.90   15.77   16.70
  978     248        3   977.43    0.00    1.28   15.60   15.60   15.47   16.74
  979     249        3   988.75    0.00    1.29   14.40   14.40   14.27   16.73
  980     250        3  1000.07    0.00    1.31   12.70   12.70   12.57   16.68
  981     251        3  1011.39    0.00    1.32   12.20   12.20   12.07   16.61
  982     252        3  1022.71    0.00    1.34   14.10   14.10   13.97   16.56
  983     253        3  1034.03    0.00    1.35   13.00   13.00   12.87   16.49
  984     254        3  1045.35    0.00    1.37   10.50   10.50   10.37   16.39
  985     255        3  1056.68    0.00    1.38   10.90   10.90   10.77   16.29
  986     256        3  1068.00    0.00    1.40   13.20   13.20   13.07   16.20
  987     257        3  1079.32    0.00    1.41   12.90   12.90   12.77   16.14
  988     258        3  1090.64    0.00    1.43   14.70   14.70   14.57   16.11
  989     259        3  1101.96    0.00    1.44   13.70   13.70   13.57   16.07
  990     260        3  1113.28    0.00    1.46   12.90   12.90   12.77   16.00
  991     261        3  1124.60    0.00    1.47    9.51    9.51    9.38   15.91
  992     262        3  1135.93    0.00    1.49   11.10   11.10   10.97   15.81
  993     263        3  1147.25    0.00    1.50    8.37    8.37    8.24   15.71
  994     264        3  1158.57    0.00    1.52    8.07    8.07    7.94   15.56
  995     265        3  1169.89    0.00    1.53   13.40   13.40   13.27   15.46
  996     266        3  1181.21    0.00    1.55   13.40   13.40   13.27   15.44
  997     267        3  1192.53    0.00    1.56   12.90   12.90   12.77   15.42
  998     268        3  1203.86    0.00    1.58   14.40   14.40   14.27   15.42
  999     269        3  1215.18    0.00    1.59   12.20   12.20   12.07   15.40
 1000     270        3  1226.50    0.00    1.61   14.30   14.30   14.17   15.37
 1001     271        3  1237.82    0.00    1.62   12.70   12.70   12.57   15.33
 1002     272        3  1249.14    0.00    1.64   12.20   12.20   12.07   15.27
 1003     273        3  1260.46    0.00    1.65   12.90   12.90   12.77   15.22
 1004     274        3  1271.78    0.00    1.67   13.20   13.20   13.07   15.18
 1005     275        3  1283.11    0.00    1.68   11.70   11.70   11.57   15.14
 1006     276        3  1294.43    0.00    1.70   13.10   13.10   12.97   15.10
 1007     277        3  1305.75    0.00    1.71   12.70   12.70   12.57   15.07
 1008     278        3  1317.07    0.00    1.73   13.70   13.70   13.57   15.04
 1009     279        3  1328.39    0.00    1.74   14.10   14.10   13.97   15.03
 1010     280        3  1339.71    0.00    1.76   12.90   12.90   12.77   15.01
 1011     281        3  1351.04    0.00    1.77   13.10   13.10   12.97   14.98
 1012     282        3  1362.36    0.00    1.79   12.10   12.10   11.97   14.95
 1013     283        3  1373.68    0.00    1.80   10.30   10.30   10.17   14.89
 1014     284        3  1385.00    0.00    1.82    8.55    8.55    8.42   14.79
 1015     285        3  1396.32    0.00    1.83    7.65    7.65    7.52   14.67
 1016     286        3  1407.64    0.00    1.85    7.19    7.19    7.06   14.54
 1017     287        3  1418.96    0.00    1.86    6.15    6.15    6.02   14.40
 1018     288        3  1430.29    0.00    1.88    6.31    6.31    6.18   14.26
 1019     289        3  1441.61    0.00    1.89    6.52    6.52    6.39   14.12
 1020     290        3  1452.93    0.00    1.91    5.62    5.62    5.49   13.99
 1021     291        3  1464.25    0.00    1.92    6.54    6.54    6.41   13.86
 1022     292        3  1475.57    0.00    1.94    2.31    2.31    2.18   13.71
 1023     293        3  1486.89    0.00    1.95    1.62    1.62    1.49   13.51
 1024     294        3  1498.22    0.00    1.97    0.80    0.80    0.67   13.30
 1025     295        3  1509.54    0.00    1.98    8.47    8.47    8.34   13.16
 1026     296        3  1520.86    0.00    2.00   10.60   10.60   10.47   13.11
 1027     297        3  1532.18    0.00    2.01    3.65    3.65    3.52   13.02
 1028     298        3  1543.50    0.00    2.03    0.89    0.89    0.76   12.84
 1029     299        3  1554.82    0.00    2.04    7.93    7.93    7.80   12.71
 1030     300        3  1566.14    0.00    2.06   10.50   10.50   10.37   12.67
 1031     301        3  1577.47    0.00    2.07    9.36    9.36    9.23   12.64
 1032     302        3  1588.79    0.00    2.09    7.71    7.71    7.58   12.59
 1033     303        3  1599.27    0.00    2.10    5.48    5.48    5.35   12.51
 1034     304        3  1610.17    0.00    2.12    1.63    1.63    1.50   12.37
 1035     305        3  1621.08    0.00    2.13    5.27    5.27    5.14   12.24
 1036     306        3  1631.98    0.00    2.15    9.44    9.44    9.31   12.18
 1037     307        3  1642.88    0.00    2.16   12.80   12.80   12.67   12.18
 1038     308        3  1653.78    0.00    2.18    9.79    9.79    9.66   12.19
 1039     309        3  1664.68    0.00    2.19    5.61    5.61    5.48   12.13
 1040     310        3  1675.59    0.00    2.21    7.16    7.16    7.03   12.06
 1041     311        3  1686.49    0.00    2.22    7.95    7.95    7.82   12.02
 1042     312        3  1697.39    0.00    2.23    7.95    7.95    7.82   11.97
 1043     313        3  1708.29    0.00    2.25    6.25    6.25    6.12   11.92
 1044     314        3  1719.20    0.00    2.26    5.05    5.05    4.92   11.84
 1045     315        3  1730.10    0.00    2.28    3.98    3.98    3.85   11.74
 1046     316        3  1741.00    0.00    2.29    6.07    6.07    5.94   11.65
 1047     317        3  1751.90    0.00    2.31    5.30    5.30    5.17   11.58
 1048     318        3  1762.80    0.00    2.32    6.58    6.58    6.45   11.51
 1049     319        3  1773.71    0.00    2.34    7.00    7.00    6.87   11.45
 1050     320        3  1784.61    0.00    2.35    7.63    7.63    7.50   11.41
 1051     321        3  1795.51    0.00    2.36    9.99    9.99    9.86   11.39
 1052     322        3  1806.41    0.00    2.38    8.66    8.66    8.53   11.38
 1053     323        3  1817.31    0.00    2.39   11.50   11.50   11.37   11.39
 1054     324        3  1828.22    0.00    2.41    5.96    5.96    5.83   11.37
 1055     325        3  1839.12    0.00    2.42   -0.44   -0.44   -0.57   11.26
 1056     326        3  1850.02    0.00    2.44    1.90    1.90    1.77   11.12
 1057     327        3  1860.92    0.00    2.45    5.53    5.53    5.40   11.03
 1058     328        3  1871.83    0.00    2.47    2.80    2.80    2.67   10.95
 1059     329        3  1882.73    0.00    2.48    2.16    2.16    2.03   10.85
 1060     330        3  1893.63    0.00    2.49    7.45    7.45    7.32   10.79
 1061     331        3  1904.53    0.00    2.51    5.18    5.18    5.05   10.74
 1062     332        3  1915.43    0.00    2.52   -1.01   -1.01   -1.14   10.64
 1063     333        3  1926.34    0.00    2.54    0.30    0.30    0.16   10.50
 1064     334        3  1937.24    0.00    2.55   -1.28   -1.28   -1.41   10.36
 1065     335        3  1948.14    0.00    2.57   -0.82   -0.82   -0.95   10.22
 1066     336        3  1959.04    0.00    2.58    1.63    1.63    1.50   10.10
 1067     337        3  1969.94    0.00    2.60    1.42    1.42    1.29   10.01
 1068     338        3  1980.85    0.00    2.61    2.42    2.42    2.29    9.92
 1069     339        3  1991.75    0.00    2.62    3.24    3.24    3.11    9.84
 1070     340        3  2002.65    0.00    2.64    5.76    5.76    5.63    9.79
 1071     341        3  2013.55    0.00    2.65    7.10    7.10    6.97    9.77
 1072     342        3  2024.46    0.00    2.67    4.73    4.73    4.60    9.75
 1073     343        3  2035.36    0.00    2.68    2.77    2.77    2.64    9.69
 1074     344        3  2046.26    0.00    2.70    1.98    1.98    1.85    9.61
 1075     345        3  2057.16    0.00    2.71    1.87    1.87    1.74    9.53
 1076     346        3  2068.07    0.00    2.73    1.66    1.66    1.53    9.45
 1077     347        3  2078.97    0.00    2.74    4.28    4.28    4.15    9.39
 1078     348        3  2089.87    0.00    2.75    2.65    2.65    2.52    9.34
 1079     349        3  2100.77    0.00    2.77    0.75    0.75    0.61    9.26
 1080     350        3  2111.68    0.00    2.78    5.41    5.41    5.28    9.21
 1081     351        3  2122.58    0.00    2.80    4.84    4.84    4.71    9.18
 1082     352        3  2133.48    0.00    2.81    3.28    3.28    3.15    9.14
 1083     353        3  2144.38    0.00    2.83    4.60    4.60    4.47    9.10
 1084     354        3  2155.28    0.00    2.84    6.02    6.02    5.89    9.08
 1085     355        3  2166.19    0.00    2.86    5.60    5.60    5.47    9.07
 1086     356        3  2177.09    0.00    2.87    6.16    6.16    6.03    9.05
 1087     357        3  2187.99    0.00    2.88    4.42    4.42    4.29    9.03
 1088     358        3  2198.89    0.00    2.90    2.92    2.92    2.79    8.99
 1089     359        3  2209.79    0.00    2.91   -1.91   -1.91   -2.04    8.91
 1090     360        3  2220.70    0.00    2.93   -0.83   -0.83   -0.96    8.81
 1091     361        3  2231.60    0.00    2.94   -3.49   -3.49   -3.62    8.70
 1092     362        3  2242.50    0.00    2.96    3.25    3.25    3.12    8.61
 1093     363        3  2253.40    0.00    2.97    3.42    3.42    3.29    8.57
 1094     364        3  2264.31    0.00    2.99    3.88    3.88    3.75    8.54
 1095     365        3  2275.21    0.00    3.00    1.42    1.42    1.29    8.50
