 Day of  Day of    Year   Slurry  Frozen  Slurry   Air    Wall   Floor    Slurry
 sim.     year             mass    mass   depth     T      T       T        T
    1       1        1   105.90    0.00    0.24    0.13    4.49    8.13   13.78
    2       2        1   111.80    0.00    0.25    0.63    4.39    7.98   11.82
    3       3        1   117.70    0.00    0.27   -0.76    4.22    7.82   10.26
    4       4        1   123.60    0.00    0.28   -0.13    4.08    7.68    9.00
    5       5        1   129.50    0.00    0.29   -0.56    3.96    7.53    8.04
    6       6        1   135.40    0.00    0.31   -1.87    3.85    7.36    7.19
    7       7        1   141.30    0.00    0.32   -0.74    3.82    7.22    6.47
    8       8        1   147.20    0.00    0.33   -0.19    3.74    7.11    5.95
    9       9        1   153.10    0.00    0.35   -2.27    3.56    6.99    5.46
   10      10        1   159.00    0.00    0.36   -1.53    3.35    6.89    5.01
   11      11        1   164.90    0.00    0.37   -1.90    3.18    6.78    4.63
   12      12        1   170.80    0.00    0.39   -3.19    3.05    6.67    4.26
   13      13        1   176.70    0.00    0.40   -3.35    2.90    6.55    3.89
   14      14        1   182.60    0.00    0.41   -4.47    2.71    6.42    3.52
   15      15        1   188.50    0.00    0.43  -10.20    2.45    6.26    2.97
   16      16        1   194.40    0.00    0.44   -3.91    2.30    6.14    2.53
   17      17        1   200.30    0.00    0.45   -3.05    2.18    6.03    2.35
   18      18        1   206.20    0.00    0.47   -1.67    2.10    5.90    2.26
   19      19        1   212.10    0.00    0.48   -1.51    1.98    5.77    2.22
   20      20        1   218.00    0.00    0.49    0.34    1.91    5.67    2.24
   21      21        1   223.90    0.00    0.51    2.02    1.84    5.59    2.35
   22      22        1   229.80    0.00    0.52    1.96    1.77    5.52    2.49
   23      23        1   235.70    0.00    0.53    3.00    1.70    5.44    2.64
   24      24        1   241.60    0.00    0.55   -1.90    1.53    5.33    2.67
   25      25        1   247.50    0.00    0.56   -0.95    1.39    5.24    2.59
   26      26        1   253.40    0.00    0.57   -3.49    1.17    5.14    2.47
   27      27        1   259.30    0.00    0.59   -7.17    0.97    4.99    2.21
   28      28        1   265.20    0.00    0.60   -4.99    0.91    4.85    1.93
   29      29        1   271.10    0.00    0.61   -4.31    0.81    4.71    1.75
   30      30        1   277.00    0.00    0.63  -12.10    0.56    4.53    1.43
   31      31        1   282.90    0.00    0.64  -14.30    0.30    4.33    0.92
   32      32        1   288.80    0.00    0.65  -11.20    0.11    4.17    0.50
   33      33        1   294.70    0.00    0.67   -7.32   -0.11    4.04    0.24
   34      34        1   300.60    0.02    0.68   -7.08   -0.29    3.92    0.07
   35      35        1   306.50    0.92    0.70   -9.35   -0.41    3.80    0.00
   36      36        1   312.40    2.07    0.71  -10.90   -0.58    3.62    0.00
   37      37        1   318.30    3.16    0.72  -10.50   -0.71    3.44    0.00
   38      38        1   324.20    4.92    0.74  -14.30   -0.91    3.24    0.00
   39      39        1   330.10    6.40    0.75  -12.80   -1.12    3.04    0.00
   40      40        1   336.00    8.51    0.76  -17.20   -1.40    2.83    0.00
   41      41        1   341.90   10.58    0.78  -15.40   -1.66    2.61    0.00
   42      42        1   347.80   12.45    0.79  -14.20   -1.92    2.41    0.00
   43      43        1   353.70   13.83    0.80  -11.40   -2.17    2.24    0.00
   44      44        1   359.60   14.73    0.82   -9.19   -2.41    2.07    0.00
   45      45        1   365.50   15.03    0.83   -4.32   -2.54    1.94    0.00
   46      46        1   371.40   16.21    0.84  -10.40   -2.73    1.78    0.00
   47      47        1   377.30   17.50    0.86   -9.96   -2.91    1.61    0.00
   48      48        1   383.20   17.97    0.87   -4.58   -3.00    1.49    0.00
   49      49        1   389.10   18.46    0.88   -4.90   -3.10    1.35    0.00
   50      50        1   395.00   18.17    0.90    0.31   -3.16    1.25    0.00
   51      51        1   400.90   17.63    0.91    2.10   -3.17    1.17    0.00
   52      52        1   406.80   16.84    0.92    3.37   -3.13    1.10    0.00
   53      53        1   412.70   16.33    0.94    2.15   -3.18    1.02    0.00
   54      54        1   418.60   15.80    0.95    2.42   -3.21    0.96    0.00
   55      55        1   424.50   14.80    0.96    5.28   -3.18    0.94    0.00
   56      56        1   430.40   13.27    0.98    8.64   -3.12    0.95    0.00
   57      57        1   436.30   11.94    0.99    5.76   -3.13    0.94    0.00
   58      58        1   442.20   11.27    1.00    2.15   -3.18    0.91    0.00
   59      59        1   448.10   10.30    1.02    3.62   -3.22    0.89    0.00
   60      60        1   454.00    9.47    1.03    3.07   -3.24    0.86    0.00
   61      61        1   459.90    8.55    1.04    3.08   -3.23    0.84    0.00
   62      62        1   465.80    7.74    1.06    2.35   -3.17    0.81    0.00
   63      63        1   471.70    7.54    1.07   -1.00   -3.17    0.79    0.00
   64      64        1   477.60    7.66    1.08   -3.36   -3.17    0.75    0.00
   65      65        1   483.50    7.19    1.10    1.65   -3.19    0.76    0.00
   66      66        1   489.40    6.98    1.11   -0.44   -3.25    0.69    0.00
   67      67        1   495.30    6.65    1.12   -0.88   -3.32    0.61    0.00
   68      68        1   501.20    6.77    1.14   -1.76   -3.37    0.57    0.00
   69      69        1   507.10    7.48    1.15   -5.37   -3.45    0.52    0.00
   70      70        1   513.00    7.59    1.16   -1.65   -3.48    0.45    0.00
   71      71        1   518.90    7.18    1.18    1.73   -3.45    0.39    0.00
   72      72        1   524.80    6.47    1.19    3.08   -3.40    0.34    0.00
   73      73        1   530.70    6.03    1.20    1.80   -3.36    0.30    0.00
   74      74        1   536.60    5.37    1.22    1.88   -3.31    0.27    0.00
   75      75        1   542.50    4.89    1.23    0.96   -3.28    0.27    0.00
   76      76        1   548.40    4.73    1.24   -0.37   -3.29    0.23    0.00
   77      77        1   554.30    4.71    1.26   -1.41   -3.27    0.15    0.00
   78      78        1   560.20    4.72    1.27   -2.34   -3.29    0.03    0.00
   79      79        1   566.10    4.04    1.28    2.65   -3.22   -0.02    0.00
   80      80        1   572.00    3.12    1.30    3.33   -3.12   -0.03    0.00
   81      81        1   577.90    2.17    1.31    4.03   -3.01   -0.06    0.00
   82      82        1   583.80    0.60    1.32    6.68   -2.85   -0.07    0.00
   83      83        1   589.70    0.00    1.34    7.06   -2.60   -0.07    0.04
   84      84        1   595.60    0.00    1.35    6.62   -2.44   -0.07    0.22
   85      85        1   601.50    0.00    1.36    6.45   -2.30   -0.06    0.40
   86      86        1   607.40    0.00    1.38    7.14   -2.17   -0.04    0.57
   87      87        1   613.30    0.00    1.39    4.45   -2.09   -0.05    0.70
   88      88        1   619.20    0.00    1.40    8.21   -1.97   -0.03    0.82
   89      89        1   625.10    0.00    1.42   10.80   -1.84    0.00    1.00
   90      90        1   631.00    0.00    1.43    5.88   -1.78   -0.01    1.15
   91      91        1   636.90    0.00    1.44    3.55   -1.77   -0.04    1.25
   92      92        1   642.80    0.00    1.46    3.70   -1.69   -0.08    1.33
   93      93        1   648.70    0.00    1.47    5.08   -1.60   -0.11    1.42
   94      94        1   654.60    0.00    1.48    6.60   -1.46   -0.14    1.55
   95      95        1   660.50    0.00    1.50    2.11   -1.32   -0.17    1.62
   96      96        1   666.40    0.00    1.51    3.40   -1.20   -0.14    1.66
   97      97        1   672.30    0.00    1.52    3.07   -1.09   -0.14    1.72
   98      98        1   678.20    0.00    1.54    1.28   -0.89   -0.17    1.76
   99      99        1   684.10    0.00    1.55    4.12   -0.62   -0.16    1.80
  100     100        1   690.00    0.00    1.56    4.18   -0.39   -0.14    1.87
  101     101        1   695.90    0.00    1.58    3.23   -0.24   -0.17    1.94
  102     102        1   701.80    0.00    1.59    2.96   -0.09   -0.19    1.96
  103     103        1   707.70    0.00    1.60    2.29    0.08   -0.16    1.97
  104     104        1   713.60    0.00    1.62    1.39    0.26   -0.16    2.00
  105     105        1   719.50    0.00    1.63    2.40    0.45   -0.13    2.03
  106     106        1   725.40    0.00    1.64    4.49    0.73   -0.09    2.11
  107     107        1   731.30    0.00    1.66    6.48    1.01   -0.06    2.22
  108     108        1   737.20    0.00    1.67    6.48    1.36   -0.02    2.34
  109     109        1   743.10    0.00    1.69    6.22    1.68    0.01    2.46
  110     110        1   749.00    0.00    1.70    7.10    1.99    0.04    2.59
  111     111        1   754.90    0.00    1.71    7.52    2.27    0.05    2.70
  112     112        1   760.80    0.00    1.73    1.53    2.43    0.01    2.73
  113     113        1   766.70    0.00    1.74    3.52    2.54    0.00    2.73
  114     114        1   772.60    0.00    1.75    1.88    2.72   -0.01    2.74
  115     115        1   778.50    0.00    1.77    0.99    2.88   -0.01    2.71
  116     116        1   784.40    0.00    1.78    1.74    2.98   -0.01    2.69
  117     117        1   790.30    0.00    1.79    2.71    3.09   -0.01    2.70
  118     118        1   796.20    0.00    1.81    3.22    3.13   -0.01    2.73
  119     119        1   802.10    0.00    1.82    3.48    3.15   -0.01    2.75
  120     120        1   808.00    0.00    1.83    3.42    3.15    0.01    2.79
  121     121        1   813.90    0.00    1.85    3.76    3.18    0.00    2.84
  122     122        1   819.80    0.00    1.86    6.16    3.23    0.01    2.89
  123     123        1   825.70    0.00    1.87    5.55    3.23    0.03    2.96
  124     124        1   831.60    0.00    1.89    6.52    3.20    0.04    3.03
  125     125        1   837.50    0.00    1.90    3.37    3.17    0.02    3.06
  126     126        1   843.40    0.00    1.91    3.10    3.18    0.00    3.05
  127     127        1   849.30    0.00    1.93    3.17    3.18   -0.02    3.04
  128     128        1   855.20    0.00    1.94    6.07    3.22   -0.01    3.09
  129     129        1   861.10    0.00    1.95    5.90    3.26    0.01    3.15
  130     130        1   867.00    0.00    1.97   12.50    3.41    0.12    3.24
  131     131        1   872.90    0.00    1.98   15.40    3.65    0.24    3.42
  132     132        1   878.80    0.00    1.99   15.60    3.93    0.38    3.64
  133     133        1   884.70    0.00    2.01   17.60    4.17    0.49    3.89
  134     134        1   890.60    0.00    2.02   13.00    4.36    0.56    4.08
  135     135        1   896.50    0.00    2.03    9.62    4.52    0.60    4.18
  136     136        1   902.40    0.00    2.05   10.90    4.70    0.67    4.26
  137     137        1   908.30    0.00    2.06   10.90    4.94    0.75    4.35
  138     138        1   914.20    0.00    2.07   11.50    5.14    0.83    4.46
  139     139        1   920.10    0.00    2.09   12.50    5.29    0.93    4.60
  140     140        1   926.00    0.00    2.10   12.50    5.43    1.02    4.75
  141     141        1   931.90    0.00    2.11    9.93    5.55    1.10    4.86
  142     142        1   937.80    0.00    2.13   11.20    5.69    1.19    4.96
  143     143        1   943.70    0.00    2.14    8.07    5.79    1.26    5.03
  144     144        1   949.60    0.00    2.15    8.70    5.93    1.32    5.07
  145     145        1   955.50    0.00    2.17   11.80    6.12    1.42    5.15
  146     146        1   961.40    0.00    2.18    9.02    6.29    1.50    5.21
  147     147        1   967.30    0.00    2.19    6.45    6.34    1.56    5.22
  148     148        1   973.20    0.00    2.21   11.30    6.46    1.67    5.28
  149     149        1   979.10    0.00    2.22   12.10    6.58    1.78    5.42
  150     150        1   105.90    0.00    0.24   13.60    6.68    1.92    6.18
  151     151        1   111.80    0.00    0.25   13.60    6.78    2.09    7.14
  152     152        1   117.70    0.00    0.27   13.00    6.87    2.22    7.83
  153     153        1   123.60    0.00    0.28   14.90    7.00    2.35    8.51
  154     154        1   129.50    0.00    0.29   15.40    7.12    2.47    9.17
  155     155        1   135.40    0.00    0.31   15.90    7.29    2.60    9.78
  156     156        1   141.30    0.00    0.32   18.00    7.43    2.73   10.41
  157     157        1   147.20    0.00    0.33   18.80    7.55    2.85   11.04
  158     158        1   153.10    0.00    0.35   19.10    7.74    2.98   11.53
  159     159        1   159.00    0.00    0.36   17.40    7.95    3.09   11.78
  160     160        1   164.90    0.00    0.37   17.30    8.15    3.23   11.91
  161     161        1   170.80    0.00    0.39   18.40    8.34    3.37   12.19
  162     162        1   176.70    0.00    0.40   19.40    8.53    3.54   12.55
  163     163        1   182.60    0.00    0.41   15.70    8.73    3.71   12.64
  164     164        1   188.50    0.00    0.43   14.90    8.90    3.85   12.63
  165     165        1   194.40    0.00    0.44   15.40    9.08    4.00   12.66
  166     166        1   200.30    0.00    0.45   13.00    9.25    4.18   12.43
  167     167        1   206.20    0.00    0.47   18.30    9.46    4.42   12.40
  168     168        1   212.10    0.00    0.48   16.40    9.64    4.63   12.51
  169     169        1   218.00    0.00    0.49   13.30    9.79    4.78   12.34
  170     170        1   223.90    0.00    0.51   17.60   10.00    4.96   12.39
  171     171        1   229.80    0.00    0.52   20.40   10.27    5.18   12.76
  172     172        1   235.70    0.00    0.53   20.60   10.55    5.41   13.16
  173     173        1   241.60    0.00    0.55   19.30   10.80    5.63   13.50
  174     174        1   247.50    0.00    0.56   17.60   10.99    5.86   13.74
  175     175        1   253.40    0.00    0.57   19.10   11.18    6.10   13.96
  176     176        1   259.30    0.00    0.59   22.50   11.42    6.39   14.27
  177     177        1   265.20    0.00    0.60   23.50   11.67    6.67   14.68
  178     178        1   271.10    0.00    0.61   23.10   11.91    6.95   15.06
  179     179        1   277.00    0.00    0.63   23.20   12.14    7.20   15.39
  180     180        1   282.90    0.00    0.64   22.70   12.45    7.44   15.65
  181     181        1   288.80    0.00    0.65   19.80   12.69    7.62   15.78
  182     182        1   294.70    0.00    0.67   15.60   12.89    7.81   15.72
  183     183        1   300.60    0.00    0.68   15.70   13.10    8.00   15.60
  184     184        1   306.50    0.00    0.70   15.50   13.31    8.14   15.50
  185     185        1   312.40    0.00    0.71   15.40   13.49    8.29   15.46
  186     186        1   318.30    0.00    0.72   13.60   13.65    8.39   15.35
  187     187        1   324.20    0.00    0.74   14.50   13.81    8.48   15.15
  188     188        1   330.10    0.00    0.75   14.30   13.97    8.56   14.99
  189     189        1   336.00    0.00    0.76   14.70   14.13    8.65   14.91
  190     190        1   341.90    0.00    0.78   11.90   14.21    8.72   14.84
  191     191        1   347.80    0.00    0.79   14.60   14.35    8.79   14.79
  192     192        1   353.70    0.00    0.80   12.90   14.44    8.82   14.73
  193     193        1   359.60    0.00    0.82   14.20   14.60    8.89   14.64
  194     194        1   365.50    0.00    0.83   13.30   14.75    8.97   14.58
  195     195        1   371.40    0.00    0.84   13.50   14.90    9.04   14.54
  196     196        1   377.30    0.00    0.86   16.00   15.05    9.13   14.55
  197     197        1   383.20    0.00    0.87   16.20   15.20    9.23   14.57
  198     198        1   389.10    0.00    0.88   17.30   15.27    9.34   14.64
  199     199        1   395.00    0.00    0.90   20.00   15.34    9.50   14.81
  200     200        1   400.90    0.00    0.91   19.50   15.39    9.66   14.99
  201     201        1   406.80    0.00    0.92   20.50   15.44    9.80   15.16
  202     202        1   412.70    0.00    0.94   19.50   15.53    9.95   15.28
  203     203        1   418.60    0.00    0.95   13.90   15.60   10.06   15.28
  204     204        1   424.50    0.00    0.96   14.30   15.65   10.18   15.24
  205     205        1   430.40    0.00    0.98   12.80   15.67   10.31   15.23
  206     206        1   436.30    0.00    0.99   14.40   15.72   10.43   15.21
  207     207        1   442.20    0.00    1.00   15.20   15.76   10.53   15.23
  208     208        1   448.10    0.00    1.02   17.20   15.83   10.63   15.30
  209     209        1   454.00    0.00    1.03   18.80   15.96   10.76   15.41
  210     210        1   459.90    0.00    1.04   16.10   16.03   10.86   15.46
  211     211        1   465.80    0.00    1.06   15.60   16.14   10.97   15.45
  212     212        1   471.70    0.00    1.07   16.00   16.25   11.09   15.45
  213     213        1   477.60    0.00    1.08   16.90   16.32   11.22   15.48
  214     214        1   483.50    0.00    1.10   18.10   16.45   11.37   15.56
  215     215        1   489.40    0.00    1.11   19.10   16.64   11.49   15.67
  216     216        1   495.30    0.00    1.12   17.50   16.73   11.60   15.75
  217     217        1   501.20    0.00    1.14   15.90   16.79   11.69   15.79
  218     218        1   507.10    0.00    1.15   15.60   16.82   11.75   15.81
  219     219        1   513.00    0.00    1.16   19.70   16.91   11.84   15.87
  220     220        1   518.90    0.00    1.18   21.70   17.03   11.95   16.02
  221     221        1   524.80    0.00    1.19   22.70   17.15   12.07   16.21
  222     222        1   530.70    0.00    1.20   18.30   17.19   12.16   16.35
  223     223        1   536.60    0.00    1.22   15.80   17.19   12.24   16.41
  224     224        1   542.50    0.00    1.23   14.90   17.15   12.29   16.43
  225     225        1   548.40    0.00    1.24   19.20   17.15   12.35   16.49
  226     226        1   554.30    0.00    1.26   18.60   17.14   12.44   16.57
  227     227        1   560.20    0.00    1.27   20.30   17.19   12.57   16.65
  228     228        1   566.10    0.00    1.28   21.90   17.25   12.70   16.78
  229     229        1   572.00    0.00    1.30   20.30   17.28   12.81   16.91
  230     230        1   577.90    0.00    1.31   19.90   17.29   12.91   17.01
  231     231        1   583.80    0.00    1.32   20.80   17.36   13.05   17.10
  232     232        1   589.70    0.00    1.34   20.90   17.45   13.18   17.20
  233     233        1   595.60    0.00    1.35   19.40   17.51   13.30   17.28
  234     234        1   601.50    0.00    1.36   19.80   17.61   13.43   17.32
  235     235        1   607.40    0.00    1.38   20.60   17.65   13.55   17.37
  236     236        1   613.30    0.00    1.39   18.30   17.67   13.66   17.41
  237     237        1   619.20    0.00    1.40   15.90   17.71   13.75   17.40
  238     238        1   625.10    0.00    1.42   13.20   17.65   13.83   17.34
  239     239        1   631.00    0.00    1.43   13.00   17.54   13.91   17.28
  240     240        1   636.90    0.00    1.44   12.40   17.42   13.99   17.20
  241     241        1   642.80    0.00    1.46   12.10   17.31   14.06   17.11
  242     242        1   648.70    0.00    1.47   12.40   17.23   14.12   17.01
  243     243        1   654.60    0.00    1.48   13.70   17.16   14.17   16.92
  244     244        1   660.50    0.00    1.50   10.80   16.98   14.20   16.83
  245     245        1   666.40    0.00    1.51   13.40   16.83   14.25   16.76
  246     246        1   672.30    0.00    1.52   11.50   16.66   14.29   16.70
  247     247        1   678.20    0.00    1.54   15.90   16.56   14.35   16.64
  248     248        1   684.10    0.00    1.55   15.60   16.45   14.45   16.61
  249     249        1   690.00    0.00    1.56   14.40   16.37   14.53   16.60
  250     250        1   695.90    0.00    1.58   12.70   16.33   14.61   16.57
  251     251        1   701.80    0.00    1.59   12.20   16.28   14.69   16.53
  252     252        1   707.70    0.00    1.60   14.10   16.26   14.78   16.50
  253     253        1   713.60    0.00    1.62   13.00   16.22   14.86   16.45
  254     254        1   719.50    0.00    1.63   10.50   16.18   14.91   16.39
  255     255        1   725.40    0.00    1.64   10.90   16.12   14.97   16.33
  256     256        1   731.30    0.00    1.66   13.20   16.11   15.04   16.27
  257     257        1   737.20    0.00    1.67   12.90   16.08   15.11   16.23
  258     258        1   743.10    0.00    1.69   14.70   16.12   15.17   16.22
  259     259        1   749.00    0.00    1.70   13.70   16.11   15.23   16.19
  260     260        1   754.90    0.00    1.71   12.90   16.11   15.28   16.14
  261     261        1   760.80    0.00    1.73    9.51   16.04   15.32   16.07
  262     262        1   766.70    0.00    1.74   11.10   16.01   15.38   16.02
  263     263        1   772.60    0.00    1.75    8.37   15.93   15.42   15.96
  264     264        1   778.50    0.00    1.77    8.07   15.82   15.43   15.86
  265     265        1   784.40    0.00    1.78   13.40   15.78   15.49   15.79
  266     266        1   790.30    0.00    1.79   13.40   15.72   15.49   15.78
  267     267        1   796.20    0.00    1.81   12.90   15.61   15.48   15.77
  268     268        1   802.10    0.00    1.82   14.40   15.54   15.47   15.77
  269     269        1   808.00    0.00    1.83   12.20   15.42   15.43   15.77
  270     270        1   813.90    0.00    1.85   14.30   15.34   15.44   15.75
  271     271        1   819.80    0.00    1.86   12.70   15.32   15.46   15.71
  272     272        1   825.70    0.00    1.87   12.20   15.29   15.47   15.67
  273     273        1   831.60    0.00    1.89   12.90   15.29   15.48   15.62
  274     274        1   837.50    0.00    1.90   13.20   15.28   15.50   15.60
  275     275        1   843.40    0.00    1.91   11.70   15.22   15.49   15.56
  276     276        1   849.30    0.00    1.93   13.10   15.16   15.50   15.53
  277     277        1   855.20    0.00    1.94   12.70   15.07   15.52   15.51
  278     278        1   861.10    0.00    1.95   13.70   15.04   15.53   15.48
  279     279        1   867.00    0.00    1.97   14.10   15.02   15.58   15.47
  280     280        1   872.90    0.00    1.98   12.90   14.97   15.61   15.46
  281     281        1   878.80    0.00    1.99   13.10   14.91   15.62   15.44
  282     282        1   884.70    0.00    2.01   12.10   14.83   15.64   15.41
  283     283        1   890.60    0.00    2.02   10.30   14.70   15.67   15.37
  284     284        1   896.50    0.00    2.03    8.55   14.57   15.65   15.29
  285     285        1   902.40    0.00    2.05    7.65   14.44   15.62   15.20
  286     286        1   908.30    0.00    2.06    7.19   14.32   15.57   15.11
  287     287        1   914.20    0.00    2.07    6.15   14.12   15.52   15.00
  288     288        1   920.10    0.00    2.09    6.31   13.90   15.47   14.89
  289     289        1   926.00    0.00    2.10    6.52   13.66   15.40   14.78
  290     290        1   105.90    0.00    0.24    5.62   13.47   15.33   14.28
  291     291        1   111.80    0.00    0.25    6.54   13.33   15.26   13.64
  292     292        1   117.70    0.00    0.27    2.31   13.15   15.15   12.97
  293     293        1   123.60    0.00    0.28    1.62   12.89   15.02   12.22
  294     294        1   129.50    0.00    0.29    0.80   12.63   14.89   11.51
  295     295        1   135.40    0.00    0.31    8.47   12.46   14.82   11.21
  296     296        1   141.30    0.00    0.32   10.60   12.29   14.77   11.37
  297     297        1   147.20    0.00    0.33    3.65   12.04   14.66   11.29
  298     298        1   153.10    0.00    0.35    0.89   11.76   14.53   10.83
  299     299        1   159.00    0.00    0.36    7.93   11.58   14.47   10.60
  300     300        1   164.90    0.00    0.37   10.50   11.42   14.44   10.78
  301     301        1   170.80    0.00    0.39    9.36   11.27   14.39   10.97
  302     302        1   176.70    0.00    0.40    7.71   11.10   14.36   11.03
  303     303        1   182.60    0.00    0.41    5.48   10.87   14.26   10.96
  304     304        1   188.50    0.00    0.43    1.63   10.63   14.15   10.70
  305     305        1   194.40    0.00    0.44    5.27   10.47   14.09   10.45
  306     306        1   200.30    0.00    0.45    9.44   10.42   14.03   10.47
  307     307        1   206.20    0.00    0.47   12.80   10.41   13.98   10.70
  308     308        1   212.10    0.00    0.48    9.79   10.38   13.90   10.92
  309     309        1   218.00    0.00    0.49    5.61   10.28   13.80   10.91
  310     310        1   223.90    0.00    0.51    7.16   10.20   13.72   10.85
  311     311        1   229.80    0.00    0.52    7.95   10.12   13.64   10.85
  312     312        1   235.70    0.00    0.53    7.95   10.08   13.53   10.84
  313     313        1   241.60    0.00    0.55    6.25    9.97   13.40   10.79
  314     314        1   247.50    0.00    0.56    5.05    9.88   13.27   10.67
  315     315        1   253.40    0.00    0.57    3.98    9.70   13.13   10.49
  316     316        1   259.30    0.00    0.59    6.07    9.56   13.01   10.34
  317     317        1   265.20    0.00    0.60    5.30    9.43   12.90   10.23
  318     318        1   271.10    0.00    0.61    6.58    9.34   12.84   10.14
  319     319        1   277.00    0.00    0.63    7.00    9.26   12.77   10.10
  320     320        1   282.90    0.00    0.64    7.63    9.17   12.71   10.09
  321     321        1   288.80    0.00    0.65    9.99    9.12   12.67   10.14
  322     322        1   294.70    0.00    0.67    8.66    9.10   12.64   10.20
  323     323        1   300.60    0.00    0.68   11.50    9.10   12.62   10.29
  324     324        1   306.50    0.00    0.70    5.96    9.00   12.55   10.30
  325     325        1   312.40    0.00    0.71   -0.44    8.80   12.44   10.09
  326     326        1   318.30    0.00    0.72    1.90    8.61   12.37    9.81
  327     327        1   324.20    0.00    0.74    5.53    8.49   12.30    9.68
  328     328        1   330.10    0.00    0.75    2.80    8.34   12.23    9.57
  329     329        1   336.00    0.00    0.76    2.16    8.24   12.14    9.40
  330     330        1   341.90    0.00    0.78    7.45    8.18   12.10    9.32
  331     331        1   347.80    0.00    0.79    5.18    8.14   12.04    9.30
  332     332        1   353.70    0.00    0.80   -1.01    8.00   11.91    9.13
  333     333        1   359.60    0.00    0.82    0.30    7.81   11.79    8.90
  334     334        1   365.50    0.00    0.83   -1.28    7.59   11.66    8.66
  335     335        1   371.40    0.00    0.84   -0.82    7.39   11.50    8.42
  336     336        1   377.30    0.00    0.86    1.63    7.20   11.37    8.24
  337     337        1   383.20    0.00    0.87    1.42    7.05   11.23    8.11
  338     338        1   389.10    0.00    0.88    2.42    6.87   11.11    8.00
  339     339        1   395.00    0.00    0.90    3.24    6.73   11.03    7.91
  340     340        1   400.90    0.00    0.91    5.76    6.64   10.97    7.89
  341     341        1   406.80    0.00    0.92    7.10    6.55   10.92    7.93
  342     342        1   412.70    0.00    0.94    4.73    6.43   10.85    7.94
  343     343        1   418.60    0.00    0.95    2.77    6.30   10.76    7.88
  344     344        1   424.50    0.00    0.96    1.98    6.13   10.65    7.79
  345     345        1   430.40    0.00    0.98    1.87    5.97   10.52    7.69
  346     346        1   436.30    0.00    0.99    1.66    5.80   10.42    7.59
  347     347        1   442.20    0.00    1.00    4.28    5.65   10.34    7.52
  348     348        1   448.10    0.00    1.02    2.65    5.50   10.24    7.47
  349     349        1   454.00    0.00    1.03    0.75    5.32   10.12    7.37
  350     350        1   459.90    0.00    1.04    5.41    5.22   10.02    7.32
  351     351        1   465.80    0.00    1.06    4.84    5.14    9.92    7.32
  352     352        1   471.70    0.00    1.07    3.28    5.06    9.82    7.29
  353     353        1   477.60    0.00    1.08    4.60    5.02    9.73    7.26
  354     354        1   483.50    0.00    1.10    6.02    5.00    9.66    7.26
  355     355        1   489.40    0.00    1.11    5.60    4.99    9.56    7.27
  356     356        1   495.30    0.00    1.12    6.16    4.99    9.44    7.28
  357     357        1   501.20    0.00    1.14    4.42    4.96    9.31    7.28
  358     358        1   507.10    0.00    1.15    2.92    4.92    9.20    7.23
  359     359        1   513.00    0.00    1.16   -1.91    4.80    9.07    7.11
  360     360        1   518.90    0.00    1.18   -0.83    4.75    8.95    6.95
  361     361        1   524.80    0.00    1.19   -3.49    4.67    8.78    6.77
  362     362        1   530.70    0.00    1.20    3.25    4.71    8.67    6.65
  363     363        1   536.60    0.00    1.22    3.42    4.64    8.55    6.61
  364     364        1   542.50    0.00    1.23    3.88    4.54    8.41    6.57
  365     365        1   548.40    0.00    1.24    1.42    4.50    8.28    6.51
  366       1        2   554.30    0.00    1.26    0.13    4.49    8.13    6.42
  367       2        2   560.20    0.00    1.27    0.63    4.39    7.98    6.31
  368       3        2   566.10    0.00    1.28   -0.76    4.22    7.82    6.20
  369       4        2   572.00    0.00    1.30   -0.13    4.08    7.68    6.08
  370       5        2   577.90    0.00    1.31   -0.56    3.96    7.53    5.98
  371       6        2   583.80    0.00    1.32   -1.87    3.85    7.36    5.85
  372       7        2   589.70    0.00    1.34   -0.74    3.82    7.22    5.73
  373       8        2   595.60    0.00    1.35   -0.19    3.74    7.11    5.62
  374       9        2   601.50    0.00    1.36   -2.27    3.56    6.99    5.51
  375      10        2   607.40    0.00    1.38   -1.53    3.35    6.89    5.38
  376      11        2   613.30    0.00    1.39   -1.90    3.18    6.78    5.26
  377      12        2   619.20    0.00    1.40   -3.19    3.05    6.67    5.13
  378      13        2   625.10    0.00    1.42   -3.35    2.90    6.55    4.99
  379      14        2   631.00    0.00    1.43   -4.47    2.71    6.42    4.84
  380      15        2   636.90    0.00    1.44  -10.20    2.45    6.26    4.62
  381      16        2   642.80    0.00    1.46   -3.91    2.30    6.14    4.42
  382      17        2   648.70    0.00    1.47   -3.05    2.18    6.03    4.30
  383      18        2   654.60    0.00    1.48   -1.67    2.10    5.90    4.19
  384      19        2   660.50    0.00    1.50   -1.51    1.98    5.77    4.11
  385      20        2   666.40    0.00    1.51    0.34    1.91    5.67    4.05
  386      21        2   672.30    0.00    1.52    2.02    1.84    5.59    4.02
  387      22        2   678.20    0.00    1.54    1.96    1.77    5.52    4.01
  388      23        2   684.10    0.00    1.55    3.00    1.70    5.44    4.01
  389      24        2   690.00    0.00    1.56   -1.90    1.53    5.33    3.97
  390      25        2   695.90    0.00    1.58   -0.95    1.39    5.24    3.89
  391      26        2   701.80    0.00    1.59   -3.49    1.17    5.14    3.80
  392      27        2   707.70    0.00    1.60   -7.17    0.97    4.99    3.66
  393      28        2   713.60    0.00    1.62   -4.99    0.91    4.85    3.50
  394      29        2   719.50    0.00    1.63   -4.31    0.81    4.71    3.38
  395      30        2   725.40    0.00    1.64  -12.10    0.56    4.53    3.19
  396      31        2   731.30    0.00    1.66  -14.30    0.30    4.33    2.93
  397      32        2   737.20    0.00    1.67  -11.20    0.11    4.17    2.69
  398      33        2   743.10    0.00    1.69   -7.32   -0.11    4.04    2.51
  399      34        2   749.00    0.00    1.70   -7.08   -0.29    3.92    2.36
  400      35        2   754.90    0.00    1.71   -9.35   -0.41    3.80    2.20
  401      36        2   760.80    0.00    1.73  -10.90   -0.58    3.62    2.02
  402      37        2   766.70    0.00    1.74  -10.50   -0.71    3.44    1.83
  403      38        2   772.60    0.00    1.75  -14.30   -0.91    3.24    1.62
  404      39        2   778.50    0.00    1.77  -12.80   -1.12    3.04    1.40
  405      40        2   784.40    0.00    1.78  -17.20   -1.40    2.83    1.16
  406      41        2   790.30    0.00    1.79  -15.40   -1.66    2.61    0.90
  407      42        2   796.20    0.00    1.81  -14.20   -1.92    2.41    0.67
  408      43        2   802.10    0.00    1.82  -11.40   -2.17    2.24    0.48
  409      44        2   808.00    0.00    1.83   -9.19   -2.41    2.07    0.35
  410      45        2   813.90    0.00    1.85   -4.32   -2.54    1.94    0.27
  411      46        2   819.80    0.00    1.86  -10.40   -2.73    1.78    0.18
  412      47        2   825.70    0.23    1.87   -9.96   -2.91    1.61    0.05
  413      48        2   831.60    0.76    1.89   -4.58   -3.00    1.49    0.01
  414      49        2   837.50    1.31    1.90   -4.90   -3.10    1.35    0.01
  415      50        2   843.40    1.04    1.91    0.31   -3.16    1.25    0.01
  416      51        2   849.30    0.49    1.93    2.10   -3.17    1.17    0.01
  417      52        2   855.20    0.00    1.94    3.37   -3.13    1.10    0.01
  418      53        2   861.10    0.00    1.95    2.15   -3.18    1.02    0.06
  419      54        2   867.00    0.00    1.97    2.42   -3.21    0.96    0.11
  420      55        2   872.90    0.00    1.98    5.28   -3.18    0.94    0.18
  421      56        2   878.80    0.00    1.99    8.64   -3.12    0.95    0.30
  422      57        2   884.70    0.00    2.01    5.76   -3.13    0.94    0.42
  423      58        2   890.60    0.00    2.02    2.15   -3.18    0.91    0.50
  424      59        2   896.50    0.00    2.03    3.62   -3.22    0.89    0.56
  425      60        2   902.40    0.00    2.05    3.07   -3.24    0.86    0.63
  426      61        2   908.30    0.00    2.06    3.08   -3.23    0.84    0.69
  427      62        2   914.20    0.00    2.07    2.35   -3.17    0.81    0.75
  428      63        2   920.10    0.00    2.09   -1.00   -3.17    0.79    0.77
  429      64        2   926.00    0.00    2.10   -3.36   -3.17    0.75    0.75
  430      65        2   931.90    0.00    2.11    1.65   -3.19    0.76    0.74
  431      66        2   937.80    0.00    2.13   -0.44   -3.25    0.69    0.75
  432      67        2   943.70    0.00    2.14   -0.88   -3.32    0.61    0.75
  433      68        2   949.60    0.00    2.15   -1.76   -3.37    0.57    0.74
  434      69        2   955.50    0.00    2.17   -5.37   -3.45    0.52    0.68
  435      70        2   961.40    0.00    2.18   -1.65   -3.48    0.45    0.62
  436      71        2   967.30    0.00    2.19    1.73   -3.45    0.39    0.62
  437      72        2   973.20    0.00    2.21    3.08   -3.40    0.34    0.65
  438      73        2   979.10    0.00    2.22    1.80   -3.36    0.30    0.68
  439      74        2   985.00    0.00    2.23    1.88   -3.31    0.27    0.71
  440      75        2   990.90    0.00    2.25    0.96   -3.28    0.27    0.74
  441      76        2   996.80    0.00    2.26   -0.37   -3.29    0.23    0.74
  442      77        2  1002.70    0.00    2.27   -1.41   -3.27    0.15    0.73
  443      78        2  1008.60    0.00    2.29   -2.34   -3.29    0.03    0.71
  444      79        2  1014.50    0.00    2.30    2.65   -3.22   -0.02    0.72
  445      80        2  1020.40    0.00    2.31    3.33   -3.12   -0.03    0.77
  446      81        2  1026.30    0.00    2.33    4.03   -3.01   -0.06    0.83
  447      82        2  1032.20    0.00    2.34    6.68   -2.85   -0.07    0.91
  448      83        2  1038.10    0.00    2.35    7.06   -2.60   -0.07    1.01
  449      84        2  1044.00    0.00    2.37    6.62   -2.44   -0.07    1.11
  450      85        2  1049.90    0.00    2.38    6.45   -2.30   -0.06    1.20
  451      86        2  1055.80    0.00    2.39    7.14   -2.17   -0.04    1.30
  452      87        2  1061.70    0.00    2.41    4.45   -2.09   -0.05    1.36
  453      88        2  1067.60    0.00    2.42    8.21   -1.97   -0.03    1.42
  454      89        2  1073.50    0.00    2.43   10.80   -1.84    0.00    1.53
  455      90        2  1079.40    0.00    2.45    5.88   -1.78   -0.01    1.62
  456      91        2  1085.30    0.00    2.46    3.55   -1.77   -0.04    1.67
  457      92        2  1091.20    0.00    2.47    3.70   -1.69   -0.08    1.71
  458      93        2  1097.10    0.00    2.49    5.08   -1.60   -0.11    1.76
  459      94        2  1103.00    0.00    2.50    6.60   -1.46   -0.14    1.84
  460      95        2  1108.90    0.00    2.51    2.11   -1.32   -0.17    1.78
  461      96        2  1114.80    0.00    2.53    3.40   -1.20   -0.14    1.80
  462      97        2  1120.70    0.00    2.54    3.07   -1.09   -0.14    1.84
  463      98        2  1126.60    0.00    2.55    1.28   -0.89   -0.17    1.86
  464      99        2  1132.50    0.00    2.57    4.12   -0.62   -0.16    1.88
  465     100        2  1138.40    0.00    2.58    4.18   -0.39   -0.14    1.93
  466     101        2  1144.30    0.00    2.59    3.23   -0.24   -0.17    1.97
  467     102        2  1150.20    0.00    2.61    2.96   -0.09   -0.19    1.87
  468     103        2  1156.10    0.00    2.62    2.29    0.08   -0.16    1.88
  469     104        2  1162.00    0.00    2.63    1.39    0.26   -0.16    1.90
  470     105        2  1167.90    0.00    2.65    2.40    0.45   -0.13    1.92
  471     106        2  1173.80    0.00    2.66    4.49    0.73   -0.09    1.97
  472     107        2  1179.70    0.00    2.68    6.48    1.01   -0.06    2.05
  473     108        2  1185.60    0.00    2.69    6.48    1.36   -0.02    2.14
  474     109        2  1191.50    0.00    2.70    6.22    1.68    0.01    2.23
  475     110        2  1197.40    0.00    2.72    7.10    1.99    0.04    2.31
  476     111        2  1203.30    0.00    2.73    7.52    2.27    0.05    2.40
  477     112        2  1209.20    0.00    2.74    1.53    2.43    0.01    2.43
  478     113        2  1215.10    0.00    2.76    3.52    2.54    0.00    2.43
  479     114        2  1221.00    0.00    2.77    1.88    2.72   -0.01    2.45
  480     115        2  1226.90    0.00    2.78    0.99    2.88   -0.01    2.44
  481     116        2  1232.80    0.00    2.80    1.74    2.98   -0.01    2.42
  482     117        2  1238.70    0.00    2.81    2.71    3.09   -0.01    2.43
  483     118        2  1244.60    0.00    2.82    3.22    3.13   -0.01    2.46
  484     119        2  1250.50    0.00    2.84    3.48    3.15   -0.01    2.48
  485     120        2  1256.40    0.00    2.85    3.42    3.15    0.01    2.52
  486     121        2  1262.30    0.00    2.86    3.76    3.18    0.00    2.55
  487     122        2  1268.20    0.00    2.88    6.16    3.23    0.01    2.60
  488     123        2  1274.10    0.00    2.89    5.55    3.23    0.03    2.65
  489     124        2  1280.00    0.00    2.90    6.52    3.20    0.04    2.71
  490     125        2  1285.90    0.00    2.92    3.37    3.17    0.02    2.74
  491     126        2  1291.80    0.00    2.93    3.10    3.18    0.00    2.74
  492     127        2  1297.70    0.00    2.94    3.17    3.18   -0.02    2.74
  493     128        2  1303.60    0.00    2.96    6.07    3.22   -0.01    2.78
  494     129        2  1309.50    0.00    2.97    5.90    3.26    0.01    2.83
  495     130        2  1315.40    0.00    2.98   12.50    3.41    0.12    2.90
  496     131        2  1321.30    0.00    3.00   15.40    3.65    0.24    3.05
  497     132        2  1327.20    0.00    3.01   15.60    3.93    0.38    3.22
  498     133        2  1333.10    0.00    3.02   17.60    4.17    0.49    3.41
  499     134        2  1339.00    0.00    3.04   13.00    4.36    0.56    3.57
  500     135        2  1344.90    0.00    3.05    9.62    4.52    0.60    3.66
  501     136        2  1350.80    0.00    3.06   10.90    4.70    0.67    3.73
  502     137        2  1356.70    0.00    3.08   10.90    4.94    0.75    3.81
  503     138        2  1362.60    0.00    3.09   11.50    5.14    0.83    3.91
  504     139        2  1368.50    0.00    3.10   12.50    5.29    0.93    4.02
  505     140        2  1374.40    0.00    3.12   12.50    5.43    1.02    4.14
  506     141        2  1380.30    0.00    3.13    9.93    5.55    1.10    4.24
  507     142        2  1386.20    0.00    3.14   11.20    5.69    1.19    4.33
  508     143        2  1392.10    0.00    3.16    8.07    5.79    1.26    4.40
  509     144        2  1398.00    0.00    3.17    8.70    5.93    1.32    4.44
  510     145        2  1403.90    0.00    3.18   11.80    6.12    1.42    4.51
  511     146        2  1409.80    0.00    3.20    9.02    6.29    1.50    4.58
  512     147        2  1415.70    0.00    3.21    6.45    6.34    1.56    4.60
  513     148        2  1421.60    0.00    3.22   11.30    6.46    1.67    4.66
  514     149        2  1427.50    0.00    3.24   12.10    6.58    1.78    4.77
  515     150        2   105.90    0.00    0.24   13.60    6.68    1.92    5.60
  516     151        2   111.80    0.00    0.25   13.60    6.78    2.09    6.67
  517     152        2   117.70    0.00    0.27   13.00    6.87    2.22    7.45
  518     153        2   123.60    0.00    0.28   14.90    7.00    2.35    8.20
  519     154        2   129.50    0.00    0.29   15.40    7.12    2.47    8.91
  520     155        2   135.40    0.00    0.31   15.90    7.29    2.60    9.57
  521     156        2   141.30    0.00    0.32   18.00    7.43    2.73   10.23
  522     157        2   147.20    0.00    0.33   18.80    7.55    2.85   10.89
  523     158        2   153.10    0.00    0.35   19.10    7.74    2.98   11.40
  524     159        2   159.00    0.00    0.36   17.40    7.95    3.09   11.67
  525     160        2   164.90    0.00    0.37   17.30    8.15    3.23   11.82
  526     161        2   170.80    0.00    0.39   18.40    8.34    3.37   12.11
  527     162        2   176.70    0.00    0.40   19.40    8.53    3.54   12.48
  528     163        2   182.60    0.00    0.41   15.70    8.73    3.71   12.58
  529     164        2   188.50    0.00    0.43   14.90    8.90    3.85   12.58
  530     165        2   194.40    0.00    0.44   15.40    9.08    4.00   12.61
  531     166        2   200.30    0.00    0.45   13.00    9.25    4.18   12.38
  532     167        2   206.20    0.00    0.47   18.30    9.46    4.42   12.37
  533     168        2   212.10    0.00    0.48   16.40    9.64    4.63   12.47
  534     169        2   218.00    0.00    0.49   13.30    9.79    4.78   12.31
  535     170        2   223.90    0.00    0.51   17.60   10.00    4.96   12.37
  536     171        2   229.80    0.00    0.52   20.40   10.27    5.18   12.73
  537     172        2   235.70    0.00    0.53   20.60   10.55    5.41   13.14
  538     173        2   241.60    0.00    0.55   19.30   10.80    5.63   13.48
  539     174        2   247.50    0.00    0.56   17.60   10.99    5.86   13.72
  540     175        2   253.40    0.00    0.57   19.10   11.18    6.10   13.94
  541     176        2   259.30    0.00    0.59   22.50   11.42    6.39   14.26
  542     177        2   265.20    0.00    0.60   23.50   11.67    6.67   14.66
  543     178        2   271.10    0.00    0.61   23.10   11.91    6.95   15.05
  544     179        2   277.00    0.00    0.63   23.20   12.14    7.20   15.38
  545     180        2   282.90    0.00    0.64   22.70   12.45    7.44   15.64
  546     181        2   288.80    0.00    0.65   19.80   12.69    7.62   15.77
  547     182        2   294.70    0.00    0.67   15.60   12.89    7.81   15.71
  548     183        2   300.60    0.00    0.68   15.70   13.10    8.00   15.59
  549     184        2   306.50    0.00    0.70   15.50   13.31    8.14   15.50
  550     185        2   312.40    0.00    0.71   15.40   13.49    8.29   15.45
  551     186        2   318.30    0.00    0.72   13.60   13.65    8.39   15.34
  552     187        2   324.20    0.00    0.74   14.50   13.81    8.48   15.14
  553     188        2   330.10    0.00    0.75   14.30   13.97    8.56   14.98
  554     189        2   336.00    0.00    0.76   14.70   14.13    8.65   14.91
  555     190        2   341.90    0.00    0.78   11.90   14.21    8.72   14.83
  556     191        2   347.80    0.00    0.79   14.60   14.35    8.79   14.78
  557     192        2   353.70    0.00    0.80   12.90   14.44    8.82   14.72
  558     193        2   359.60    0.00    0.82   14.20   14.60    8.89   14.63
  559     194        2   365.50    0.00    0.83   13.30   14.75    8.97   14.58
  560     195        2   371.40    0.00    0.84   13.50   14.90    9.04   14.54
  561     196        2   377.30    0.00    0.86   16.00   15.05    9.13   14.55
  562     197        2   383.20    0.00    0.87   16.20   15.20    9.23   14.57
  563     198        2   389.10    0.00    0.88   17.30   15.27    9.34   14.64
  564     199        2   395.00    0.00    0.90   20.00   15.34    9.50   14.81
  565     200        2   400.90    0.00    0.91   19.50   15.39    9.66   14.99
  566     201        2   406.80    0.00    0.92   20.50   15.44    9.80   15.15
  567     202        2   412.70    0.00    0.94   19.50   15.53    9.95   15.28
  568     203        2   418.60    0.00    0.95   13.90   15.60   10.06   15.27
  569     204        2   424.50    0.00    0.96   14.30   15.65   10.18   15.24
  570     205        2   430.40    0.00    0.98   12.80   15.67   10.31   15.23
  571     206        2   436.30    0.00    0.99   14.40   15.72   10.43   15.21
  572     207        2   442.20    0.00    1.00   15.20   15.76   10.53   15.23
  573     208        2   448.10    0.00    1.02   17.20   15.83   10.63   15.30
  574     209        2   454.00    0.00    1.03   18.80   15.96   10.76   15.41
  575     210        2   459.90    0.00    1.04   16.10   16.03   10.86   15.46
  576     211        2   465.80    0.00    1.06   15.60   16.14   10.97   15.45
  577     212        2   471.70    0.00    1.07   16.00   16.25   11.09   15.45
  578     213        2   477.60    0.00    1.08   16.90   16.32   11.22   15.47
  579     214        2   483.50    0.00    1.10   18.10   16.45   11.37   15.56
  580     215        2   489.40    0.00    1.11   19.10   16.64   11.49   15.67
  581     216        2   495.30    0.00    1.12   17.50   16.73   11.60   15.75
  582     217        2   501.20    0.00    1.14   15.90   16.79   11.69   15.79
  583     218        2   507.10    0.00    1.15   15.60   16.82   11.75   15.81
  584     219        2   513.00    0.00    1.16   19.70   16.91   11.84   15.87
  585     220        2   518.90    0.00    1.18   21.70   17.03   11.95   16.01
  586     221        2   524.80    0.00    1.19   22.70   17.15   12.07   16.21
  587     222        2   530.70    0.00    1.20   18.30   17.19   12.16   16.35
  588     223        2   536.60    0.00    1.22   15.80   17.19   12.24   16.41
  589     224        2   542.50    0.00    1.23   14.90   17.15   12.29   16.43
  590     225        2   548.40    0.00    1.24   19.20   17.15   12.35   16.49
  591     226        2   554.30    0.00    1.26   18.60   17.14   12.44   16.57
  592     227        2   560.20    0.00    1.27   20.30   17.19   12.57   16.65
  593     228        2   566.10    0.00    1.28   21.90   17.25   12.70   16.78
  594     229        2   572.00    0.00    1.30   20.30   17.28   12.81   16.91
  595     230        2   577.90    0.00    1.31   19.90   17.29   12.91   17.01
  596     231        2   583.80    0.00    1.32   20.80   17.36   13.05   17.10
  597     232        2   589.70    0.00    1.34   20.90   17.45   13.18   17.20
  598     233        2   595.60    0.00    1.35   19.40   17.51   13.30   17.28
  599     234        2   601.50    0.00    1.36   19.80   17.61   13.43   17.32
  600     235        2   607.40    0.00    1.38   20.60   17.65   13.55   17.37
  601     236        2   613.30    0.00    1.39   18.30   17.67   13.66   17.41
  602     237        2   619.20    0.00    1.40   15.90   17.71   13.75   17.40
  603     238        2   625.10    0.00    1.42   13.20   17.65   13.83   17.34
  604     239        2   631.00    0.00    1.43   13.00   17.54   13.91   17.28
  605     240        2   636.90    0.00    1.44   12.40   17.42   13.99   17.20
  606     241        2   642.80    0.00    1.46   12.10   17.31   14.06   17.11
  607     242        2   648.70    0.00    1.47   12.40   17.23   14.12   17.01
  608     243        2   654.60    0.00    1.48   13.70   17.16   14.17   16.92
  609     244        2   660.50    0.00    1.50   10.80   16.98   14.20   16.83
  610     245        2   666.40    0.00    1.51   13.40   16.83   14.25   16.76
  611     246        2   672.30    0.00    1.52   11.50   16.66   14.29   16.70
  612     247        2   678.20    0.00    1.54   15.90   16.56   14.35   16.64
  613     248        2   684.10    0.00    1.55   15.60   16.45   14.45   16.61
  614     249        2   690.00    0.00    1.56   14.40   16.37   14.53   16.60
  615     250        2   695.90    0.00    1.58   12.70   16.33   14.61   16.57
  616     251        2   701.80    0.00    1.59   12.20   16.28   14.69   16.53
  617     252        2   707.70    0.00    1.60   14.10   16.26   14.78   16.50
  618     253        2   713.60    0.00    1.62   13.00   16.22   14.86   16.45
  619     254        2   719.50    0.00    1.63   10.50   16.18   14.91   16.39
  620     255        2   725.40    0.00    1.64   10.90   16.12   14.97   16.33
  621     256        2   731.30    0.00    1.66   13.20   16.11   15.04   16.27
  622     257        2   737.20    0.00    1.67   12.90   16.08   15.11   16.23
  623     258        2   743.10    0.00    1.69   14.70   16.12   15.17   16.22
  624     259        2   749.00    0.00    1.70   13.70   16.11   15.23   16.19
  625     260        2   754.90    0.00    1.71   12.90   16.11   15.28   16.14
  626     261        2   760.80    0.00    1.73    9.51   16.04   15.32   16.07
  627     262        2   766.70    0.00    1.74   11.10   16.01   15.38   16.02
  628     263        2   772.60    0.00    1.75    8.37   15.93   15.42   15.96
  629     264        2   778.50    0.00    1.77    8.07   15.82   15.43   15.86
  630     265        2   784.40    0.00    1.78   13.40   15.78   15.49   15.79
  631     266        2   790.30    0.00    1.79   13.40   15.72   15.49   15.78
  632     267        2   796.20    0.00    1.81   12.90   15.61   15.48   15.77
  633     268        2   802.10    0.00    1.82   14.40   15.54   15.47   15.77
  634     269        2   808.00    0.00    1.83   12.20   15.42   15.43   15.77
  635     270        2   813.90    0.00    1.85   14.30   15.34   15.44   15.75
  636     271        2   819.80    0.00    1.86   12.70   15.32   15.46   15.71
  637     272        2   825.70    0.00    1.87   12.20   15.29   15.47   15.67
  638     273        2   831.60    0.00    1.89   12.90   15.29   15.48   15.62
  639     274        2   837.50    0.00    1.90   13.20   15.28   15.50   15.60
  640     275        2   843.40    0.00    1.91   11.70   15.22   15.49   15.56
  641     276        2   849.30    0.00    1.93   13.10   15.16   15.50   15.53
  642     277        2   855.20    0.00    1.94   12.70   15.07   15.52   15.51
  643     278        2   861.10    0.00    1.95   13.70   15.04   15.53   15.48
  644     279        2   867.00    0.00    1.97   14.10   15.02   15.58   15.47
  645     280        2   872.90    0.00    1.98   12.90   14.97   15.61   15.46
  646     281        2   878.80    0.00    1.99   13.10   14.91   15.62   15.44
  647     282        2   884.70    0.00    2.01   12.10   14.83   15.64   15.41
  648     283        2   890.60    0.00    2.02   10.30   14.70   15.67   15.37
  649     284        2   896.50    0.00    2.03    8.55   14.57   15.65   15.29
  650     285        2   902.40    0.00    2.05    7.65   14.44   15.62   15.20
  651     286        2   908.30    0.00    2.06    7.19   14.32   15.57   15.11
  652     287        2   914.20    0.00    2.07    6.15   14.12   15.52   15.00
  653     288        2   920.10    0.00    2.09    6.31   13.90   15.47   14.89
  654     289        2   926.00    0.00    2.10    6.52   13.66   15.40   14.78
  655     290        2   105.90    0.00    0.24    5.62   13.47   15.33   14.28
  656     291        2   111.80    0.00    0.25    6.54   13.33   15.26   13.64
  657     292        2   117.70    0.00    0.27    2.31   13.15   15.15   12.97
  658     293        2   123.60    0.00    0.28    1.62   12.89   15.02   12.22
  659     294        2   129.50    0.00    0.29    0.80   12.63   14.89   11.51
  660     295        2   135.40    0.00    0.31    8.47   12.46   14.82   11.21
  661     296        2   141.30    0.00    0.32   10.60   12.29   14.77   11.37
  662     297        2   147.20    0.00    0.33    3.65   12.04   14.66   11.29
  663     298        2   153.10    0.00    0.35    0.89   11.76   14.53   10.83
  664     299        2   159.00    0.00    0.36    7.93   11.58   14.47   10.60
  665     300        2   164.90    0.00    0.37   10.50   11.42   14.44   10.78
  666     301        2   170.80    0.00    0.39    9.36   11.27   14.39   10.97
  667     302        2   176.70    0.00    0.40    7.71   11.10   14.36   11.03
  668     303        2   182.60    0.00    0.41    5.48   10.87   14.26   10.96
  669     304        2   188.50    0.00    0.43    1.63   10.63   14.15   10.70
  670     305        2   194.40    0.00    0.44    5.27   10.47   14.09   10.45
  671     306        2   200.30    0.00    0.45    9.44   10.42   14.03   10.47
  672     307        2   206.20    0.00    0.47   12.80   10.41   13.98   10.70
  673     308        2   212.10    0.00    0.48    9.79   10.38   13.90   10.92
  674     309        2   218.00    0.00    0.49    5.61   10.28   13.80   10.91
  675     310        2   223.90    0.00    0.51    7.16   10.20   13.72   10.85
  676     311        2   229.80    0.00    0.52    7.95   10.12   13.64   10.85
  677     312        2   235.70    0.00    0.53    7.95   10.08   13.53   10.84
  678     313        2   241.60    0.00    0.55    6.25    9.97   13.40   10.79
  679     314        2   247.50    0.00    0.56    5.05    9.88   13.27   10.67
  680     315        2   253.40    0.00    0.57    3.98    9.70   13.13   10.49
  681     316        2   259.30    0.00    0.59    6.07    9.56   13.01   10.34
  682     317        2   265.20    0.00    0.60    5.30    9.43   12.90   10.23
  683     318        2   271.10    0.00    0.61    6.58    9.34   12.84   10.14
  684     319        2   277.00    0.00    0.63    7.00    9.26   12.77   10.10
  685     320        2   282.90    0.00    0.64    7.63    9.17   12.71   10.09
  686     321        2   288.80    0.00    0.65    9.99    9.12   12.67   10.14
  687     322        2   294.70    0.00    0.67    8.66    9.10   12.64   10.20
  688     323        2   300.60    0.00    0.68   11.50    9.10   12.62   10.29
  689     324        2   306.50    0.00    0.70    5.96    9.00   12.55   10.30
  690     325        2   312.40    0.00    0.71   -0.44    8.80   12.44   10.09
  691     326        2   318.30    0.00    0.72    1.90    8.61   12.37    9.81
  692     327        2   324.20    0.00    0.74    5.53    8.49   12.30    9.68
  693     328        2   330.10    0.00    0.75    2.80    8.34   12.23    9.57
  694     329        2   336.00    0.00    0.76    2.16    8.24   12.14    9.40
  695     330        2   341.90    0.00    0.78    7.45    8.18   12.10    9.32
  696     331        2   347.80    0.00    0.79    5.18    8.14   12.04    9.30
  697     332        2   353.70    0.00    0.80   -1.01    8.00   11.91    9.13
  698     333        2   359.60    0.00    0.82    0.30    7.81   11.79    8.90
  699     334        2   365.50    0.00    0.83   -1.28    7.59   11.66    8.66
  700     335        2   371.40    0.00    0.84   -0.82    7.39   11.50    8.42
  701     336        2   377.30    0.00    0.86    1.63    7.20   11.37    8.24
  702     337        2   383.20    0.00    0.87    1.42    7.05   11.23    8.11
  703     338        2   389.10    0.00    0.88    2.42    6.87   11.11    8.00
  704     339        2   395.00    0.00    0.90    3.24    6.73   11.03    7.91
  705     340        2   400.90    0.00    0.91    5.76    6.64   10.97    7.89
  706     341        2   406.80    0.00    0.92    7.10    6.55   10.92    7.93
  707     342        2   412.70    0.00    0.94    4.73    6.43   10.85    7.94
  708     343        2   418.60    0.00    0.95    2.77    6.30   10.76    7.88
  709     344        2   424.50    0.00    0.96    1.98    6.13   10.65    7.79
  710     345        2   430.40    0.00    0.98    1.87    5.97   10.52    7.69
  711     346        2   436.30    0.00    0.99    1.66    5.80   10.42    7.59
  712     347        2   442.20    0.00    1.00    4.28    5.65   10.34    7.52
  713     348        2   448.10    0.00    1.02    2.65    5.50   10.24    7.47
  714     349        2   454.00    0.00    1.03    0.75    5.32   10.12    7.37
  715     350        2   459.90    0.00    1.04    5.41    5.22   10.02    7.32
  716     351        2   465.80    0.00    1.06    4.84    5.14    9.92    7.32
  717     352        2   471.70    0.00    1.07    3.28    5.06    9.82    7.29
  718     353        2   477.60    0.00    1.08    4.60    5.02    9.73    7.26
  719     354        2   483.50    0.00    1.10    6.02    5.00    9.66    7.26
  720     355        2   489.40    0.00    1.11    5.60    4.99    9.56    7.27
  721     356        2   495.30    0.00    1.12    6.16    4.99    9.44    7.28
  722     357        2   501.20    0.00    1.14    4.42    4.96    9.31    7.28
  723     358        2   507.10    0.00    1.15    2.92    4.92    9.20    7.23
  724     359        2   513.00    0.00    1.16   -1.91    4.80    9.07    7.11
  725     360        2   518.90    0.00    1.18   -0.83    4.75    8.95    6.95
  726     361        2   524.80    0.00    1.19   -3.49    4.67    8.78    6.77
  727     362        2   530.70    0.00    1.20    3.25    4.71    8.67    6.65
  728     363        2   536.60    0.00    1.22    3.42    4.64    8.55    6.61
  729     364        2   542.50    0.00    1.23    3.88    4.54    8.41    6.57
  730     365        2   548.40    0.00    1.24    1.42    4.50    8.28    6.51
  731       1        3   554.30    0.00    1.26    0.13    4.49    8.13    6.42
  732       2        3   560.20    0.00    1.27    0.63    4.39    7.98    6.31
  733       3        3   566.10    0.00    1.28   -0.76    4.22    7.82    6.20
  734       4        3   572.00    0.00    1.30   -0.13    4.08    7.68    6.08
  735       5        3   577.90    0.00    1.31   -0.56    3.96    7.53    5.98
  736       6        3   583.80    0.00    1.32   -1.87    3.85    7.36    5.85
  737       7        3   589.70    0.00    1.34   -0.74    3.82    7.22    5.73
  738       8        3   595.60    0.00    1.35   -0.19    3.74    7.11    5.62
  739       9        3   601.50    0.00    1.36   -2.27    3.56    6.99    5.51
  740      10        3   607.40    0.00    1.38   -1.53    3.35    6.89    5.38
  741      11        3   613.30    0.00    1.39   -1.90    3.18    6.78    5.26
  742      12        3   619.20    0.00    1.40   -3.19    3.05    6.67    5.13
  743      13        3   625.10    0.00    1.42   -3.35    2.90    6.55    4.99
  744      14        3   631.00    0.00    1.43   -4.47    2.71    6.42    4.84
  745      15        3   636.90    0.00    1.44  -10.20    2.45    6.26    4.62
  746      16        3   642.80    0.00    1.46   -3.91    2.30    6.14    4.42
  747      17        3   648.70    0.00    1.47   -3.05    2.18    6.03    4.30
  748      18        3   654.60    0.00    1.48   -1.67    2.10    5.90    4.19
  749      19        3   660.50    0.00    1.50   -1.51    1.98    5.77    4.11
  750      20        3   666.40    0.00    1.51    0.34    1.91    5.67    4.05
  751      21        3   672.30    0.00    1.52    2.02    1.84    5.59    4.02
  752      22        3   678.20    0.00    1.54    1.96    1.77    5.52    4.01
  753      23        3   684.10    0.00    1.55    3.00    1.70    5.44    4.01
  754      24        3   690.00    0.00    1.56   -1.90    1.53    5.33    3.97
  755      25        3   695.90    0.00    1.58   -0.95    1.39    5.24    3.89
  756      26        3   701.80    0.00    1.59   -3.49    1.17    5.14    3.80
  757      27        3   707.70    0.00    1.60   -7.17    0.97    4.99    3.66
  758      28        3   713.60    0.00    1.62   -4.99    0.91    4.85    3.50
  759      29        3   719.50    0.00    1.63   -4.31    0.81    4.71    3.38
  760      30        3   725.40    0.00    1.64  -12.10    0.56    4.53    3.19
  761      31        3   731.30    0.00    1.66  -14.30    0.30    4.33    2.93
  762      32        3   737.20    0.00    1.67  -11.20    0.11    4.17    2.69
  763      33        3   743.10    0.00    1.69   -7.32   -0.11    4.04    2.51
  764      34        3   749.00    0.00    1.70   -7.08   -0.29    3.92    2.36
  765      35        3   754.90    0.00    1.71   -9.35   -0.41    3.80    2.20
  766      36        3   760.80    0.00    1.73  -10.90   -0.58    3.62    2.02
  767      37        3   766.70    0.00    1.74  -10.50   -0.71    3.44    1.83
  768      38        3   772.60    0.00    1.75  -14.30   -0.91    3.24    1.62
  769      39        3   778.50    0.00    1.77  -12.80   -1.12    3.04    1.40
  770      40        3   784.40    0.00    1.78  -17.20   -1.40    2.83    1.16
  771      41        3   790.30    0.00    1.79  -15.40   -1.66    2.61    0.90
  772      42        3   796.20    0.00    1.81  -14.20   -1.92    2.41    0.67
  773      43        3   802.10    0.00    1.82  -11.40   -2.17    2.24    0.48
  774      44        3   808.00    0.00    1.83   -9.19   -2.41    2.07    0.35
  775      45        3   813.90    0.00    1.85   -4.32   -2.54    1.94    0.27
  776      46        3   819.80    0.00    1.86  -10.40   -2.73    1.78    0.18
  777      47        3   825.70    0.23    1.87   -9.96   -2.91    1.61    0.05
  778      48        3   831.60    0.76    1.89   -4.58   -3.00    1.49    0.01
  779      49        3   837.50    1.31    1.90   -4.90   -3.10    1.35    0.01
  780      50        3   843.40    1.04    1.91    0.31   -3.16    1.25    0.01
  781      51        3   849.30    0.49    1.93    2.10   -3.17    1.17    0.01
  782      52        3   855.20    0.00    1.94    3.37   -3.13    1.10    0.01
  783      53        3   861.10    0.00    1.95    2.15   -3.18    1.02    0.06
  784      54        3   867.00    0.00    1.97    2.42   -3.21    0.96    0.11
  785      55        3   872.90    0.00    1.98    5.28   -3.18    0.94    0.18
  786      56        3   878.80    0.00    1.99    8.64   -3.12    0.95    0.30
  787      57        3   884.70    0.00    2.01    5.76   -3.13    0.94    0.42
  788      58        3   890.60    0.00    2.02    2.15   -3.18    0.91    0.50
  789      59        3   896.50    0.00    2.03    3.62   -3.22    0.89    0.56
  790      60        3   902.40    0.00    2.05    3.07   -3.24    0.86    0.63
  791      61        3   908.30    0.00    2.06    3.08   -3.23    0.84    0.69
  792      62        3   914.20    0.00    2.07    2.35   -3.17    0.81    0.75
  793      63        3   920.10    0.00    2.09   -1.00   -3.17    0.79    0.77
  794      64        3   926.00    0.00    2.10   -3.36   -3.17    0.75    0.75
  795      65        3   931.90    0.00    2.11    1.65   -3.19    0.76    0.74
  796      66        3   937.80    0.00    2.13   -0.44   -3.25    0.69    0.75
  797      67        3   943.70    0.00    2.14   -0.88   -3.32    0.61    0.75
  798      68        3   949.60    0.00    2.15   -1.76   -3.37    0.57    0.74
  799      69        3   955.50    0.00    2.17   -5.37   -3.45    0.52    0.68
  800      70        3   961.40    0.00    2.18   -1.65   -3.48    0.45    0.62
  801      71        3   967.30    0.00    2.19    1.73   -3.45    0.39    0.62
  802      72        3   973.20    0.00    2.21    3.08   -3.40    0.34    0.65
  803      73        3   979.10    0.00    2.22    1.80   -3.36    0.30    0.68
  804      74        3   985.00    0.00    2.23    1.88   -3.31    0.27    0.71
  805      75        3   990.90    0.00    2.25    0.96   -3.28    0.27    0.74
  806      76        3   996.80    0.00    2.26   -0.37   -3.29    0.23    0.74
  807      77        3  1002.70    0.00    2.27   -1.41   -3.27    0.15    0.73
  808      78        3  1008.60    0.00    2.29   -2.34   -3.29    0.03    0.71
  809      79        3  1014.50    0.00    2.30    2.65   -3.22   -0.02    0.72
  810      80        3  1020.40    0.00    2.31    3.33   -3.12   -0.03    0.77
  811      81        3  1026.30    0.00    2.33    4.03   -3.01   -0.06    0.83
  812      82        3  1032.20    0.00    2.34    6.68   -2.85   -0.07    0.91
  813      83        3  1038.10    0.00    2.35    7.06   -2.60   -0.07    1.01
  814      84        3  1044.00    0.00    2.37    6.62   -2.44   -0.07    1.11
  815      85        3  1049.90    0.00    2.38    6.45   -2.30   -0.06    1.20
  816      86        3  1055.80    0.00    2.39    7.14   -2.17   -0.04    1.30
  817      87        3  1061.70    0.00    2.41    4.45   -2.09   -0.05    1.36
  818      88        3  1067.60    0.00    2.42    8.21   -1.97   -0.03    1.42
  819      89        3  1073.50    0.00    2.43   10.80   -1.84    0.00    1.53
  820      90        3  1079.40    0.00    2.45    5.88   -1.78   -0.01    1.62
  821      91        3  1085.30    0.00    2.46    3.55   -1.77   -0.04    1.67
  822      92        3  1091.20    0.00    2.47    3.70   -1.69   -0.08    1.71
  823      93        3  1097.10    0.00    2.49    5.08   -1.60   -0.11    1.76
  824      94        3  1103.00    0.00    2.50    6.60   -1.46   -0.14    1.84
  825      95        3  1108.90    0.00    2.51    2.11   -1.32   -0.17    1.78
  826      96        3  1114.80    0.00    2.53    3.40   -1.20   -0.14    1.80
  827      97        3  1120.70    0.00    2.54    3.07   -1.09   -0.14    1.84
  828      98        3  1126.60    0.00    2.55    1.28   -0.89   -0.17    1.86
  829      99        3  1132.50    0.00    2.57    4.12   -0.62   -0.16    1.88
  830     100        3  1138.40    0.00    2.58    4.18   -0.39   -0.14    1.93
  831     101        3  1144.30    0.00    2.59    3.23   -0.24   -0.17    1.97
  832     102        3  1150.20    0.00    2.61    2.96   -0.09   -0.19    1.87
  833     103        3  1156.10    0.00    2.62    2.29    0.08   -0.16    1.88
  834     104        3  1162.00    0.00    2.63    1.39    0.26   -0.16    1.90
  835     105        3  1167.90    0.00    2.65    2.40    0.45   -0.13    1.92
  836     106        3  1173.80    0.00    2.66    4.49    0.73   -0.09    1.97
  837     107        3  1179.70    0.00    2.68    6.48    1.01   -0.06    2.05
  838     108        3  1185.60    0.00    2.69    6.48    1.36   -0.02    2.14
  839     109        3  1191.50    0.00    2.70    6.22    1.68    0.01    2.23
  840     110        3  1197.40    0.00    2.72    7.10    1.99    0.04    2.31
  841     111        3  1203.30    0.00    2.73    7.52    2.27    0.05    2.40
  842     112        3  1209.20    0.00    2.74    1.53    2.43    0.01    2.43
  843     113        3  1215.10    0.00    2.76    3.52    2.54    0.00    2.43
  844     114        3  1221.00    0.00    2.77    1.88    2.72   -0.01    2.45
  845     115        3  1226.90    0.00    2.78    0.99    2.88   -0.01    2.44
  846     116        3  1232.80    0.00    2.80    1.74    2.98   -0.01    2.42
  847     117        3  1238.70    0.00    2.81    2.71    3.09   -0.01    2.43
  848     118        3  1244.60    0.00    2.82    3.22    3.13   -0.01    2.46
  849     119        3  1250.50    0.00    2.84    3.48    3.15   -0.01    2.48
  850     120        3  1256.40    0.00    2.85    3.42    3.15    0.01    2.52
  851     121        3  1262.30    0.00    2.86    3.76    3.18    0.00    2.55
  852     122        3  1268.20    0.00    2.88    6.16    3.23    0.01    2.60
  853     123        3  1274.10    0.00    2.89    5.55    3.23    0.03    2.65
  854     124        3  1280.00    0.00    2.90    6.52    3.20    0.04    2.71
  855     125        3  1285.90    0.00    2.92    3.37    3.17    0.02    2.74
  856     126        3  1291.80    0.00    2.93    3.10    3.18    0.00    2.74
  857     127        3  1297.70    0.00    2.94    3.17    3.18   -0.02    2.74
  858     128        3  1303.60    0.00    2.96    6.07    3.22   -0.01    2.78
  859     129        3  1309.50    0.00    2.97    5.90    3.26    0.01    2.83
  860     130        3  1315.40    0.00    2.98   12.50    3.41    0.12    2.90
  861     131        3  1321.30    0.00    3.00   15.40    3.65    0.24    3.05
  862     132        3  1327.20    0.00    3.01   15.60    3.93    0.38    3.22
  863     133        3  1333.10    0.00    3.02   17.60    4.17    0.49    3.41
  864     134        3  1339.00    0.00    3.04   13.00    4.36    0.56    3.57
  865     135        3  1344.90    0.00    3.05    9.62    4.52    0.60    3.66
  866     136        3  1350.80    0.00    3.06   10.90    4.70    0.67    3.73
  867     137        3  1356.70    0.00    3.08   10.90    4.94    0.75    3.81
  868     138        3  1362.60    0.00    3.09   11.50    5.14    0.83    3.91
  869     139        3  1368.50    0.00    3.10   12.50    5.29    0.93    4.02
  870     140        3  1374.40    0.00    3.12   12.50    5.43    1.02    4.14
  871     141        3  1380.30    0.00    3.13    9.93    5.55    1.10    4.24
  872     142        3  1386.20    0.00    3.14   11.20    5.69    1.19    4.33
  873     143        3  1392.10    0.00    3.16    8.07    5.79    1.26    4.40
  874     144        3  1398.00    0.00    3.17    8.70    5.93    1.32    4.44
  875     145        3  1403.90    0.00    3.18   11.80    6.12    1.42    4.51
  876     146        3  1409.80    0.00    3.20    9.02    6.29    1.50    4.58
  877     147        3  1415.70    0.00    3.21    6.45    6.34    1.56    4.60
  878     148        3  1421.60    0.00    3.22   11.30    6.46    1.67    4.66
  879     149        3  1427.50    0.00    3.24   12.10    6.58    1.78    4.77
  880     150        3   105.90    0.00    0.24   13.60    6.68    1.92    5.60
  881     151        3   111.80    0.00    0.25   13.60    6.78    2.09    6.67
  882     152        3   117.70    0.00    0.27   13.00    6.87    2.22    7.45
  883     153        3   123.60    0.00    0.28   14.90    7.00    2.35    8.20
  884     154        3   129.50    0.00    0.29   15.40    7.12    2.47    8.91
  885     155        3   135.40    0.00    0.31   15.90    7.29    2.60    9.57
  886     156        3   141.30    0.00    0.32   18.00    7.43    2.73   10.23
  887     157        3   147.20    0.00    0.33   18.80    7.55    2.85   10.89
  888     158        3   153.10    0.00    0.35   19.10    7.74    2.98   11.40
  889     159        3   159.00    0.00    0.36   17.40    7.95    3.09   11.67
  890     160        3   164.90    0.00    0.37   17.30    8.15    3.23   11.82
  891     161        3   170.80    0.00    0.39   18.40    8.34    3.37   12.11
  892     162        3   176.70    0.00    0.40   19.40    8.53    3.54   12.48
  893     163        3   182.60    0.00    0.41   15.70    8.73    3.71   12.58
  894     164        3   188.50    0.00    0.43   14.90    8.90    3.85   12.58
  895     165        3   194.40    0.00    0.44   15.40    9.08    4.00   12.61
  896     166        3   200.30    0.00    0.45   13.00    9.25    4.18   12.38
  897     167        3   206.20    0.00    0.47   18.30    9.46    4.42   12.37
  898     168        3   212.10    0.00    0.48   16.40    9.64    4.63   12.47
  899     169        3   218.00    0.00    0.49   13.30    9.79    4.78   12.31
  900     170        3   223.90    0.00    0.51   17.60   10.00    4.96   12.37
  901     171        3   229.80    0.00    0.52   20.40   10.27    5.18   12.73
  902     172        3   235.70    0.00    0.53   20.60   10.55    5.41   13.14
  903     173        3   241.60    0.00    0.55   19.30   10.80    5.63   13.48
  904     174        3   247.50    0.00    0.56   17.60   10.99    5.86   13.72
  905     175        3   253.40    0.00    0.57   19.10   11.18    6.10   13.94
  906     176        3   259.30    0.00    0.59   22.50   11.42    6.39   14.26
  907     177        3   265.20    0.00    0.60   23.50   11.67    6.67   14.66
  908     178        3   271.10    0.00    0.61   23.10   11.91    6.95   15.05
  909     179        3   277.00    0.00    0.63   23.20   12.14    7.20   15.38
  910     180        3   282.90    0.00    0.64   22.70   12.45    7.44   15.64
  911     181        3   288.80    0.00    0.65   19.80   12.69    7.62   15.77
  912     182        3   294.70    0.00    0.67   15.60   12.89    7.81   15.71
  913     183        3   300.60    0.00    0.68   15.70   13.10    8.00   15.59
  914     184        3   306.50    0.00    0.70   15.50   13.31    8.14   15.50
  915     185        3   312.40    0.00    0.71   15.40   13.49    8.29   15.45
  916     186        3   318.30    0.00    0.72   13.60   13.65    8.39   15.34
  917     187        3   324.20    0.00    0.74   14.50   13.81    8.48   15.14
  918     188        3   330.10    0.00    0.75   14.30   13.97    8.56   14.98
  919     189        3   336.00    0.00    0.76   14.70   14.13    8.65   14.91
  920     190        3   341.90    0.00    0.78   11.90   14.21    8.72   14.83
  921     191        3   347.80    0.00    0.79   14.60   14.35    8.79   14.78
  922     192        3   353.70    0.00    0.80   12.90   14.44    8.82   14.72
  923     193        3   359.60    0.00    0.82   14.20   14.60    8.89   14.63
  924     194        3   365.50    0.00    0.83   13.30   14.75    8.97   14.58
  925     195        3   371.40    0.00    0.84   13.50   14.90    9.04   14.54
  926     196        3   377.30    0.00    0.86   16.00   15.05    9.13   14.55
  927     197        3   383.20    0.00    0.87   16.20   15.20    9.23   14.57
  928     198        3   389.10    0.00    0.88   17.30   15.27    9.34   14.64
  929     199        3   395.00    0.00    0.90   20.00   15.34    9.50   14.81
  930     200        3   400.90    0.00    0.91   19.50   15.39    9.66   14.99
  931     201        3   406.80    0.00    0.92   20.50   15.44    9.80   15.15
  932     202        3   412.70    0.00    0.94   19.50   15.53    9.95   15.28
  933     203        3   418.60    0.00    0.95   13.90   15.60   10.06   15.27
  934     204        3   424.50    0.00    0.96   14.30   15.65   10.18   15.24
  935     205        3   430.40    0.00    0.98   12.80   15.67   10.31   15.23
  936     206        3   436.30    0.00    0.99   14.40   15.72   10.43   15.21
  937     207        3   442.20    0.00    1.00   15.20   15.76   10.53   15.23
  938     208        3   448.10    0.00    1.02   17.20   15.83   10.63   15.30
  939     209        3   454.00    0.00    1.03   18.80   15.96   10.76   15.41
  940     210        3   459.90    0.00    1.04   16.10   16.03   10.86   15.46
  941     211        3   465.80    0.00    1.06   15.60   16.14   10.97   15.45
  942     212        3   471.70    0.00    1.07   16.00   16.25   11.09   15.45
  943     213        3   477.60    0.00    1.08   16.90   16.32   11.22   15.47
  944     214        3   483.50    0.00    1.10   18.10   16.45   11.37   15.56
  945     215        3   489.40    0.00    1.11   19.10   16.64   11.49   15.67
  946     216        3   495.30    0.00    1.12   17.50   16.73   11.60   15.75
  947     217        3   501.20    0.00    1.14   15.90   16.79   11.69   15.79
  948     218        3   507.10    0.00    1.15   15.60   16.82   11.75   15.81
  949     219        3   513.00    0.00    1.16   19.70   16.91   11.84   15.87
  950     220        3   518.90    0.00    1.18   21.70   17.03   11.95   16.01
  951     221        3   524.80    0.00    1.19   22.70   17.15   12.07   16.21
  952     222        3   530.70    0.00    1.20   18.30   17.19   12.16   16.35
  953     223        3   536.60    0.00    1.22   15.80   17.19   12.24   16.41
  954     224        3   542.50    0.00    1.23   14.90   17.15   12.29   16.43
  955     225        3   548.40    0.00    1.24   19.20   17.15   12.35   16.49
  956     226        3   554.30    0.00    1.26   18.60   17.14   12.44   16.57
  957     227        3   560.20    0.00    1.27   20.30   17.19   12.57   16.65
  958     228        3   566.10    0.00    1.28   21.90   17.25   12.70   16.78
  959     229        3   572.00    0.00    1.30   20.30   17.28   12.81   16.91
  960     230        3   577.90    0.00    1.31   19.90   17.29   12.91   17.01
  961     231        3   583.80    0.00    1.32   20.80   17.36   13.05   17.10
  962     232        3   589.70    0.00    1.34   20.90   17.45   13.18   17.20
  963     233        3   595.60    0.00    1.35   19.40   17.51   13.30   17.28
  964     234        3   601.50    0.00    1.36   19.80   17.61   13.43   17.32
  965     235        3   607.40    0.00    1.38   20.60   17.65   13.55   17.37
  966     236        3   613.30    0.00    1.39   18.30   17.67   13.66   17.41
  967     237        3   619.20    0.00    1.40   15.90   17.71   13.75   17.40
  968     238        3   625.10    0.00    1.42   13.20   17.65   13.83   17.34
  969     239        3   631.00    0.00    1.43   13.00   17.54   13.91   17.28
  970     240        3   636.90    0.00    1.44   12.40   17.42   13.99   17.20
  971     241        3   642.80    0.00    1.46   12.10   17.31   14.06   17.11
  972     242        3   648.70    0.00    1.47   12.40   17.23   14.12   17.01
  973     243        3   654.60    0.00    1.48   13.70   17.16   14.17   16.92
  974     244        3   660.50    0.00    1.50   10.80   16.98   14.20   16.83
  975     245        3   666.40    0.00    1.51   13.40   16.83   14.25   16.76
  976     246        3   672.30    0.00    1.52   11.50   16.66   14.29   16.70
  977     247        3   678.20    0.00    1.54   15.90   16.56   14.35   16.64
  978     248        3   684.10    0.00    1.55   15.60   16.45   14.45   16.61
  979     249        3   690.00    0.00    1.56   14.40   16.37   14.53   16.60
  980     250        3   695.90    0.00    1.58   12.70   16.33   14.61   16.57
  981     251        3   701.80    0.00    1.59   12.20   16.28   14.69   16.53
  982     252        3   707.70    0.00    1.60   14.10   16.26   14.78   16.50
  983     253        3   713.60    0.00    1.62   13.00   16.22   14.86   16.45
  984     254        3   719.50    0.00    1.63   10.50   16.18   14.91   16.39
  985     255        3   725.40    0.00    1.64   10.90   16.12   14.97   16.33
  986     256        3   731.30    0.00    1.66   13.20   16.11   15.04   16.27
  987     257        3   737.20    0.00    1.67   12.90   16.08   15.11   16.23
  988     258        3   743.10    0.00    1.69   14.70   16.12   15.17   16.22
  989     259        3   749.00    0.00    1.70   13.70   16.11   15.23   16.19
  990     260        3   754.90    0.00    1.71   12.90   16.11   15.28   16.14
  991     261        3   760.80    0.00    1.73    9.51   16.04   15.32   16.07
  992     262        3   766.70    0.00    1.74   11.10   16.01   15.38   16.02
  993     263        3   772.60    0.00    1.75    8.37   15.93   15.42   15.96
  994     264        3   778.50    0.00    1.77    8.07   15.82   15.43   15.86
  995     265        3   784.40    0.00    1.78   13.40   15.78   15.49   15.79
  996     266        3   790.30    0.00    1.79   13.40   15.72   15.49   15.78
  997     267        3   796.20    0.00    1.81   12.90   15.61   15.48   15.77
  998     268        3   802.10    0.00    1.82   14.40   15.54   15.47   15.77
  999     269        3   808.00    0.00    1.83   12.20   15.42   15.43   15.77
 1000     270        3   813.90    0.00    1.85   14.30   15.34   15.44   15.75
 1001     271        3   819.80    0.00    1.86   12.70   15.32   15.46   15.71
 1002     272        3   825.70    0.00    1.87   12.20   15.29   15.47   15.67
 1003     273        3   831.60    0.00    1.89   12.90   15.29   15.48   15.62
 1004     274        3   837.50    0.00    1.90   13.20   15.28   15.50   15.60
 1005     275        3   843.40    0.00    1.91   11.70   15.22   15.49   15.56
 1006     276        3   849.30    0.00    1.93   13.10   15.16   15.50   15.53
 1007     277        3   855.20    0.00    1.94   12.70   15.07   15.52   15.51
 1008     278        3   861.10    0.00    1.95   13.70   15.04   15.53   15.48
 1009     279        3   867.00    0.00    1.97   14.10   15.02   15.58   15.47
 1010     280        3   872.90    0.00    1.98   12.90   14.97   15.61   15.46
 1011     281        3   878.80    0.00    1.99   13.10   14.91   15.62   15.44
 1012     282        3   884.70    0.00    2.01   12.10   14.83   15.64   15.41
 1013     283        3   890.60    0.00    2.02   10.30   14.70   15.67   15.37
 1014     284        3   896.50    0.00    2.03    8.55   14.57   15.65   15.29
 1015     285        3   902.40    0.00    2.05    7.65   14.44   15.62   15.20
 1016     286        3   908.30    0.00    2.06    7.19   14.32   15.57   15.11
 1017     287        3   914.20    0.00    2.07    6.15   14.12   15.52   15.00
 1018     288        3   920.10    0.00    2.09    6.31   13.90   15.47   14.89
 1019     289        3   926.00    0.00    2.10    6.52   13.66   15.40   14.78
 1020     290        3   105.90    0.00    0.24    5.62   13.47   15.33   14.28
 1021     291        3   111.80    0.00    0.25    6.54   13.33   15.26   13.64
 1022     292        3   117.70    0.00    0.27    2.31   13.15   15.15   12.97
 1023     293        3   123.60    0.00    0.28    1.62   12.89   15.02   12.22
 1024     294        3   129.50    0.00    0.29    0.80   12.63   14.89   11.51
 1025     295        3   135.40    0.00    0.31    8.47   12.46   14.82   11.21
 1026     296        3   141.30    0.00    0.32   10.60   12.29   14.77   11.37
 1027     297        3   147.20    0.00    0.33    3.65   12.04   14.66   11.29
 1028     298        3   153.10    0.00    0.35    0.89   11.76   14.53   10.83
 1029     299        3   159.00    0.00    0.36    7.93   11.58   14.47   10.60
 1030     300        3   164.90    0.00    0.37   10.50   11.42   14.44   10.78
 1031     301        3   170.80    0.00    0.39    9.36   11.27   14.39   10.97
 1032     302        3   176.70    0.00    0.40    7.71   11.10   14.36   11.03
 1033     303        3   182.60    0.00    0.41    5.48   10.87   14.26   10.96
 1034     304        3   188.50    0.00    0.43    1.63   10.63   14.15   10.70
 1035     305        3   194.40    0.00    0.44    5.27   10.47   14.09   10.45
 1036     306        3   200.30    0.00    0.45    9.44   10.42   14.03   10.47
 1037     307        3   206.20    0.00    0.47   12.80   10.41   13.98   10.70
 1038     308        3   212.10    0.00    0.48    9.79   10.38   13.90   10.92
 1039     309        3   218.00    0.00    0.49    5.61   10.28   13.80   10.91
 1040     310        3   223.90    0.00    0.51    7.16   10.20   13.72   10.85
 1041     311        3   229.80    0.00    0.52    7.95   10.12   13.64   10.85
 1042     312        3   235.70    0.00    0.53    7.95   10.08   13.53   10.84
 1043     313        3   241.60    0.00    0.55    6.25    9.97   13.40   10.79
 1044     314        3   247.50    0.00    0.56    5.05    9.88   13.27   10.67
 1045     315        3   253.40    0.00    0.57    3.98    9.70   13.13   10.49
 1046     316        3   259.30    0.00    0.59    6.07    9.56   13.01   10.34
 1047     317        3   265.20    0.00    0.60    5.30    9.43   12.90   10.23
 1048     318        3   271.10    0.00    0.61    6.58    9.34   12.84   10.14
 1049     319        3   277.00    0.00    0.63    7.00    9.26   12.77   10.10
 1050     320        3   282.90    0.00    0.64    7.63    9.17   12.71   10.09
 1051     321        3   288.80    0.00    0.65    9.99    9.12   12.67   10.14
 1052     322        3   294.70    0.00    0.67    8.66    9.10   12.64   10.20
 1053     323        3   300.60    0.00    0.68   11.50    9.10   12.62   10.29
 1054     324        3   306.50    0.00    0.70    5.96    9.00   12.55   10.30
 1055     325        3   312.40    0.00    0.71   -0.44    8.80   12.44   10.09
 1056     326        3   318.30    0.00    0.72    1.90    8.61   12.37    9.81
 1057     327        3   324.20    0.00    0.74    5.53    8.49   12.30    9.68
 1058     328        3   330.10    0.00    0.75    2.80    8.34   12.23    9.57
 1059     329        3   336.00    0.00    0.76    2.16    8.24   12.14    9.40
 1060     330        3   341.90    0.00    0.78    7.45    8.18   12.10    9.32
 1061     331        3   347.80    0.00    0.79    5.18    8.14   12.04    9.30
 1062     332        3   353.70    0.00    0.80   -1.01    8.00   11.91    9.13
 1063     333        3   359.60    0.00    0.82    0.30    7.81   11.79    8.90
 1064     334        3   365.50    0.00    0.83   -1.28    7.59   11.66    8.66
 1065     335        3   371.40    0.00    0.84   -0.82    7.39   11.50    8.42
 1066     336        3   377.30    0.00    0.86    1.63    7.20   11.37    8.24
 1067     337        3   383.20    0.00    0.87    1.42    7.05   11.23    8.11
 1068     338        3   389.10    0.00    0.88    2.42    6.87   11.11    8.00
 1069     339        3   395.00    0.00    0.90    3.24    6.73   11.03    7.91
 1070     340        3   400.90    0.00    0.91    5.76    6.64   10.97    7.89
 1071     341        3   406.80    0.00    0.92    7.10    6.55   10.92    7.93
 1072     342        3   412.70    0.00    0.94    4.73    6.43   10.85    7.94
 1073     343        3   418.60    0.00    0.95    2.77    6.30   10.76    7.88
 1074     344        3   424.50    0.00    0.96    1.98    6.13   10.65    7.79
 1075     345        3   430.40    0.00    0.98    1.87    5.97   10.52    7.69
 1076     346        3   436.30    0.00    0.99    1.66    5.80   10.42    7.59
 1077     347        3   442.20    0.00    1.00    4.28    5.65   10.34    7.52
 1078     348        3   448.10    0.00    1.02    2.65    5.50   10.24    7.47
 1079     349        3   454.00    0.00    1.03    0.75    5.32   10.12    7.37
 1080     350        3   459.90    0.00    1.04    5.41    5.22   10.02    7.32
 1081     351        3   465.80    0.00    1.06    4.84    5.14    9.92    7.32
 1082     352        3   471.70    0.00    1.07    3.28    5.06    9.82    7.29
 1083     353        3   477.60    0.00    1.08    4.60    5.02    9.73    7.26
 1084     354        3   483.50    0.00    1.10    6.02    5.00    9.66    7.26
 1085     355        3   489.40    0.00    1.11    5.60    4.99    9.56    7.27
 1086     356        3   495.30    0.00    1.12    6.16    4.99    9.44    7.28
 1087     357        3   501.20    0.00    1.14    4.42    4.96    9.31    7.28
 1088     358        3   507.10    0.00    1.15    2.92    4.92    9.20    7.23
 1089     359        3   513.00    0.00    1.16   -1.91    4.80    9.07    7.11
 1090     360        3   518.90    0.00    1.18   -0.83    4.75    8.95    6.95
 1091     361        3   524.80    0.00    1.19   -3.49    4.67    8.78    6.77
 1092     362        3   530.70    0.00    1.20    3.25    4.71    8.67    6.65
 1093     363        3   536.60    0.00    1.22    3.42    4.64    8.55    6.61
 1094     364        3   542.50    0.00    1.23    3.88    4.54    8.41    6.57
 1095     365        3   548.40    0.00    1.24    1.42    4.50    8.28    6.51
