 Day of  Day of    Year   Slurry  Frozen  Slurry   Air    Wall   Floor    Slurry
 sim.     year             mass    mass   depth     T      T       T        T
    1       1        1  3206.31    0.00    3.12    0.10    7.81   11.90    0.12
    2       2        1  3236.85    0.00    3.15    0.40    7.71   11.82    0.15
    3       3        1  3348.81    0.00    3.22    1.20    7.62   11.76    0.18
    4       4        1  3358.99    0.00    3.26   -0.10    7.51   11.68    0.22
    5       5        1  3379.35    0.00    3.29    0.90    7.38   11.61    0.25
    6       6        1  3389.53    0.00    3.31   -0.10    7.26   11.53    0.28
    7       7        1  3450.60    0.00    3.35    0.00    7.12   11.45    0.30
    8       8        1  3491.32    0.00    3.39   -0.20    6.98   11.38    0.32
    9       9        1  3552.39    0.00    3.44    0.20    6.87   11.32    0.35
   10      10        1  3491.31    0.00    3.43    0.80    6.76   11.25    0.37
   11      11        1  3511.67    0.00    3.44    4.10    6.65   11.21    0.42
   12      12        1  3542.21    0.00    3.46    0.70    6.52   11.14    0.46
   13      13        1  3542.21    0.00    3.47    0.20    6.40   11.04    0.48
   14      14        1  3593.11    0.00    3.50   -1.80    6.25   10.95    0.50
   15      15        1  3623.64    0.00    3.53   -3.40    6.09   10.84    0.50
   16      16        1  3633.82    0.00    3.55   -5.70    5.90   10.74    0.48
   17      17        1  3694.89    0.00    3.59   -1.20    5.75   10.68    0.47
   18      18        1  3694.89    0.00    3.61    0.00    5.62   10.60    0.48
   19      19        1  3735.61    0.00    3.64    1.60    5.53   10.54    0.51
   20      20        1  3786.50    0.00    3.68    5.30    5.47   10.50    0.55
   21      21        1  3827.22    0.00    3.72    5.20    5.41   10.45    0.61
   22      22        1  3847.57    0.00    3.75    4.20    5.36   10.40    0.67
   23      23        1  3857.75    0.00    3.77    1.90    5.29   10.34    0.71
   24      24        1  3918.82    0.00    3.81    1.20    5.22   10.27    0.73
   25      25        1  3939.18    0.00    3.84    0.30    5.16   10.20    0.75
   26      26        1  4010.43    0.00    3.89   -1.10    5.07   10.12    0.76
   27      27        1  4000.25    0.00    3.91    0.30    4.99   10.04    0.77
   28      28        1  4020.61    0.00    3.93   -2.60    4.90    9.94    0.78
   29      29        1  4061.33    0.00    3.96   -3.60    4.80    9.85    0.77
   30      30        1  4091.86    0.00    3.99   -2.10    4.72    9.75    0.76
   31      31        1  4122.40    0.00    4.02   -0.80    4.64    9.66    0.76
   32      32        1  4132.57    0.00    4.04   -2.50    4.55    9.57    0.76
   33      33        1  4152.93    0.00    4.06   -4.80    4.44    9.47    0.74
   34      34        1  4173.29    0.00    4.08   -2.20    4.34    9.37    0.73
   35      35        1  4234.36    0.00    4.12   -4.20    4.18    9.27    0.72
   36      36        1  4214.01    0.00    4.13   -5.00    4.02    9.17    0.69
   37      37        1  4244.54    0.00    4.15   -4.90    3.87    9.06    0.67
   38      38        1  4244.55    0.00    4.16   -4.40    3.73    8.95    0.64
   39      39        1  4254.73    0.00    4.17   -3.30    3.59    8.83    0.63
   40      40        1  4275.08    0.00    4.18   -4.40    3.46    8.70    0.61
   41      41        1  4224.19    0.00    4.15   -5.30    3.33    8.58    0.59
   42      42        1  4173.29    0.00    4.10   -7.40    3.17    8.44    0.55
   43      43        1  4376.87    0.00    4.20   -7.60    3.02    8.32    0.51
   44      44        1  4336.15    0.00    4.23   -6.00    2.87    8.22    0.47
   45      45        1  4366.69    0.00    4.26   -5.20    2.73    8.11    0.44
   46      46        1  4397.23    0.00    4.29   -1.30    2.61    8.03    0.43
   47      47        1  4427.77    0.00    4.32   -1.20    2.47    7.95    0.43
   48      48        1  4366.69    0.00    4.26    0.60    2.39    7.88    0.44
   49      49        1  4417.58    0.00    4.30    2.80    2.35    7.81    0.46
   50      50        1  4437.94    0.00    4.33    4.20    2.29    7.74    0.50
   51      51        1  4468.48    0.00    4.36    6.30    2.25    7.67    0.54
   52      52        1  4519.37    0.00    4.40    7.40    2.24    7.61    0.60
   53      53        1  4580.44    0.00    4.45    6.00    2.23    7.55    0.66
   54      54        1  4549.91    0.00    4.46    6.40    2.22    7.50    0.71
   55      55        1  4621.15    0.00    4.50    9.80    2.24    7.47    0.77
   56      56        1  4661.86    0.00    4.54    8.40    2.27    7.43    0.84
   57      57        1  4702.58    0.00    4.58    5.60    2.25    7.38    0.89
   58      58        1  4743.29    0.00    4.62    5.10    2.23    7.34    0.93
   59      59        1  4784.00    0.00    4.66    5.50    2.21    7.29    0.97
   60      60        1  4570.26    0.00    4.49    4.30    2.14    7.25    1.01
   61      61        1  4539.73    0.00    4.46    3.80    2.09    7.20    1.04
   62      62        1  4509.19    0.00    4.43    1.40    2.01    7.13    1.07
   63      63        1  4478.65    0.00    4.40    0.90    1.91    7.05    1.08
   64      64        1  4437.94    0.00    4.36    0.10    1.85    6.98    1.08
   65      65        1  4325.97    0.00    4.25    2.70    1.84    6.92    1.10
   66      66        1  4163.11    0.00    4.09    3.00    1.79    6.86    1.12
   67      67        1  3969.72    0.00    3.90   -0.50    1.72    6.79    1.14
   68      68        1  3806.86    0.00    3.74   -0.10    1.65    6.71    1.14
   69      69        1  3633.82    0.00    3.57    0.50    1.57    6.63    1.14
   70      70        1  3470.96    0.00    3.41    4.50    1.54    6.57    1.17
   71      71        1  3318.28    0.00    3.26    4.30    1.52    6.52    1.21
   72      72        1  3226.67    0.00    3.17    2.90    1.52    6.46    1.24
   73      73        1  3185.95    0.00    3.13    4.00    1.56    6.42    1.28
   74      74        1  3165.59    0.00    3.11    3.70    1.58    6.36    1.31
   75      75        1  3084.16    0.00    3.03    2.70    1.60    6.31    1.35
   76      76        1  2951.84    0.00    2.90    2.70    1.59    6.25    1.37
   77      77        1  2778.80    0.00    2.73    1.50    1.57    6.19    1.40
   78      78        1  2605.76    0.00    2.56    0.60    1.56    6.13    1.41
   79      79        1  2412.37    0.00    2.37    3.50    1.57    6.08    1.43
   80      80        1  2218.97    0.00    2.18    4.60    1.57    6.03    1.48
   81      81        1  2045.93    0.00    2.01    4.10    1.57    5.98    1.54
   82      82        1  1944.14    0.00    1.91    5.60    1.56    5.93    1.60
   83      83        1  1893.25    0.00    1.86    6.90    1.58    5.89    1.69
   84      84        1  1913.61    0.00    1.87    6.30    1.60    5.85    1.79
   85      85        1  1923.78    0.00    1.88    6.90    1.64    5.82    1.88
   86      86        1  1984.86    0.00    1.91    5.40    1.67    5.76    1.95
   87      87        1  2025.57    0.00    1.95    6.00    1.70    5.72    2.02
   88      88        1  2066.29    0.00    1.99    8.90    1.74    5.69    2.12
   89      89        1  2086.65    0.00    2.02   10.60    1.79    5.66    2.24
   90      90        1  2137.54    0.00    2.06    9.90    1.82    5.64    2.36
   91      91        1  2137.54    0.00    2.08    6.50    1.82    5.60    2.45
   92      92        1  2198.61    0.00    2.12    5.60    1.81    5.56    2.52
   93      93        1  2239.33    0.00    2.16    4.60    1.78    5.52    2.56
   94      94        1  2259.69    0.00    2.19    5.30    1.78    5.48    2.61
   95      95        1  2290.22    0.00    2.22    2.40    1.72    5.42    2.63
   96      96        1  2341.12    0.00    2.26    3.10    1.70    5.35    2.64
   97      97        1  2381.83    0.00    2.30    3.70    1.67    5.28    2.67
   98      98        1  2402.19    0.00    2.33    3.30    1.67    5.22    2.69
   99      99        1  2432.73    0.00    2.36    4.70    1.70    5.15    2.71
  100     100        1  2392.01    0.00    2.35    2.80    1.74    5.09    2.73
  101     101        1  2320.76    0.00    2.28    1.10    1.72    5.03    2.73
  102     102        1  2178.25    0.00    2.14    2.90    1.71    4.97    2.73
  103     103        1  1964.50    0.00    1.93    4.20    1.73    4.92    2.76
  104     104        1  1730.39    0.00    1.70    4.10    1.74    4.88    2.79
  105     105        1  1486.10    0.00    1.46    4.40    1.76    4.84    2.83
  106     106        1  1251.99    0.00    1.23    5.40    1.81    4.81    2.89
  107     107        1  1028.05    0.00    1.01    8.30    1.88    4.80    3.01
  108     108        1   875.37    0.00    0.86    9.90    1.97    4.79    3.22
  109     109        1   804.12    0.00    0.79   10.30    2.07    4.79    3.47
  110     110        1   773.59    0.00    0.76   10.30    2.16    4.77    3.74
  111     111        1   773.59    0.00    0.76    6.60    2.22    4.74    3.92
  112     112        1   773.59    0.00    0.76    6.50    2.28    4.70    4.04
  113     113        1   773.59    0.00    0.76    6.00    2.34    4.66    4.13
  114     114        1   773.59    0.00    0.76    5.10    2.39    4.63    4.20
  115     115        1   763.41    0.00    0.75    4.20    2.42    4.59    4.23
  116     116        1   763.41    0.00    0.75    4.20    2.42    4.54    4.24
  117     117        1   763.41    0.00    0.75    5.20    2.46    4.49    4.27
  118     118        1   763.41    0.00    0.75    6.60    2.52    4.46    4.35
  119     119        1   763.41    0.00    0.75    7.40    2.61    4.43    4.45
  120     120        1   763.41    0.00    0.75    6.20    2.70    4.40    4.54
  121     121        1   763.41    0.00    0.75    6.90    2.82    4.36    4.62
  122     122        1   763.41    0.00    0.75    8.30    2.91    4.33    4.73
  123     123        1   783.76    0.00    0.76    6.70    2.98    4.30    4.84
  124     124        1   793.94    0.00    0.77    6.50    3.02    4.28    4.90
  125     125        1   804.12    0.00    0.78    6.00    3.03    4.25    4.94
  126     126        1   814.30    0.00    0.79    4.70    3.03    4.22    4.95
  127     127        1   793.94    0.00    0.77    5.20    3.04    4.20    4.95
  128     128        1   804.12    0.00    0.78    7.60    3.09    4.19    5.01
  129     129        1   804.12    0.00    0.78   13.30    3.21    4.22    5.20
  130     130        1   814.30    0.00    0.79   14.90    3.34    4.25    5.51
  131     131        1   824.48    0.00    0.80   11.50    3.46    4.27    5.76
  132     132        1   814.30    0.00    0.79   10.40    3.56    4.28    5.93
  133     133        1   824.48    0.00    0.80   11.20    3.69    4.30    6.08
  134     134        1   824.48    0.00    0.80   11.20    3.83    4.32    6.24
  135     135        1   834.66    0.00    0.81    8.40    3.93    4.33    6.34
  136     136        1   834.66    0.00    0.81    9.50    4.03    4.34    6.42
  137     137        1   844.84    0.00    0.82    9.80    4.15    4.35    6.51
  138     138        1   855.02    0.00    0.83    9.80    4.29    4.36    6.60
  139     139        1   865.20    0.00    0.84    8.70    4.39    4.37    6.68
  140     140        1   844.84    0.00    0.82    8.80    4.52    4.35    6.73
  141     141        1   855.02    0.00    0.83    9.80    4.66    4.34    6.80
  142     142        1   875.37    0.00    0.84    9.90    4.80    4.33    6.89
  143     143        1   916.09    0.00    0.87    8.60    4.92    4.33    6.94
  144     144        1   966.98    0.00    0.91   10.10    5.05    4.32    7.00
  145     145        1   987.34    0.00    0.94   10.30    5.19    4.32    7.07
  146     146        1  1017.88    0.00    0.97    8.70    5.32    4.33    7.12
  147     147        1  1048.41    0.00    1.00   10.20    5.49    4.33    7.17
  148     148        1  1099.30    0.00    1.04    9.90    5.66    4.34    7.23
  149     149        1  1119.66    0.00    1.07   13.30    5.84    4.36    7.33
  150     150        1  1129.84    0.00    1.09   14.50    6.03    4.38    7.49
  151     151        1  1170.56    0.00    1.12   12.60    6.16    4.39    7.63
  152     152        1  1180.74    0.00    1.14   13.10    6.30    4.38    7.74
  153     153        1  1201.09    0.00    1.16   13.70    6.42    4.41    7.86
  154     154        1  1221.45    0.00    1.18   15.70    6.54    4.45    8.01
  155     155        1  1241.81    0.00    1.20   16.90    6.66    4.48    8.18
  156     156        1  1241.81    0.00    1.21   17.70    6.77    4.51    8.37
  157     157        1  1221.45    0.00    1.20   16.90    6.86    4.55    8.56
  158     158        1  1221.45    0.00    1.20   15.20    6.95    4.59    8.71
  159     159        1  1221.45    0.00    1.20   15.10    7.03    4.63    8.84
  160     160        1  1211.27    0.00    1.19   16.20    7.10    4.67    8.98
  161     161        1  1211.27    0.00    1.19   17.30    7.18    4.72    9.15
  162     162        1  1211.27    0.00    1.19   17.00    7.29    4.77    9.31
  163     163        1  1211.27    0.00    1.19   13.40    7.37    4.80    9.42
  164     164        1  1211.27    0.00    1.19   14.30    7.45    4.83    9.50
  165     165        1  1201.09    0.00    1.18   15.20    7.56    4.85    9.60
  166     166        1  1201.09    0.00    1.18   12.90    7.64    4.87    9.68
  167     167        1  1201.09    0.00    1.18   15.00    7.77    4.89    9.76
  168     168        1  1201.09    0.00    1.18   20.80    7.96    4.93    9.93
  169     169        1  1201.09    0.00    1.18   18.00    8.13    4.99   10.13
  170     170        1  1201.09    0.00    1.18   18.50    8.28    5.06   10.29
  171     171        1  1201.09    0.00    1.18   15.00    8.40    5.09   10.41
  172     172        1  1201.09    0.00    1.18   12.90    8.52    5.12   10.46
  173     173        1  1201.09    0.00    1.18   15.10    8.67    5.16   10.52
  174     174        1  1201.09    0.00    1.18   15.30    8.81    5.19   10.60
  175     175        1  1201.09    0.00    1.18   14.30    8.90    5.22   10.67
  176     176        1  1190.91    0.00    1.17   14.90    9.00    5.26   10.73
  177     177        1  1190.91    0.00    1.17   14.90    9.12    5.32   10.80
  178     178        1  1190.91    0.00    1.17   15.00    9.22    5.39   10.87
  179     179        1  1190.91    0.00    1.17   15.10    9.33    5.46   10.94
  180     180        1  1190.91    0.00    1.17   14.30    9.44    5.52   11.00
  181     181        1  1190.91    0.00    1.17   16.40    9.57    5.58   11.08
  182     182        1  1190.91    0.00    1.17   17.30    9.72    5.65   11.19
  183     183        1  1170.56    0.00    1.15   17.10    9.88    5.72   11.30
  184     184        1  1160.38    0.00    1.14   16.30   10.00    5.78   11.40
  185     185        1  1140.02    0.00    1.12   18.60   10.14    5.85   11.51
  186     186        1  1119.66    0.00    1.10   17.80   10.27    5.92   11.65
  187     187        1  1109.48    0.00    1.09   16.50   10.37    5.97   11.75
  188     188        1  1089.13    0.00    1.07   17.50   10.47    6.03   11.85
  189     189        1  1078.95    0.00    1.06   17.70   10.58    6.09   11.97
  190     190        1  1099.31    0.00    1.07   17.30   10.68    6.16   12.08
  191     191        1  1109.48    0.00    1.08   16.50   10.78    6.23   12.17
  192     192        1  1119.66    0.00    1.09   17.30   10.89    6.29   12.25
  193     193        1  1109.48    0.00    1.08   19.40   10.99    6.37   12.38
  194     194        1  1119.66    0.00    1.09   21.10   11.09    6.44   12.54
  195     195        1  1129.84    0.00    1.10   23.10   11.22    6.52   12.75
  196     196        1  1140.02    0.00    1.11   20.40   11.35    6.58   12.94
  197     197        1  1089.13    0.00    1.07   20.60   11.49    6.65   13.10
  198     198        1  1089.13    0.00    1.07   18.70   11.63    6.70   13.23
  199     199        1  1089.13    0.00    1.07   15.80   11.73    6.75   13.30
  200     200        1  1078.95    0.00    1.06   16.10   11.86    6.79   13.33
  201     201        1  1078.95    0.00    1.06   15.80   11.98    6.84   13.36
  202     202        1  1078.95    0.00    1.06   16.00   12.10    6.88   13.38
  203     203        1  1078.95    0.00    1.06   16.50   12.22    6.94   13.42
  204     204        1  1068.77    0.00    1.05   17.40   12.34    7.02   13.48
  205     205        1  1068.77    0.00    1.05   18.80   12.49    7.12   13.56
  206     206        1  1068.77    0.00    1.05   19.40   12.67    7.19   13.67
  207     207        1  1068.77    0.00    1.05   20.60   12.84    7.27   13.79
  208     208        1  1068.77    0.00    1.05   19.10   12.98    7.35   13.91
  209     209        1  1068.77    0.00    1.05   17.10   13.10    7.42   13.98
  210     210        1  1089.13    0.00    1.06   14.70   13.20    7.48   13.99
  211     211        1  1099.30    0.00    1.07   16.80   13.31    7.56   14.00
  212     212        1  1109.48    0.00    1.08   16.00   13.38    7.63   14.02
  213     213        1  1119.66    0.00    1.09   14.50   13.43    7.70   14.02
  214     214        1  1129.84    0.00    1.10   15.10   13.47    7.77   14.00
  215     215        1  1140.01    0.00    1.11   14.30   13.51    7.83   13.99
  216     216        1  1150.19    0.00    1.12   14.00   13.58    7.90   13.96
  217     217        1  1058.59    0.00    1.04   14.90   13.66    7.97   13.94
  218     218        1  1017.88    0.00    1.00   17.70   13.77    8.06   13.97
  219     219        1   977.16    0.00    0.96   15.00   13.87    8.13   13.99
  220     220        1   936.45    0.00    0.92   15.10   13.97    8.20   13.98
  221     221        1   895.73    0.00    0.88   15.80   14.08    8.25   13.99
  222     222        1   855.02    0.00    0.84   14.80   14.17    8.32   13.99
  223     223        1   814.30    0.00    0.80   15.80   14.26    8.39   13.99
  224     224        1   793.94    0.00    0.78   17.70   14.36    8.49   14.05
  225     225        1   783.76    0.00    0.77   17.10   14.46    8.58   14.12
  226     226        1   783.76    0.00    0.77   15.40   14.54    8.68   14.15
  227     227        1   783.76    0.00    0.77   15.10   14.61    8.76   14.15
  228     228        1   804.12    0.00    0.78   12.70   14.66    8.82   14.09
  229     229        1   814.30    0.00    0.79   15.80   14.75    8.89   14.06
  230     230        1   824.48    0.00    0.80   14.30   14.83    8.93   14.06
  231     231        1   834.66    0.00    0.81   14.40   14.92    8.98   14.03
  232     232        1   814.30    0.00    0.79   13.80   15.01    9.02   13.99
  233     233        1   824.48    0.00    0.80   13.40   15.06    9.08   13.94
  234     234        1   834.66    0.00    0.81   14.20   15.07    9.14   13.91
  235     235        1   793.94    0.00    0.78   15.00   15.07    9.21   13.90
  236     236        1   793.94    0.00    0.78   14.90   15.10    9.28   13.91
  237     237        1   793.94    0.00    0.78   16.40   15.16    9.36   13.94
  238     238        1   783.76    0.00    0.77   14.00   15.19    9.44   13.94
  239     239        1   783.76    0.00    0.77   14.90   15.22    9.53   13.92
  240     240        1   783.76    0.00    0.77   15.00   15.29    9.61   13.92
  241     241        1   783.76    0.00    0.77   16.30   15.35    9.69   13.95
  242     242        1   773.59    0.00    0.76   15.70   15.41    9.78   14.00
  243     243        1   773.59    0.00    0.76   15.40   15.46    9.87   14.03
  244     244        1   793.94    0.00    0.77   15.50   15.52    9.96   14.05
  245     245        1   773.59    0.00    0.76   15.40   15.59   10.05   14.07
  246     246        1   773.59    0.00    0.76   14.70   15.63   10.15   14.08
  247     247        1   793.94    0.00    0.77   13.90   15.67   10.23   14.06
  248     248        1   773.59    0.00    0.76   12.90   15.71   10.32   14.01
  249     249        1   773.59    0.00    0.76   12.40   15.74   10.39   13.94
  250     250        1   763.41    0.00    0.75   15.20   15.78   10.49   13.91
  251     251        1   763.41    0.00    0.75   18.30   15.87   10.60   13.99
  252     252        1   763.41    0.00    0.75   18.10   15.95   10.72   14.13
  253     253        1   783.76    0.00    0.76   17.30   16.02   10.84   14.23
  254     254        1   793.94    0.00    0.77   17.80   16.06   10.95   14.32
  255     255        1   804.12    0.00    0.78   15.80   16.07   11.05   14.38
  256     256        1   793.94    0.00    0.77   15.00   16.10   11.13   14.39
  257     257        1   804.12    0.00    0.78   14.90   16.11   11.21   14.39
  258     258        1   814.30    0.00    0.79   13.70   16.11   11.27   14.36
  259     259        1   814.30    0.00    0.79   13.60   16.09   11.32   14.31
  260     260        1   824.48    0.00    0.80   11.50   16.04   11.35   14.23
  261     261        1   834.66    0.00    0.81   13.00   16.00   11.39   14.14
  262     262        1   824.48    0.00    0.80   10.80   15.94   11.40   14.04
  263     263        1   834.66    0.00    0.81   10.60   15.90   11.42   13.91
  264     264        1   844.84    0.00    0.82   11.50   15.86   11.45   13.80
  265     265        1   855.02    0.00    0.83   14.40   15.84   11.47   13.76
  266     266        1   865.20    0.00    0.84   12.60   15.80   11.49   13.74
  267     267        1   875.38    0.00    0.85   14.70   15.78   11.53   13.73
  268     268        1   834.66    0.00    0.81   14.00   15.78   11.58   13.74
  269     269        1   844.84    0.00    0.82   11.60   15.76   11.60   13.69
  270     270        1   875.37    0.00    0.84   12.40   15.73   11.64   13.62
  271     271        1   895.73    0.00    0.86   15.60   15.76   11.70   13.62
  272     272        1   936.45    0.00    0.89   14.50   15.75   11.76   13.66
  273     273        1   824.48    0.00    0.81   13.20   15.68   11.82   13.65
  274     274        1   824.48    0.00    0.81   13.50   15.64   11.88   13.63
  275     275        1   824.48    0.00    0.81   13.50   15.59   11.94   13.61
  276     276        1   824.48    0.00    0.81   14.20   15.58   11.99   13.61
  277     277        1   824.48    0.00    0.81   14.60   15.60   12.06   13.62
  278     278        1   885.55    0.00    0.84   13.40   15.58   12.13   13.63
  279     279        1   936.45    0.00    0.88   12.00   15.55   12.18   13.59
  280     280        1   977.16    0.00    0.92   11.10   15.52   12.21   13.52
  281     281        1   997.52    0.00    0.95   11.10   15.48   12.24   13.45
  282     282        1  1048.41    0.00    0.99   10.00   15.44   12.28   13.36
  283     283        1  1048.41    0.00    1.01    9.10   15.38   12.30   13.25
  284     284        1  1089.13    0.00    1.04    8.10   15.31   12.32   13.13
  285     285        1  1119.66    0.00    1.07    7.60   15.25   12.35   12.99
  286     286        1  1170.56    0.00    1.11    7.80   15.17   12.37   12.86
  287     287        1  1211.27    0.00    1.15    8.60   15.09   12.40   12.75
  288     288        1  1231.63    0.00    1.18    7.20   14.99   12.44   12.64
  289     289        1  1262.17    0.00    1.21    6.70   14.90   12.45   12.52
  290     290        1  1313.06    0.00    1.25    6.00   14.78   12.46   12.39
  291     291        1  1374.13    0.00    1.30    7.70   14.68   12.47   12.28
  292     292        1  1384.31    0.00    1.33    6.70   14.59   12.48   12.18
  293     293        1  1414.85    0.00    1.36    7.10   14.49   12.48   12.08
  294     294        1  1425.03    0.00    1.38    8.40   14.40   12.49   12.00
  295     295        1  1465.74    0.00    1.41   12.30   14.36   12.52   11.97
  296     296        1  1475.92    0.00    1.43   12.40   14.32   12.55   11.98
  297     297        1  1536.99    0.00    1.47   10.30   14.25   12.57   11.98
  298     298        1  1557.35    0.00    1.50   10.40   14.16   12.58   11.95
  299     299        1  1608.24    0.00    1.54   11.60   14.07   12.58   11.94
  300     300        1  1628.60    0.00    1.57    9.30   13.94   12.58   11.92
  301     301        1  1679.49    0.00    1.61    8.40   13.83   12.59   11.87
  302     302        1  1720.21    0.00    1.65    9.00   13.72   12.60   11.83
  303     303        1  1699.85    0.00    1.66    8.20   13.62   12.62   11.78
  304     304        1  1750.75    0.00    1.69    9.60   13.56   12.64   11.74
  305     305        1  1781.28    0.00    1.72    9.70   13.50   12.68   11.71
  306     306        1  1832.18    0.00    1.76   11.10   13.45   12.72   11.70
  307     307        1  1872.89    0.00    1.80   13.70   13.43   12.76   11.71
  308     308        1  1913.61    0.00    1.84    8.70   13.36   12.79   11.71
  309     309        1  1893.25    0.00    1.85    7.80   13.26   12.80   11.67
  310     310        1  1944.14    0.00    1.88   10.10   13.18   12.84   11.63
  311     311        1  1954.32    0.00    1.90   10.90   13.10   12.88   11.62
  312     312        1  1995.04    0.00    1.93    8.60   12.99   12.91   11.60
  313     313        1  2188.43    0.00    2.04    6.40   12.87   12.92   11.55
  314     314        1  2239.32    0.00    2.12    7.70   12.78   12.94   11.50
  315     315        1  2117.18    0.00    2.08    7.50   12.71   12.95   11.45
  316     316        1  2005.22    0.00    1.97    5.80   12.60   12.96   11.39
  317     317        1  1923.79    0.00    1.89    7.20   12.52   12.95   11.33
  318     318        1  1872.89    0.00    1.84    7.70   12.45   12.94   11.28
  319     319        1  1842.36    0.00    1.81    7.20   12.38   12.93   11.23
  320     320        1  1771.10    0.00    1.74   11.30   12.35   12.93   11.20
  321     321        1  1699.85    0.00    1.67    9.10   12.30   12.94   11.20
  322     322        1  1679.50    0.00    1.65   10.40   12.26   12.96   11.18
  323     323        1  1720.21    0.00    1.67   11.40   12.20   12.99   11.19
  324     324        1  1760.93    0.00    1.70    6.30   12.12   12.99   11.16
  325     325        1  1791.46    0.00    1.73    3.80   12.01   12.99   11.07
  326     326        1  1801.64    0.00    1.75    8.10   11.94   13.01   11.00
  327     327        1  1842.36    0.00    1.78    7.10   11.86   13.02   10.95
  328     328        1  1872.89    0.00    1.81    6.40   11.77   13.02   10.90
  329     329        1  1923.78    0.00    1.85    9.00   11.69   13.02   10.86
  330     330        1  1944.14    0.00    1.88    7.50   11.60   13.03   10.83
  331     331        1  1954.32    0.00    1.90    7.40   11.52   13.03   10.79
  332     332        1  2015.39    0.00    1.94    2.40   11.40   13.01   10.71
  333     333        1  2056.11    0.00    1.98    0.10   11.28   12.97   10.59
  334     334        1  2076.47    0.00    2.01    1.20   11.14   12.95   10.46
  335     335        1  2086.64    0.00    2.03    1.00   11.02   12.92   10.34
  336     336        1  2107.00    0.00    2.05    3.50   10.91   12.92   10.24
  337     337        1  2147.72    0.00    2.08    3.50   10.82   12.91   10.15
  338     338        1  2178.26    0.00    2.11    1.80   10.70   12.88   10.06
  339     339        1  2188.43    0.00    2.13    2.70   10.60   12.83    9.97
  340     340        1  2208.79    0.00    2.15    4.20   10.49   12.78    9.90
  341     341        1  2249.51    0.00    2.18    3.90   10.39   12.75    9.83
  342     342        1  2300.40    0.00    2.22    6.60   10.29   12.73    9.78
  343     343        1  2300.40    0.00    2.24    4.70   10.21   12.70    9.74
  344     344        1  2300.40    0.00    2.25    4.20   10.10   12.66    9.68
  345     345        1  2310.58    0.00    2.26    3.00    9.99   12.64    9.62
  346     346        1  2361.48    0.00    2.29    2.20    9.86   12.60    9.54
  347     347        1  2514.16    0.00    2.38    3.50    9.74   12.57    9.47
  348     348        1  2605.77    0.00    2.47    3.70    9.63   12.54    9.41
  349     349        1  2677.01    0.00    2.55    5.50    9.53   12.53    9.36
  350     350        1  2636.30    0.00    2.57    7.60    9.46   12.52    9.34
  351     351        1  2677.02    0.00    2.60    6.40    9.38   12.51    9.33
  352     352        1  2687.19    0.00    2.62    6.70    9.31   12.49    9.30
  353     353        1  2687.19    0.00    2.63    7.20    9.26   12.48    9.29
  354     354        1  2738.09    0.00    2.66    5.60    9.19   12.46    9.26
  355     355        1  2768.63    0.00    2.69    8.00    9.12   12.45    9.25
  356     356        1  2819.52    0.00    2.73    6.00    9.01   12.44    9.23
  357     357        1  2860.23    0.00    2.77    6.20    8.89   12.42    9.21
  358     358        1  2860.23    0.00    2.79    3.90    8.76   12.39    9.17
  359     359        1  2900.95    0.00    2.82    0.80    8.60   12.33    9.11
  360     360        1  2951.84    0.00    2.86   -0.60    8.45   12.26    9.03
  361     361        1  2972.20    0.00    2.89    3.00    8.33   12.21    8.96
  362     362        1  3002.74    0.00    2.92    3.70    8.23   12.17    8.91
  363     363        1  3033.27    0.00    2.95    2.50    8.12   12.12    8.86
  364     364        1  3104.52    0.00    3.00    2.60    8.01   12.05    8.80
  365     365        1  3155.42    0.00    3.05    2.60    7.93   11.99    8.75
  366       1        2  3247.02    0.00    3.12    0.10    7.81   11.90    8.69
  367       2        2  3236.85    0.00    3.15    0.40    7.71   11.82    8.62
  368       3        2  3348.81    0.00    3.22    1.20    7.62   11.76    8.55
  369       4        2  3358.99    0.00    3.26   -0.10    7.51   11.68    8.49
  370       5        2  3379.35    0.00    3.29    0.90    7.38   11.61    8.42
  371       6        2  3389.53    0.00    3.31   -0.10    7.26   11.53    8.36
  372       7        2  3450.60    0.00    3.35    0.00    7.12   11.45    8.29
  373       8        2  3491.32    0.00    3.39   -0.20    6.98   11.38    8.22
  374       9        2  3552.39    0.00    3.44    0.20    6.87   11.32    8.16
  375      10        2  3491.31    0.00    3.43    0.80    6.76   11.25    8.10
  376      11        2  3511.67    0.00    3.44    4.10    6.65   11.21    8.05
  377      12        2  3542.21    0.00    3.46    0.70    6.52   11.14    8.01
  378      13        2  3542.21    0.00    3.47    0.20    6.40   11.04    7.95
  379      14        2  3593.11    0.00    3.50   -1.80    6.25   10.95    7.88
  380      15        2  3623.64    0.00    3.53   -3.40    6.09   10.84    7.80
  381      16        2  3633.82    0.00    3.55   -5.70    5.90   10.74    7.70
  382      17        2  3694.89    0.00    3.59   -1.20    5.75   10.68    7.62
  383      18        2  3694.89    0.00    3.61    0.00    5.62   10.60    7.55
  384      19        2  3735.61    0.00    3.64    1.60    5.53   10.54    7.50
  385      20        2  3786.50    0.00    3.68    5.30    5.47   10.50    7.48
  386      21        2  3827.22    0.00    3.72    5.20    5.41   10.45    7.46
  387      22        2  3847.57    0.00    3.75    4.20    5.36   10.40    7.45
  388      23        2  3857.75    0.00    3.77    1.90    5.29   10.34    7.42
  389      24        2  3918.82    0.00    3.81    1.20    5.22   10.27    7.38
  390      25        2  3939.18    0.00    3.84    0.30    5.16   10.20    7.33
  391      26        2  4010.43    0.00    3.89   -1.10    5.07   10.12    7.27
  392      27        2  4000.25    0.00    3.91    0.30    4.99   10.04    7.22
  393      28        2  4020.61    0.00    3.93   -2.60    4.90    9.94    7.16
  394      29        2  4061.33    0.00    3.96   -3.60    4.80    9.85    7.08
  395      30        2  4091.86    0.00    3.99   -2.10    4.72    9.75    7.01
  396      31        2  4122.40    0.00    4.02   -0.80    4.64    9.66    6.95
  397      32        2  4132.57    0.00    4.04   -2.50    4.55    9.57    6.89
  398      33        2  4152.93    0.00    4.06   -4.80    4.44    9.47    6.82
  399      34        2  4173.29    0.00    4.08   -2.20    4.34    9.37    6.75
  400      35        2  4234.36    0.00    4.12   -4.20    4.18    9.27    6.68
  401      36        2  4214.01    0.00    4.13   -5.00    4.02    9.17    6.60
  402      37        2  4244.54    0.00    4.15   -4.90    3.87    9.06    6.52
  403      38        2  4244.55    0.00    4.16   -4.40    3.73    8.95    6.44
  404      39        2  4254.73    0.00    4.17   -3.30    3.59    8.83    6.37
  405      40        2  4275.08    0.00    4.18   -4.40    3.46    8.70    6.29
  406      41        2  4224.19    0.00    4.15   -5.30    3.33    8.58    6.22
  407      42        2  4173.29    0.00    4.10   -7.40    3.17    8.44    6.13
  408      43        2  4376.87    0.00    4.20   -7.60    3.02    8.32    6.03
  409      44        2  4336.15    0.00    4.23   -6.00    2.87    8.22    5.94
  410      45        2  4366.69    0.00    4.26   -5.20    2.73    8.11    5.86
  411      46        2  4397.23    0.00    4.29   -1.30    2.61    8.03    5.80
  412      47        2  4427.77    0.00    4.32   -1.20    2.47    7.95    5.75
  413      48        2  4366.69    0.00    4.26    0.60    2.39    7.88    5.71
  414      49        2  4417.58    0.00    4.30    2.80    2.35    7.81    5.69
  415      50        2  4437.94    0.00    4.33    4.20    2.29    7.74    5.68
  416      51        2  4468.48    0.00    4.36    6.30    2.25    7.67    5.68
  417      52        2  4519.37    0.00    4.40    7.40    2.24    7.61    5.69
  418      53        2  4580.44    0.00    4.45    6.00    2.23    7.55    5.70
  419      54        2  4549.91    0.00    4.46    6.40    2.22    7.50    5.70
  420      55        2  4621.15    0.00    4.50    9.80    2.24    7.47    5.72
  421      56        2  4661.86    0.00    4.54    8.40    2.27    7.43    5.75
  422      57        2  4702.58    0.00    4.58    5.60    2.25    7.38    5.76
  423      58        2  4743.29    0.00    4.62    5.10    2.23    7.34    5.76
  424      59        2  4784.00    0.00    4.66    5.50    2.21    7.29    5.76
  425      60        2  4570.26    0.00    4.49    4.30    2.14    7.25    5.75
  426      61        2  4539.73    0.00    4.46    3.80    2.09    7.20    5.74
  427      62        2  4509.19    0.00    4.43    1.40    2.01    7.13    5.72
  428      63        2  4478.65    0.00    4.40    0.90    1.91    7.05    5.69
  429      64        2  4437.94    0.00    4.36    0.10    1.85    6.98    5.66
  430      65        2  4325.97    0.00    4.25    2.70    1.84    6.92    5.63
  431      66        2  4163.11    0.00    4.09    3.00    1.79    6.86    5.61
  432      67        2  3969.72    0.00    3.90   -0.50    1.72    6.79    5.58
  433      68        2  3806.86    0.00    3.74   -0.10    1.65    6.71    5.54
  434      69        2  3633.82    0.00    3.57    0.50    1.57    6.63    5.50
  435      70        2  3470.96    0.00    3.41    4.50    1.54    6.57    5.47
  436      71        2  3318.28    0.00    3.26    4.30    1.52    6.52    5.47
  437      72        2  3226.67    0.00    3.17    2.90    1.52    6.46    5.45
  438      73        2  3185.95    0.00    3.13    4.00    1.56    6.42    5.43
  439      74        2  3165.59    0.00    3.11    3.70    1.58    6.36    5.42
  440      75        2  3084.16    0.00    3.03    2.70    1.60    6.31    5.40
  441      76        2  2951.84    0.00    2.90    2.70    1.59    6.25    5.38
  442      77        2  2778.80    0.00    2.73    1.50    1.57    6.19    5.34
  443      78        2  2605.76    0.00    2.56    0.60    1.56    6.13    5.30
  444      79        2  2412.37    0.00    2.37    3.50    1.57    6.08    5.26
  445      80        2  2218.97    0.00    2.18    4.60    1.57    6.03    5.25
  446      81        2  2045.93    0.00    2.01    4.10    1.57    5.98    5.24
  447      82        2  1944.14    0.00    1.91    5.60    1.56    5.93    5.24
  448      83        2  1893.25    0.00    1.86    6.90    1.58    5.89    5.26
  449      84        2  1913.61    0.00    1.87    6.30    1.60    5.85    5.28
  450      85        2  1923.78    0.00    1.88    6.90    1.64    5.82    5.30
  451      86        2  1984.86    0.00    1.91    5.40    1.67    5.76    5.32
  452      87        2  2025.57    0.00    1.95    6.00    1.70    5.72    5.32
  453      88        2  2066.29    0.00    1.99    8.90    1.74    5.69    5.35
  454      89        2  2086.65    0.00    2.02   10.60    1.79    5.66    5.42
  455      90        2  2137.54    0.00    2.06    9.90    1.82    5.64    5.48
  456      91        2  2137.54    0.00    2.08    6.50    1.82    5.60    5.52
  457      92        2  2198.61    0.00    2.12    5.60    1.81    5.56    5.53
  458      93        2  2239.33    0.00    2.16    4.60    1.78    5.52    5.52
  459      94        2  2259.69    0.00    2.19    5.30    1.78    5.48    5.52
  460      95        2  2290.22    0.00    2.22    2.40    1.72    5.42    5.50
  461      96        2  2341.12    0.00    2.26    3.10    1.70    5.35    5.46
  462      97        2  2381.83    0.00    2.30    3.70    1.67    5.28    5.44
  463      98        2  2402.19    0.00    2.33    3.30    1.67    5.22    5.41
  464      99        2  2432.73    0.00    2.36    4.70    1.70    5.15    5.40
  465     100        2  2392.01    0.00    2.35    2.80    1.74    5.09    5.38
  466     101        2  2320.76    0.00    2.28    1.10    1.72    5.03    5.33
  467     102        2  2178.25    0.00    2.14    2.90    1.71    4.97    5.29
  468     103        2  1964.50    0.00    1.93    4.20    1.73    4.92    5.27
  469     104        2  1730.39    0.00    1.70    4.10    1.74    4.88    5.25
  470     105        2  1486.10    0.00    1.46    4.40    1.76    4.84    5.23
  471     106        2  1251.99    0.00    1.23    5.40    1.81    4.81    5.23
  472     107        2  1028.05    0.00    1.01    8.30    1.88    4.80    5.27
  473     108        2   875.37    0.00    0.86    9.90    1.97    4.79    5.39
  474     109        2   804.12    0.00    0.79   10.30    2.07    4.79    5.55
  475     110        2   773.59    0.00    0.76   10.30    2.16    4.77    5.72
  476     111        2   773.59    0.00    0.76    6.60    2.22    4.74    5.82
  477     112        2   773.59    0.00    0.76    6.50    2.28    4.70    5.84
  478     113        2   773.59    0.00    0.76    6.00    2.34    4.66    5.86
  479     114        2   773.59    0.00    0.76    5.10    2.39    4.63    5.84
  480     115        2   763.41    0.00    0.75    4.20    2.42    4.59    5.80
  481     116        2   763.41    0.00    0.75    4.20    2.42    4.54    5.74
  482     117        2   763.41    0.00    0.75    5.20    2.46    4.49    5.70
  483     118        2   763.41    0.00    0.75    6.60    2.52    4.46    5.71
  484     119        2   763.41    0.00    0.75    7.40    2.61    4.43    5.75
  485     120        2   763.41    0.00    0.75    6.20    2.70    4.40    5.78
  486     121        2   763.41    0.00    0.75    6.90    2.82    4.36    5.80
  487     122        2   763.41    0.00    0.75    8.30    2.91    4.33    5.86
  488     123        2   783.76    0.00    0.76    6.70    2.98    4.30    5.91
  489     124        2   793.94    0.00    0.77    6.50    3.02    4.28    5.92
  490     125        2   804.12    0.00    0.78    6.00    3.03    4.25    5.92
  491     126        2   814.30    0.00    0.79    4.70    3.03    4.22    5.89
  492     127        2   793.94    0.00    0.77    5.20    3.04    4.20    5.84
  493     128        2   804.12    0.00    0.78    7.60    3.09    4.19    5.86
  494     129        2   804.12    0.00    0.78   13.30    3.21    4.22    6.02
  495     130        2   814.30    0.00    0.79   14.90    3.34    4.25    6.29
  496     131        2   824.48    0.00    0.80   11.50    3.46    4.27    6.51
  497     132        2   814.30    0.00    0.79   10.40    3.56    4.28    6.64
  498     133        2   824.48    0.00    0.80   11.20    3.69    4.30    6.76
  499     134        2   824.48    0.00    0.80   11.20    3.83    4.32    6.89
  500     135        2   834.66    0.00    0.81    8.40    3.93    4.33    6.97
  501     136        2   834.66    0.00    0.81    9.50    4.03    4.34    7.01
  502     137        2   844.84    0.00    0.82    9.80    4.15    4.35    7.08
  503     138        2   855.02    0.00    0.83    9.80    4.29    4.36    7.15
  504     139        2   865.20    0.00    0.84    8.70    4.39    4.37    7.20
  505     140        2   844.84    0.00    0.82    8.80    4.52    4.35    7.23
  506     141        2   855.02    0.00    0.83    9.80    4.66    4.34    7.28
  507     142        2   875.37    0.00    0.84    9.90    4.80    4.33    7.34
  508     143        2   916.09    0.00    0.87    8.60    4.92    4.33    7.38
  509     144        2   966.98    0.00    0.91   10.10    5.05    4.32    7.42
  510     145        2   987.34    0.00    0.94   10.30    5.19    4.32    7.48
  511     146        2  1017.88    0.00    0.97    8.70    5.32    4.33    7.51
  512     147        2  1048.41    0.00    1.00   10.20    5.49    4.33    7.55
  513     148        2  1099.30    0.00    1.04    9.90    5.66    4.34    7.60
  514     149        2  1119.66    0.00    1.07   13.30    5.84    4.36    7.69
  515     150        2  1129.84    0.00    1.09   14.50    6.03    4.38    7.83
  516     151        2  1170.56    0.00    1.12   12.60    6.16    4.39    7.96
  517     152        2  1180.74    0.00    1.14   13.10    6.30    4.38    8.06
  518     153        2  1201.09    0.00    1.16   13.70    6.42    4.41    8.17
  519     154        2  1221.45    0.00    1.18   15.70    6.54    4.45    8.31
  520     155        2  1241.81    0.00    1.20   16.90    6.66    4.48    8.47
  521     156        2  1241.81    0.00    1.21   17.70    6.77    4.51    8.66
  522     157        2  1221.45    0.00    1.20   16.90    6.86    4.55    8.84
  523     158        2  1221.45    0.00    1.20   15.20    6.95    4.59    8.98
  524     159        2  1221.45    0.00    1.20   15.10    7.03    4.63    9.10
  525     160        2  1211.27    0.00    1.19   16.20    7.10    4.67    9.23
  526     161        2  1211.27    0.00    1.19   17.30    7.18    4.72    9.39
  527     162        2  1211.27    0.00    1.19   17.00    7.29    4.77    9.55
  528     163        2  1211.27    0.00    1.19   13.40    7.37    4.80    9.65
  529     164        2  1211.27    0.00    1.19   14.30    7.45    4.83    9.73
  530     165        2  1201.09    0.00    1.18   15.20    7.56    4.85    9.82
  531     166        2  1201.09    0.00    1.18   12.90    7.64    4.87    9.89
  532     167        2  1201.09    0.00    1.18   15.00    7.77    4.89    9.97
  533     168        2  1201.09    0.00    1.18   20.80    7.96    4.93   10.13
  534     169        2  1201.09    0.00    1.18   18.00    8.13    4.99   10.32
  535     170        2  1201.09    0.00    1.18   18.50    8.28    5.06   10.47
  536     171        2  1201.09    0.00    1.18   15.00    8.40    5.09   10.59
  537     172        2  1201.09    0.00    1.18   12.90    8.52    5.12   10.64
  538     173        2  1201.09    0.00    1.18   15.10    8.67    5.16   10.68
  539     174        2  1201.09    0.00    1.18   15.30    8.81    5.19   10.76
  540     175        2  1201.09    0.00    1.18   14.30    8.90    5.22   10.83
  541     176        2  1190.91    0.00    1.17   14.90    9.00    5.26   10.89
  542     177        2  1190.91    0.00    1.17   14.90    9.12    5.32   10.95
  543     178        2  1190.91    0.00    1.17   15.00    9.22    5.39   11.01
  544     179        2  1190.91    0.00    1.17   15.10    9.33    5.46   11.08
  545     180        2  1190.91    0.00    1.17   14.30    9.44    5.52   11.14
  546     181        2  1190.91    0.00    1.17   16.40    9.57    5.58   11.21
  547     182        2  1190.91    0.00    1.17   17.30    9.72    5.65   11.32
  548     183        2  1170.56    0.00    1.15   17.10    9.88    5.72   11.42
  549     184        2  1160.38    0.00    1.14   16.30   10.00    5.78   11.52
  550     185        2  1140.02    0.00    1.12   18.60   10.14    5.85   11.63
  551     186        2  1119.66    0.00    1.10   17.80   10.27    5.92   11.76
  552     187        2  1109.48    0.00    1.09   16.50   10.37    5.97   11.86
  553     188        2  1089.13    0.00    1.07   17.50   10.47    6.03   11.96
  554     189        2  1078.95    0.00    1.06   17.70   10.58    6.09   12.07
  555     190        2  1099.31    0.00    1.07   17.30   10.68    6.16   12.18
  556     191        2  1109.48    0.00    1.08   16.50   10.78    6.23   12.26
  557     192        2  1119.66    0.00    1.09   17.30   10.89    6.29   12.34
  558     193        2  1109.48    0.00    1.08   19.40   10.99    6.37   12.46
  559     194        2  1119.66    0.00    1.09   21.10   11.09    6.44   12.63
  560     195        2  1129.84    0.00    1.10   23.10   11.22    6.52   12.83
  561     196        2  1140.02    0.00    1.11   20.40   11.35    6.58   13.02
  562     197        2  1089.13    0.00    1.07   20.60   11.49    6.65   13.18
  563     198        2  1089.13    0.00    1.07   18.70   11.63    6.70   13.31
  564     199        2  1089.13    0.00    1.07   15.80   11.73    6.75   13.37
  565     200        2  1078.95    0.00    1.06   16.10   11.86    6.79   13.40
  566     201        2  1078.95    0.00    1.06   15.80   11.98    6.84   13.43
  567     202        2  1078.95    0.00    1.06   16.00   12.10    6.88   13.45
  568     203        2  1078.95    0.00    1.06   16.50   12.22    6.94   13.48
  569     204        2  1068.77    0.00    1.05   17.40   12.34    7.02   13.54
  570     205        2  1068.77    0.00    1.05   18.80   12.49    7.12   13.62
  571     206        2  1068.77    0.00    1.05   19.40   12.67    7.19   13.73
  572     207        2  1068.77    0.00    1.05   20.60   12.84    7.27   13.85
  573     208        2  1068.77    0.00    1.05   19.10   12.98    7.35   13.97
  574     209        2  1068.77    0.00    1.05   17.10   13.10    7.42   14.03
  575     210        2  1089.13    0.00    1.06   14.70   13.20    7.48   14.04
  576     211        2  1099.30    0.00    1.07   16.80   13.31    7.56   14.05
  577     212        2  1109.48    0.00    1.08   16.00   13.38    7.63   14.07
  578     213        2  1119.66    0.00    1.09   14.50   13.43    7.70   14.06
  579     214        2  1129.84    0.00    1.10   15.10   13.47    7.77   14.05
  580     215        2  1140.01    0.00    1.11   14.30   13.51    7.83   14.03
  581     216        2  1150.19    0.00    1.12   14.00   13.58    7.90   14.00
  582     217        2  1058.59    0.00    1.04   14.90   13.66    7.97   13.98
  583     218        2  1017.88    0.00    1.00   17.70   13.77    8.06   14.01
  584     219        2   977.16    0.00    0.96   15.00   13.87    8.13   14.03
  585     220        2   936.45    0.00    0.92   15.10   13.97    8.20   14.02
  586     221        2   895.73    0.00    0.88   15.80   14.08    8.25   14.02
  587     222        2   855.02    0.00    0.84   14.80   14.17    8.32   14.02
  588     223        2   814.30    0.00    0.80   15.80   14.26    8.39   14.02
  589     224        2   793.94    0.00    0.78   17.70   14.36    8.49   14.08
  590     225        2   783.76    0.00    0.77   17.10   14.46    8.58   14.15
  591     226        2   783.76    0.00    0.77   15.40   14.54    8.68   14.18
  592     227        2   783.76    0.00    0.77   15.10   14.61    8.76   14.17
  593     228        2   804.12    0.00    0.78   12.70   14.66    8.82   14.12
  594     229        2   814.30    0.00    0.79   15.80   14.75    8.89   14.09
  595     230        2   824.48    0.00    0.80   14.30   14.83    8.93   14.08
  596     231        2   834.66    0.00    0.81   14.40   14.92    8.98   14.05
  597     232        2   814.30    0.00    0.79   13.80   15.01    9.02   14.01
  598     233        2   824.48    0.00    0.80   13.40   15.06    9.08   13.96
  599     234        2   834.66    0.00    0.81   14.20   15.07    9.14   13.93
  600     235        2   793.94    0.00    0.78   15.00   15.07    9.21   13.92
  601     236        2   793.94    0.00    0.78   14.90   15.10    9.28   13.92
  602     237        2   793.94    0.00    0.78   16.40   15.16    9.36   13.95
  603     238        2   783.76    0.00    0.77   14.00   15.19    9.44   13.96
  604     239        2   783.76    0.00    0.77   14.90   15.22    9.53   13.94
  605     240        2   783.76    0.00    0.77   15.00   15.29    9.61   13.94
  606     241        2   783.76    0.00    0.77   16.30   15.35    9.69   13.97
  607     242        2   773.59    0.00    0.76   15.70   15.41    9.78   14.01
  608     243        2   773.59    0.00    0.76   15.40   15.46    9.87   14.04
  609     244        2   793.94    0.00    0.77   15.50   15.52    9.96   14.06
  610     245        2   773.59    0.00    0.76   15.40   15.59   10.05   14.08
  611     246        2   773.59    0.00    0.76   14.70   15.63   10.15   14.09
  612     247        2   793.94    0.00    0.77   13.90   15.67   10.23   14.07
  613     248        2   773.59    0.00    0.76   12.90   15.71   10.32   14.02
  614     249        2   773.59    0.00    0.76   12.40   15.74   10.39   13.95
  615     250        2   763.41    0.00    0.75   15.20   15.78   10.49   13.92
  616     251        2   763.41    0.00    0.75   18.30   15.87   10.60   14.00
  617     252        2   763.41    0.00    0.75   18.10   15.95   10.72   14.13
  618     253        2   783.76    0.00    0.76   17.30   16.02   10.84   14.24
  619     254        2   793.94    0.00    0.77   17.80   16.06   10.95   14.33
  620     255        2   804.12    0.00    0.78   15.80   16.07   11.05   14.39
  621     256        2   793.94    0.00    0.77   15.00   16.10   11.13   14.40
  622     257        2   804.12    0.00    0.78   14.90   16.11   11.21   14.39
  623     258        2   814.30    0.00    0.79   13.70   16.11   11.27   14.37
  624     259        2   814.30    0.00    0.79   13.60   16.09   11.32   14.32
  625     260        2   824.48    0.00    0.80   11.50   16.04   11.35   14.23
  626     261        2   834.66    0.00    0.81   13.00   16.00   11.39   14.14
  627     262        2   824.48    0.00    0.80   10.80   15.94   11.40   14.05
  628     263        2   834.66    0.00    0.81   10.60   15.90   11.42   13.92
  629     264        2   844.84    0.00    0.82   11.50   15.86   11.45   13.81
  630     265        2   855.02    0.00    0.83   14.40   15.84   11.47   13.77
  631     266        2   865.20    0.00    0.84   12.60   15.80   11.49   13.75
  632     267        2   875.38    0.00    0.85   14.70   15.78   11.53   13.73
  633     268        2   834.66    0.00    0.81   14.00   15.78   11.58   13.74
  634     269        2   844.84    0.00    0.82   11.60   15.76   11.60   13.69
  635     270        2   875.37    0.00    0.84   12.40   15.73   11.64   13.62
  636     271        2   895.73    0.00    0.86   15.60   15.76   11.70   13.63
  637     272        2   936.45    0.00    0.89   14.50   15.75   11.76   13.66
  638     273        2   824.48    0.00    0.81   13.20   15.68   11.82   13.65
  639     274        2   824.48    0.00    0.81   13.50   15.64   11.88   13.63
  640     275        2   824.48    0.00    0.81   13.50   15.59   11.94   13.61
  641     276        2   824.48    0.00    0.81   14.20   15.58   11.99   13.61
  642     277        2   824.48    0.00    0.81   14.60   15.60   12.06   13.63
  643     278        2   885.55    0.00    0.84   13.40   15.58   12.13   13.63
  644     279        2   936.45    0.00    0.88   12.00   15.55   12.18   13.59
  645     280        2   977.16    0.00    0.92   11.10   15.52   12.21   13.53
  646     281        2   997.52    0.00    0.95   11.10   15.48   12.24   13.45
  647     282        2  1048.41    0.00    0.99   10.00   15.44   12.28   13.36
  648     283        2  1048.41    0.00    1.01    9.10   15.38   12.30   13.26
  649     284        2  1089.13    0.00    1.04    8.10   15.31   12.32   13.13
  650     285        2  1119.66    0.00    1.07    7.60   15.25   12.35   13.00
  651     286        2  1170.56    0.00    1.11    7.80   15.17   12.37   12.87
  652     287        2  1211.27    0.00    1.15    8.60   15.09   12.40   12.76
  653     288        2  1231.63    0.00    1.18    7.20   14.99   12.44   12.65
  654     289        2  1262.17    0.00    1.21    6.70   14.90   12.45   12.52
  655     290        2  1313.06    0.00    1.25    6.00   14.78   12.46   12.39
  656     291        2  1374.13    0.00    1.30    7.70   14.68   12.47   12.28
  657     292        2  1384.31    0.00    1.33    6.70   14.59   12.48   12.18
  658     293        2  1414.85    0.00    1.36    7.10   14.49   12.48   12.08
  659     294        2  1425.03    0.00    1.38    8.40   14.40   12.49   12.00
  660     295        2  1465.74    0.00    1.41   12.30   14.36   12.52   11.97
  661     296        2  1475.92    0.00    1.43   12.40   14.32   12.55   11.99
  662     297        2  1536.99    0.00    1.47   10.30   14.25   12.57   11.98
  663     298        2  1557.35    0.00    1.50   10.40   14.16   12.58   11.96
  664     299        2  1608.24    0.00    1.54   11.60   14.07   12.58   11.94
  665     300        2  1628.60    0.00    1.57    9.30   13.94   12.58   11.92
  666     301        2  1679.49    0.00    1.61    8.40   13.83   12.59   11.88
  667     302        2  1720.21    0.00    1.65    9.00   13.72   12.60   11.83
  668     303        2  1699.85    0.00    1.66    8.20   13.62   12.62   11.78
  669     304        2  1750.75    0.00    1.69    9.60   13.56   12.64   11.74
  670     305        2  1781.28    0.00    1.72    9.70   13.50   12.68   11.71
  671     306        2  1832.18    0.00    1.76   11.10   13.45   12.72   11.70
  672     307        2  1872.89    0.00    1.80   13.70   13.43   12.76   11.72
  673     308        2  1913.61    0.00    1.84    8.70   13.36   12.79   11.71
  674     309        2  1893.25    0.00    1.85    7.80   13.26   12.80   11.67
  675     310        2  1944.14    0.00    1.88   10.10   13.18   12.84   11.63
  676     311        2  1954.32    0.00    1.90   10.90   13.10   12.88   11.62
  677     312        2  1995.04    0.00    1.93    8.60   12.99   12.91   11.60
  678     313        2  2188.43    0.00    2.04    6.40   12.87   12.92   11.55
  679     314        2  2239.32    0.00    2.12    7.70   12.78   12.94   11.50
  680     315        2  2117.18    0.00    2.08    7.50   12.71   12.95   11.45
  681     316        2  2005.22    0.00    1.97    5.80   12.60   12.96   11.39
  682     317        2  1923.79    0.00    1.89    7.20   12.52   12.95   11.33
  683     318        2  1872.89    0.00    1.84    7.70   12.45   12.94   11.28
  684     319        2  1842.36    0.00    1.81    7.20   12.38   12.93   11.23
  685     320        2  1771.10    0.00    1.74   11.30   12.35   12.93   11.21
  686     321        2  1699.85    0.00    1.67    9.10   12.30   12.94   11.20
  687     322        2  1679.50    0.00    1.65   10.40   12.26   12.96   11.18
  688     323        2  1720.21    0.00    1.67   11.40   12.20   12.99   11.19
  689     324        2  1760.93    0.00    1.70    6.30   12.12   12.99   11.16
  690     325        2  1791.46    0.00    1.73    3.80   12.01   12.99   11.07
  691     326        2  1801.64    0.00    1.75    8.10   11.94   13.01   11.00
  692     327        2  1842.36    0.00    1.78    7.10   11.86   13.02   10.95
  693     328        2  1872.89    0.00    1.81    6.40   11.77   13.02   10.90
  694     329        2  1923.78    0.00    1.85    9.00   11.69   13.02   10.86
  695     330        2  1944.14    0.00    1.88    7.50   11.60   13.03   10.83
  696     331        2  1954.32    0.00    1.90    7.40   11.52   13.03   10.79
  697     332        2  2015.39    0.00    1.94    2.40   11.40   13.01   10.71
  698     333        2  2056.11    0.00    1.98    0.10   11.28   12.97   10.59
  699     334        2  2076.47    0.00    2.01    1.20   11.14   12.95   10.46
  700     335        2  2086.64    0.00    2.03    1.00   11.02   12.92   10.34
  701     336        2  2107.00    0.00    2.05    3.50   10.91   12.92   10.24
  702     337        2  2147.72    0.00    2.08    3.50   10.82   12.91   10.16
  703     338        2  2178.26    0.00    2.11    1.80   10.70   12.88   10.06
  704     339        2  2188.43    0.00    2.13    2.70   10.60   12.83    9.97
  705     340        2  2208.79    0.00    2.15    4.20   10.49   12.78    9.90
  706     341        2  2249.51    0.00    2.18    3.90   10.39   12.75    9.83
  707     342        2  2300.40    0.00    2.22    6.60   10.29   12.73    9.78
  708     343        2  2300.40    0.00    2.24    4.70   10.21   12.70    9.74
  709     344        2  2300.40    0.00    2.25    4.20   10.10   12.66    9.68
  710     345        2  2310.58    0.00    2.26    3.00    9.99   12.64    9.62
  711     346        2  2361.48    0.00    2.29    2.20    9.86   12.60    9.54
  712     347        2  2514.16    0.00    2.38    3.50    9.74   12.57    9.47
  713     348        2  2605.77    0.00    2.47    3.70    9.63   12.54    9.41
  714     349        2  2677.01    0.00    2.55    5.50    9.53   12.53    9.36
  715     350        2  2636.30    0.00    2.57    7.60    9.46   12.52    9.34
  716     351        2  2677.02    0.00    2.60    6.40    9.38   12.51    9.33
  717     352        2  2687.19    0.00    2.62    6.70    9.31   12.49    9.30
  718     353        2  2687.19    0.00    2.63    7.20    9.26   12.48    9.29
  719     354        2  2738.09    0.00    2.66    5.60    9.19   12.46    9.27
  720     355        2  2768.63    0.00    2.69    8.00    9.12   12.45    9.25
  721     356        2  2819.52    0.00    2.73    6.00    9.01   12.44    9.23
  722     357        2  2860.23    0.00    2.77    6.20    8.89   12.42    9.21
  723     358        2  2860.23    0.00    2.79    3.90    8.76   12.39    9.17
  724     359        2  2900.95    0.00    2.82    0.80    8.60   12.33    9.11
  725     360        2  2951.84    0.00    2.86   -0.60    8.45   12.26    9.03
  726     361        2  2972.20    0.00    2.89    3.00    8.33   12.21    8.96
  727     362        2  3002.74    0.00    2.92    3.70    8.23   12.17    8.91
  728     363        2  3033.27    0.00    2.95    2.50    8.12   12.12    8.86
  729     364        2  3104.52    0.00    3.00    2.60    8.01   12.05    8.80
  730     365        2  3155.42    0.00    3.05    2.60    7.93   11.99    8.75
  731       1        3  3247.02    0.00    3.12    0.10    7.81   11.90    8.69
  732       2        3  3236.85    0.00    3.15    0.40    7.71   11.82    8.62
  733       3        3  3348.81    0.00    3.22    1.20    7.62   11.76    8.55
  734       4        3  3358.99    0.00    3.26   -0.10    7.51   11.68    8.49
  735       5        3  3379.35    0.00    3.29    0.90    7.38   11.61    8.42
  736       6        3  3389.53    0.00    3.31   -0.10    7.26   11.53    8.36
  737       7        3  3450.60    0.00    3.35    0.00    7.12   11.45    8.29
  738       8        3  3491.32    0.00    3.39   -0.20    6.98   11.38    8.22
  739       9        3  3552.39    0.00    3.44    0.20    6.87   11.32    8.16
  740      10        3  3491.31    0.00    3.43    0.80    6.76   11.25    8.10
  741      11        3  3511.67    0.00    3.44    4.10    6.65   11.21    8.06
  742      12        3  3542.21    0.00    3.46    0.70    6.52   11.14    8.01
  743      13        3  3542.21    0.00    3.47    0.20    6.40   11.04    7.95
  744      14        3  3593.11    0.00    3.50   -1.80    6.25   10.95    7.88
  745      15        3  3623.64    0.00    3.53   -3.40    6.09   10.84    7.80
  746      16        3  3633.82    0.00    3.55   -5.70    5.90   10.74    7.70
  747      17        3  3694.89    0.00    3.59   -1.20    5.75   10.68    7.62
  748      18        3  3694.89    0.00    3.61    0.00    5.62   10.60    7.55
  749      19        3  3735.61    0.00    3.64    1.60    5.53   10.54    7.50
  750      20        3  3786.50    0.00    3.68    5.30    5.47   10.50    7.48
  751      21        3  3827.22    0.00    3.72    5.20    5.41   10.45    7.46
  752      22        3  3847.57    0.00    3.75    4.20    5.36   10.40    7.45
  753      23        3  3857.75    0.00    3.77    1.90    5.29   10.34    7.42
  754      24        3  3918.82    0.00    3.81    1.20    5.22   10.27    7.38
  755      25        3  3939.18    0.00    3.84    0.30    5.16   10.20    7.33
  756      26        3  4010.43    0.00    3.89   -1.10    5.07   10.12    7.27
  757      27        3  4000.25    0.00    3.91    0.30    4.99   10.04    7.22
  758      28        3  4020.61    0.00    3.93   -2.60    4.90    9.94    7.16
  759      29        3  4061.33    0.00    3.96   -3.60    4.80    9.85    7.08
  760      30        3  4091.86    0.00    3.99   -2.10    4.72    9.75    7.01
  761      31        3  4122.40    0.00    4.02   -0.80    4.64    9.66    6.95
  762      32        3  4132.57    0.00    4.04   -2.50    4.55    9.57    6.89
  763      33        3  4152.93    0.00    4.06   -4.80    4.44    9.47    6.82
  764      34        3  4173.29    0.00    4.08   -2.20    4.34    9.37    6.75
  765      35        3  4234.36    0.00    4.12   -4.20    4.18    9.27    6.68
  766      36        3  4214.01    0.00    4.13   -5.00    4.02    9.17    6.60
  767      37        3  4244.54    0.00    4.15   -4.90    3.87    9.06    6.52
  768      38        3  4244.55    0.00    4.16   -4.40    3.73    8.95    6.44
  769      39        3  4254.73    0.00    4.17   -3.30    3.59    8.83    6.37
  770      40        3  4275.08    0.00    4.18   -4.40    3.46    8.70    6.29
  771      41        3  4224.19    0.00    4.15   -5.30    3.33    8.58    6.22
  772      42        3  4173.29    0.00    4.10   -7.40    3.17    8.44    6.13
  773      43        3  4376.87    0.00    4.20   -7.60    3.02    8.32    6.03
  774      44        3  4336.15    0.00    4.23   -6.00    2.87    8.22    5.94
  775      45        3  4366.69    0.00    4.26   -5.20    2.73    8.11    5.86
  776      46        3  4397.23    0.00    4.29   -1.30    2.61    8.03    5.80
  777      47        3  4427.77    0.00    4.32   -1.20    2.47    7.95    5.75
  778      48        3  4366.69    0.00    4.26    0.60    2.39    7.88    5.71
  779      49        3  4417.58    0.00    4.30    2.80    2.35    7.81    5.69
  780      50        3  4437.94    0.00    4.33    4.20    2.29    7.74    5.68
  781      51        3  4468.48    0.00    4.36    6.30    2.25    7.67    5.68
  782      52        3  4519.37    0.00    4.40    7.40    2.24    7.61    5.69
  783      53        3  4580.44    0.00    4.45    6.00    2.23    7.55    5.70
  784      54        3  4549.91    0.00    4.46    6.40    2.22    7.50    5.70
  785      55        3  4621.15    0.00    4.50    9.80    2.24    7.47    5.72
  786      56        3  4661.86    0.00    4.54    8.40    2.27    7.43    5.75
  787      57        3  4702.58    0.00    4.58    5.60    2.25    7.38    5.76
  788      58        3  4743.29    0.00    4.62    5.10    2.23    7.34    5.76
  789      59        3  4784.00    0.00    4.66    5.50    2.21    7.29    5.76
  790      60        3  4570.26    0.00    4.49    4.30    2.14    7.25    5.75
  791      61        3  4539.73    0.00    4.46    3.80    2.09    7.20    5.74
  792      62        3  4509.19    0.00    4.43    1.40    2.01    7.13    5.72
  793      63        3  4478.65    0.00    4.40    0.90    1.91    7.05    5.69
  794      64        3  4437.94    0.00    4.36    0.10    1.85    6.98    5.66
  795      65        3  4325.97    0.00    4.25    2.70    1.84    6.92    5.63
  796      66        3  4163.11    0.00    4.09    3.00    1.79    6.86    5.61
  797      67        3  3969.72    0.00    3.90   -0.50    1.72    6.79    5.58
  798      68        3  3806.86    0.00    3.74   -0.10    1.65    6.71    5.54
  799      69        3  3633.82    0.00    3.57    0.50    1.57    6.63    5.50
  800      70        3  3470.96    0.00    3.41    4.50    1.54    6.57    5.47
  801      71        3  3318.28    0.00    3.26    4.30    1.52    6.52    5.47
  802      72        3  3226.67    0.00    3.17    2.90    1.52    6.46    5.45
  803      73        3  3185.95    0.00    3.13    4.00    1.56    6.42    5.43
  804      74        3  3165.59    0.00    3.11    3.70    1.58    6.36    5.42
  805      75        3  3084.16    0.00    3.03    2.70    1.60    6.31    5.40
  806      76        3  2951.84    0.00    2.90    2.70    1.59    6.25    5.38
  807      77        3  2778.80    0.00    2.73    1.50    1.57    6.19    5.34
  808      78        3  2605.76    0.00    2.56    0.60    1.56    6.13    5.30
  809      79        3  2412.37    0.00    2.37    3.50    1.57    6.08    5.26
  810      80        3  2218.97    0.00    2.18    4.60    1.57    6.03    5.25
  811      81        3  2045.93    0.00    2.01    4.10    1.57    5.98    5.24
  812      82        3  1944.14    0.00    1.91    5.60    1.56    5.93    5.24
  813      83        3  1893.25    0.00    1.86    6.90    1.58    5.89    5.26
  814      84        3  1913.61    0.00    1.87    6.30    1.60    5.85    5.28
  815      85        3  1923.78    0.00    1.88    6.90    1.64    5.82    5.30
  816      86        3  1984.86    0.00    1.91    5.40    1.67    5.76    5.32
  817      87        3  2025.57    0.00    1.95    6.00    1.70    5.72    5.32
  818      88        3  2066.29    0.00    1.99    8.90    1.74    5.69    5.35
  819      89        3  2086.65    0.00    2.02   10.60    1.79    5.66    5.42
  820      90        3  2137.54    0.00    2.06    9.90    1.82    5.64    5.48
  821      91        3  2137.54    0.00    2.08    6.50    1.82    5.60    5.52
  822      92        3  2198.61    0.00    2.12    5.60    1.81    5.56    5.53
  823      93        3  2239.33    0.00    2.16    4.60    1.78    5.52    5.52
  824      94        3  2259.69    0.00    2.19    5.30    1.78    5.48    5.52
  825      95        3  2290.22    0.00    2.22    2.40    1.72    5.42    5.50
  826      96        3  2341.12    0.00    2.26    3.10    1.70    5.35    5.46
  827      97        3  2381.83    0.00    2.30    3.70    1.67    5.28    5.44
  828      98        3  2402.19    0.00    2.33    3.30    1.67    5.22    5.41
  829      99        3  2432.73    0.00    2.36    4.70    1.70    5.15    5.40
  830     100        3  2392.01    0.00    2.35    2.80    1.74    5.09    5.38
  831     101        3  2320.76    0.00    2.28    1.10    1.72    5.03    5.33
  832     102        3  2178.25    0.00    2.14    2.90    1.71    4.97    5.29
  833     103        3  1964.50    0.00    1.93    4.20    1.73    4.92    5.27
  834     104        3  1730.39    0.00    1.70    4.10    1.74    4.88    5.25
  835     105        3  1486.10    0.00    1.46    4.40    1.76    4.84    5.23
  836     106        3  1251.99    0.00    1.23    5.40    1.81    4.81    5.23
  837     107        3  1028.05    0.00    1.01    8.30    1.88    4.80    5.27
  838     108        3   875.37    0.00    0.86    9.90    1.97    4.79    5.39
  839     109        3   804.12    0.00    0.79   10.30    2.07    4.79    5.55
  840     110        3   773.59    0.00    0.76   10.30    2.16    4.77    5.72
  841     111        3   773.59    0.00    0.76    6.60    2.22    4.74    5.82
  842     112        3   773.59    0.00    0.76    6.50    2.28    4.70    5.84
  843     113        3   773.59    0.00    0.76    6.00    2.34    4.66    5.86
  844     114        3   773.59    0.00    0.76    5.10    2.39    4.63    5.84
  845     115        3   763.41    0.00    0.75    4.20    2.42    4.59    5.80
  846     116        3   763.41    0.00    0.75    4.20    2.42    4.54    5.74
  847     117        3   763.41    0.00    0.75    5.20    2.46    4.49    5.70
  848     118        3   763.41    0.00    0.75    6.60    2.52    4.46    5.71
  849     119        3   763.41    0.00    0.75    7.40    2.61    4.43    5.75
  850     120        3   763.41    0.00    0.75    6.20    2.70    4.40    5.78
  851     121        3   763.41    0.00    0.75    6.90    2.82    4.36    5.80
  852     122        3   763.41    0.00    0.75    8.30    2.91    4.33    5.86
  853     123        3   783.76    0.00    0.76    6.70    2.98    4.30    5.91
  854     124        3   793.94    0.00    0.77    6.50    3.02    4.28    5.92
  855     125        3   804.12    0.00    0.78    6.00    3.03    4.25    5.92
  856     126        3   814.30    0.00    0.79    4.70    3.03    4.22    5.89
  857     127        3   793.94    0.00    0.77    5.20    3.04    4.20    5.84
  858     128        3   804.12    0.00    0.78    7.60    3.09    4.19    5.86
  859     129        3   804.12    0.00    0.78   13.30    3.21    4.22    6.02
  860     130        3   814.30    0.00    0.79   14.90    3.34    4.25    6.29
  861     131        3   824.48    0.00    0.80   11.50    3.46    4.27    6.51
  862     132        3   814.30    0.00    0.79   10.40    3.56    4.28    6.64
  863     133        3   824.48    0.00    0.80   11.20    3.69    4.30    6.76
  864     134        3   824.48    0.00    0.80   11.20    3.83    4.32    6.89
  865     135        3   834.66    0.00    0.81    8.40    3.93    4.33    6.97
  866     136        3   834.66    0.00    0.81    9.50    4.03    4.34    7.01
  867     137        3   844.84    0.00    0.82    9.80    4.15    4.35    7.08
  868     138        3   855.02    0.00    0.83    9.80    4.29    4.36    7.15
  869     139        3   865.20    0.00    0.84    8.70    4.39    4.37    7.20
  870     140        3   844.84    0.00    0.82    8.80    4.52    4.35    7.23
  871     141        3   855.02    0.00    0.83    9.80    4.66    4.34    7.28
  872     142        3   875.37    0.00    0.84    9.90    4.80    4.33    7.34
  873     143        3   916.09    0.00    0.87    8.60    4.92    4.33    7.38
  874     144        3   966.98    0.00    0.91   10.10    5.05    4.32    7.42
  875     145        3   987.34    0.00    0.94   10.30    5.19    4.32    7.48
  876     146        3  1017.88    0.00    0.97    8.70    5.32    4.33    7.51
  877     147        3  1048.41    0.00    1.00   10.20    5.49    4.33    7.55
  878     148        3  1099.30    0.00    1.04    9.90    5.66    4.34    7.60
  879     149        3  1119.66    0.00    1.07   13.30    5.84    4.36    7.69
  880     150        3  1129.84    0.00    1.09   14.50    6.03    4.38    7.83
  881     151        3  1170.56    0.00    1.12   12.60    6.16    4.39    7.96
  882     152        3  1180.74    0.00    1.14   13.10    6.30    4.38    8.06
  883     153        3  1201.09    0.00    1.16   13.70    6.42    4.41    8.17
  884     154        3  1221.45    0.00    1.18   15.70    6.54    4.45    8.31
  885     155        3  1241.81    0.00    1.20   16.90    6.66    4.48    8.47
  886     156        3  1241.81    0.00    1.21   17.70    6.77    4.51    8.66
  887     157        3  1221.45    0.00    1.20   16.90    6.86    4.55    8.84
  888     158        3  1221.45    0.00    1.20   15.20    6.95    4.59    8.98
  889     159        3  1221.45    0.00    1.20   15.10    7.03    4.63    9.10
  890     160        3  1211.27    0.00    1.19   16.20    7.10    4.67    9.24
  891     161        3  1211.27    0.00    1.19   17.30    7.18    4.72    9.39
  892     162        3  1211.27    0.00    1.19   17.00    7.29    4.77    9.55
  893     163        3  1211.27    0.00    1.19   13.40    7.37    4.80    9.65
  894     164        3  1211.27    0.00    1.19   14.30    7.45    4.83    9.73
  895     165        3  1201.09    0.00    1.18   15.20    7.56    4.85    9.82
  896     166        3  1201.09    0.00    1.18   12.90    7.64    4.87    9.89
  897     167        3  1201.09    0.00    1.18   15.00    7.77    4.89    9.97
  898     168        3  1201.09    0.00    1.18   20.80    7.96    4.93   10.13
  899     169        3  1201.09    0.00    1.18   18.00    8.13    4.99   10.32
  900     170        3  1201.09    0.00    1.18   18.50    8.28    5.06   10.47
  901     171        3  1201.09    0.00    1.18   15.00    8.40    5.09   10.59
  902     172        3  1201.09    0.00    1.18   12.90    8.52    5.12   10.64
  903     173        3  1201.09    0.00    1.18   15.10    8.67    5.16   10.68
  904     174        3  1201.09    0.00    1.18   15.30    8.81    5.19   10.76
  905     175        3  1201.09    0.00    1.18   14.30    8.90    5.22   10.83
  906     176        3  1190.91    0.00    1.17   14.90    9.00    5.26   10.89
  907     177        3  1190.91    0.00    1.17   14.90    9.12    5.32   10.95
  908     178        3  1190.91    0.00    1.17   15.00    9.22    5.39   11.01
  909     179        3  1190.91    0.00    1.17   15.10    9.33    5.46   11.08
  910     180        3  1190.91    0.00    1.17   14.30    9.44    5.52   11.14
  911     181        3  1190.91    0.00    1.17   16.40    9.57    5.58   11.21
  912     182        3  1190.91    0.00    1.17   17.30    9.72    5.65   11.32
  913     183        3  1170.56    0.00    1.15   17.10    9.88    5.72   11.42
  914     184        3  1160.38    0.00    1.14   16.30   10.00    5.78   11.52
  915     185        3  1140.02    0.00    1.12   18.60   10.14    5.85   11.63
  916     186        3  1119.66    0.00    1.10   17.80   10.27    5.92   11.76
  917     187        3  1109.48    0.00    1.09   16.50   10.37    5.97   11.86
  918     188        3  1089.13    0.00    1.07   17.50   10.47    6.03   11.96
  919     189        3  1078.95    0.00    1.06   17.70   10.58    6.09   12.07
  920     190        3  1099.31    0.00    1.07   17.30   10.68    6.16   12.18
  921     191        3  1109.48    0.00    1.08   16.50   10.78    6.23   12.26
  922     192        3  1119.66    0.00    1.09   17.30   10.89    6.29   12.34
  923     193        3  1109.48    0.00    1.08   19.40   10.99    6.37   12.46
  924     194        3  1119.66    0.00    1.09   21.10   11.09    6.44   12.63
  925     195        3  1129.84    0.00    1.10   23.10   11.22    6.52   12.83
  926     196        3  1140.02    0.00    1.11   20.40   11.35    6.58   13.02
  927     197        3  1089.13    0.00    1.07   20.60   11.49    6.65   13.18
  928     198        3  1089.13    0.00    1.07   18.70   11.63    6.70   13.31
  929     199        3  1089.13    0.00    1.07   15.80   11.73    6.75   13.37
  930     200        3  1078.95    0.00    1.06   16.10   11.86    6.79   13.40
  931     201        3  1078.95    0.00    1.06   15.80   11.98    6.84   13.43
  932     202        3  1078.95    0.00    1.06   16.00   12.10    6.88   13.45
  933     203        3  1078.95    0.00    1.06   16.50   12.22    6.94   13.48
  934     204        3  1068.77    0.00    1.05   17.40   12.34    7.02   13.54
  935     205        3  1068.77    0.00    1.05   18.80   12.49    7.12   13.62
  936     206        3  1068.77    0.00    1.05   19.40   12.67    7.19   13.73
  937     207        3  1068.77    0.00    1.05   20.60   12.84    7.27   13.85
  938     208        3  1068.77    0.00    1.05   19.10   12.98    7.35   13.97
  939     209        3  1068.77    0.00    1.05   17.10   13.10    7.42   14.03
  940     210        3  1089.13    0.00    1.06   14.70   13.20    7.48   14.04
  941     211        3  1099.30    0.00    1.07   16.80   13.31    7.56   14.05
  942     212        3  1109.48    0.00    1.08   16.00   13.38    7.63   14.07
  943     213        3  1119.66    0.00    1.09   14.50   13.43    7.70   14.06
  944     214        3  1129.84    0.00    1.10   15.10   13.47    7.77   14.05
  945     215        3  1140.01    0.00    1.11   14.30   13.51    7.83   14.03
  946     216        3  1150.19    0.00    1.12   14.00   13.58    7.90   14.00
  947     217        3  1058.59    0.00    1.04   14.90   13.66    7.97   13.98
  948     218        3  1017.88    0.00    1.00   17.70   13.77    8.06   14.01
  949     219        3   977.16    0.00    0.96   15.00   13.87    8.13   14.03
  950     220        3   936.45    0.00    0.92   15.10   13.97    8.20   14.02
  951     221        3   895.73    0.00    0.88   15.80   14.08    8.25   14.02
  952     222        3   855.02    0.00    0.84   14.80   14.17    8.32   14.02
  953     223        3   814.30    0.00    0.80   15.80   14.26    8.39   14.02
  954     224        3   793.94    0.00    0.78   17.70   14.36    8.49   14.08
  955     225        3   783.76    0.00    0.77   17.10   14.46    8.58   14.15
  956     226        3   783.76    0.00    0.77   15.40   14.54    8.68   14.18
  957     227        3   783.76    0.00    0.77   15.10   14.61    8.76   14.17
  958     228        3   804.12    0.00    0.78   12.70   14.66    8.82   14.12
  959     229        3   814.30    0.00    0.79   15.80   14.75    8.89   14.09
  960     230        3   824.48    0.00    0.80   14.30   14.83    8.93   14.08
  961     231        3   834.66    0.00    0.81   14.40   14.92    8.98   14.05
  962     232        3   814.30    0.00    0.79   13.80   15.01    9.02   14.01
  963     233        3   824.48    0.00    0.80   13.40   15.06    9.08   13.96
  964     234        3   834.66    0.00    0.81   14.20   15.07    9.14   13.93
  965     235        3   793.94    0.00    0.78   15.00   15.07    9.21   13.92
  966     236        3   793.94    0.00    0.78   14.90   15.10    9.28   13.92
  967     237        3   793.94    0.00    0.78   16.40   15.16    9.36   13.95
  968     238        3   783.76    0.00    0.77   14.00   15.19    9.44   13.96
  969     239        3   783.76    0.00    0.77   14.90   15.22    9.53   13.94
  970     240        3   783.76    0.00    0.77   15.00   15.29    9.61   13.94
  971     241        3   783.76    0.00    0.77   16.30   15.35    9.69   13.97
  972     242        3   773.59    0.00    0.76   15.70   15.41    9.78   14.01
  973     243        3   773.59    0.00    0.76   15.40   15.46    9.87   14.04
  974     244        3   793.94    0.00    0.77   15.50   15.52    9.96   14.06
  975     245        3   773.59    0.00    0.76   15.40   15.59   10.05   14.08
  976     246        3   773.59    0.00    0.76   14.70   15.63   10.15   14.09
  977     247        3   793.94    0.00    0.77   13.90   15.67   10.23   14.07
  978     248        3   773.59    0.00    0.76   12.90   15.71   10.32   14.02
  979     249        3   773.59    0.00    0.76   12.40   15.74   10.39   13.95
  980     250        3   763.41    0.00    0.75   15.20   15.78   10.49   13.92
  981     251        3   763.41    0.00    0.75   18.30   15.87   10.60   14.00
  982     252        3   763.41    0.00    0.75   18.10   15.95   10.72   14.13
  983     253        3   783.76    0.00    0.76   17.30   16.02   10.84   14.24
  984     254        3   793.94    0.00    0.77   17.80   16.06   10.95   14.33
  985     255        3   804.12    0.00    0.78   15.80   16.07   11.05   14.39
  986     256        3   793.94    0.00    0.77   15.00   16.10   11.13   14.40
  987     257        3   804.12    0.00    0.78   14.90   16.11   11.21   14.39
  988     258        3   814.30    0.00    0.79   13.70   16.11   11.27   14.37
  989     259        3   814.30    0.00    0.79   13.60   16.09   11.32   14.32
  990     260        3   824.48    0.00    0.80   11.50   16.04   11.35   14.23
  991     261        3   834.66    0.00    0.81   13.00   16.00   11.39   14.14
  992     262        3   824.48    0.00    0.80   10.80   15.94   11.40   14.05
  993     263        3   834.66    0.00    0.81   10.60   15.90   11.42   13.92
  994     264        3   844.84    0.00    0.82   11.50   15.86   11.45   13.81
  995     265        3   855.02    0.00    0.83   14.40   15.84   11.47   13.77
  996     266        3   865.20    0.00    0.84   12.60   15.80   11.49   13.75
  997     267        3   875.38    0.00    0.85   14.70   15.78   11.53   13.73
  998     268        3   834.66    0.00    0.81   14.00   15.78   11.58   13.74
  999     269        3   844.84    0.00    0.82   11.60   15.76   11.60   13.69
 1000     270        3   875.37    0.00    0.84   12.40   15.73   11.64   13.62
 1001     271        3   895.73    0.00    0.86   15.60   15.76   11.70   13.63
 1002     272        3   936.45    0.00    0.89   14.50   15.75   11.76   13.66
 1003     273        3   824.48    0.00    0.81   13.20   15.68   11.82   13.65
 1004     274        3   824.48    0.00    0.81   13.50   15.64   11.88   13.63
 1005     275        3   824.48    0.00    0.81   13.50   15.59   11.94   13.61
 1006     276        3   824.48    0.00    0.81   14.20   15.58   11.99   13.61
 1007     277        3   824.48    0.00    0.81   14.60   15.60   12.06   13.63
 1008     278        3   885.55    0.00    0.84   13.40   15.58   12.13   13.63
 1009     279        3   936.45    0.00    0.88   12.00   15.55   12.18   13.59
 1010     280        3   977.16    0.00    0.92   11.10   15.52   12.21   13.53
 1011     281        3   997.52    0.00    0.95   11.10   15.48   12.24   13.45
 1012     282        3  1048.41    0.00    0.99   10.00   15.44   12.28   13.36
 1013     283        3  1048.41    0.00    1.01    9.10   15.38   12.30   13.26
 1014     284        3  1089.13    0.00    1.04    8.10   15.31   12.32   13.13
 1015     285        3  1119.66    0.00    1.07    7.60   15.25   12.35   13.00
 1016     286        3  1170.56    0.00    1.11    7.80   15.17   12.37   12.87
 1017     287        3  1211.27    0.00    1.15    8.60   15.09   12.40   12.76
 1018     288        3  1231.63    0.00    1.18    7.20   14.99   12.44   12.65
 1019     289        3  1262.17    0.00    1.21    6.70   14.90   12.45   12.52
 1020     290        3  1313.06    0.00    1.25    6.00   14.78   12.46   12.39
 1021     291        3  1374.13    0.00    1.30    7.70   14.68   12.47   12.28
 1022     292        3  1384.31    0.00    1.33    6.70   14.59   12.48   12.18
 1023     293        3  1414.85    0.00    1.36    7.10   14.49   12.48   12.08
 1024     294        3  1425.03    0.00    1.38    8.40   14.40   12.49   12.00
 1025     295        3  1465.74    0.00    1.41   12.30   14.36   12.52   11.97
 1026     296        3  1475.92    0.00    1.43   12.40   14.32   12.55   11.99
 1027     297        3  1536.99    0.00    1.47   10.30   14.25   12.57   11.98
 1028     298        3  1557.35    0.00    1.50   10.40   14.16   12.58   11.96
 1029     299        3  1608.24    0.00    1.54   11.60   14.07   12.58   11.94
 1030     300        3  1628.60    0.00    1.57    9.30   13.94   12.58   11.92
 1031     301        3  1679.49    0.00    1.61    8.40   13.83   12.59   11.88
 1032     302        3  1720.21    0.00    1.65    9.00   13.72   12.60   11.83
 1033     303        3  1699.85    0.00    1.66    8.20   13.62   12.62   11.78
 1034     304        3  1750.75    0.00    1.69    9.60   13.56   12.64   11.74
 1035     305        3  1781.28    0.00    1.72    9.70   13.50   12.68   11.71
 1036     306        3  1832.18    0.00    1.76   11.10   13.45   12.72   11.70
 1037     307        3  1872.89    0.00    1.80   13.70   13.43   12.76   11.72
 1038     308        3  1913.61    0.00    1.84    8.70   13.36   12.79   11.71
 1039     309        3  1893.25    0.00    1.85    7.80   13.26   12.80   11.67
 1040     310        3  1944.14    0.00    1.88   10.10   13.18   12.84   11.63
 1041     311        3  1954.32    0.00    1.90   10.90   13.10   12.88   11.62
 1042     312        3  1995.04    0.00    1.93    8.60   12.99   12.91   11.60
 1043     313        3  2188.43    0.00    2.04    6.40   12.87   12.92   11.55
 1044     314        3  2239.32    0.00    2.12    7.70   12.78   12.94   11.50
 1045     315        3  2117.18    0.00    2.08    7.50   12.71   12.95   11.45
 1046     316        3  2005.22    0.00    1.97    5.80   12.60   12.96   11.39
 1047     317        3  1923.79    0.00    1.89    7.20   12.52   12.95   11.33
 1048     318        3  1872.89    0.00    1.84    7.70   12.45   12.94   11.28
 1049     319        3  1842.36    0.00    1.81    7.20   12.38   12.93   11.23
 1050     320        3  1771.10    0.00    1.74   11.30   12.35   12.93   11.21
 1051     321        3  1699.85    0.00    1.67    9.10   12.30   12.94   11.20
 1052     322        3  1679.50    0.00    1.65   10.40   12.26   12.96   11.18
 1053     323        3  1720.21    0.00    1.67   11.40   12.20   12.99   11.19
 1054     324        3  1760.93    0.00    1.70    6.30   12.12   12.99   11.16
 1055     325        3  1791.46    0.00    1.73    3.80   12.01   12.99   11.07
 1056     326        3  1801.64    0.00    1.75    8.10   11.94   13.01   11.00
 1057     327        3  1842.36    0.00    1.78    7.10   11.86   13.02   10.95
 1058     328        3  1872.89    0.00    1.81    6.40   11.77   13.02   10.90
 1059     329        3  1923.78    0.00    1.85    9.00   11.69   13.02   10.86
 1060     330        3  1944.14    0.00    1.88    7.50   11.60   13.03   10.83
 1061     331        3  1954.32    0.00    1.90    7.40   11.52   13.03   10.79
 1062     332        3  2015.39    0.00    1.94    2.40   11.40   13.01   10.71
 1063     333        3  2056.11    0.00    1.98    0.10   11.28   12.97   10.59
 1064     334        3  2076.47    0.00    2.01    1.20   11.14   12.95   10.46
 1065     335        3  2086.64    0.00    2.03    1.00   11.02   12.92   10.34
 1066     336        3  2107.00    0.00    2.05    3.50   10.91   12.92   10.24
 1067     337        3  2147.72    0.00    2.08    3.50   10.82   12.91   10.16
 1068     338        3  2178.26    0.00    2.11    1.80   10.70   12.88   10.06
 1069     339        3  2188.43    0.00    2.13    2.70   10.60   12.83    9.97
 1070     340        3  2208.79    0.00    2.15    4.20   10.49   12.78    9.90
 1071     341        3  2249.51    0.00    2.18    3.90   10.39   12.75    9.83
 1072     342        3  2300.40    0.00    2.22    6.60   10.29   12.73    9.78
 1073     343        3  2300.40    0.00    2.24    4.70   10.21   12.70    9.74
 1074     344        3  2300.40    0.00    2.25    4.20   10.10   12.66    9.68
 1075     345        3  2310.58    0.00    2.26    3.00    9.99   12.64    9.62
 1076     346        3  2361.48    0.00    2.29    2.20    9.86   12.60    9.54
 1077     347        3  2514.16    0.00    2.38    3.50    9.74   12.57    9.47
 1078     348        3  2605.77    0.00    2.47    3.70    9.63   12.54    9.41
 1079     349        3  2677.01    0.00    2.55    5.50    9.53   12.53    9.36
 1080     350        3  2636.30    0.00    2.57    7.60    9.46   12.52    9.34
 1081     351        3  2677.02    0.00    2.60    6.40    9.38   12.51    9.33
 1082     352        3  2687.19    0.00    2.62    6.70    9.31   12.49    9.30
 1083     353        3  2687.19    0.00    2.63    7.20    9.26   12.48    9.29
 1084     354        3  2738.09    0.00    2.66    5.60    9.19   12.46    9.27
 1085     355        3  2768.63    0.00    2.69    8.00    9.12   12.45    9.25
 1086     356        3  2819.52    0.00    2.73    6.00    9.01   12.44    9.23
 1087     357        3  2860.23    0.00    2.77    6.20    8.89   12.42    9.21
 1088     358        3  2860.23    0.00    2.79    3.90    8.76   12.39    9.17
 1089     359        3  2900.95    0.00    2.82    0.80    8.60   12.33    9.11
 1090     360        3  2951.84    0.00    2.86   -0.60    8.45   12.26    9.03
 1091     361        3  2972.20    0.00    2.89    3.00    8.33   12.21    8.96
 1092     362        3  3002.74    0.00    2.92    3.70    8.23   12.17    8.91
 1093     363        3  3033.27    0.00    2.95    2.50    8.12   12.12    8.86
 1094     364        3  3104.52    0.00    3.00    2.60    8.01   12.05    8.80
 1095     365        3  3155.42    0.00    3.05    2.60    7.93   11.99    8.75
