 Day of  Day of    Year   Slurry  Frozen  Slurry   Air    Wall   Floor    Slurry
 sim.     year             mass    mass   depth     T      T       T        T
    1       1        1  3053.63    0.00    3.00    0.13    6.30   11.39    0.12
    2       2        1  3053.63    0.00    3.00    0.63    6.20   11.30    0.15
    3       3        1  3053.63    0.00    3.00   -0.76    6.11   11.21    0.18
    4       4        1  3053.63    0.00    3.00   -0.13    6.03   11.13    0.20
    5       5        1  3053.63    0.00    3.00   -0.56    5.90   11.04    0.23
    6       6        1  3053.63    0.00    3.00   -1.87    5.76   10.94    0.25
    7       7        1  3053.63    0.00    3.00   -0.74    5.63   10.85    0.26
    8       8        1  3053.63    0.00    3.00   -0.19    5.49   10.77    0.28
    9       9        1  3053.63    0.00    3.00   -2.27    5.35   10.69    0.30
   10      10        1  3053.63    0.00    3.00   -1.53    5.20   10.61    0.31
   11      11        1  3053.63    0.00    3.00   -1.90    5.06   10.54    0.31
   12      12        1  3053.63    0.00    3.00   -3.19    4.91   10.44    0.32
   13      13        1  3053.63    0.00    3.00   -3.35    4.76   10.34    0.31
   14      14        1  3053.63    0.00    3.00   -4.47    4.59   10.26    0.30
   15      15        1  3053.63    0.00    3.00  -10.20    4.38   10.13    0.25
   16      16        1  3053.63    0.00    3.00   -3.91    4.22   10.01    0.20
   17      17        1  3053.63    0.00    3.00   -3.05    4.07    9.90    0.20
   18      18        1  3053.63    0.00    3.00   -1.67    3.92    9.80    0.20
   19      19        1  3053.63    0.00    3.00   -1.51    3.77    9.71    0.21
   20      20        1  3053.63    0.00    3.00    0.34    3.65    9.62    0.22
   21      21        1  3053.63    0.00    3.00    2.02    3.55    9.52    0.26
   22      22        1  3053.63    0.00    3.00    1.96    3.45    9.42    0.30
   23      23        1  3053.63    0.00    3.00    3.00    3.38    9.32    0.35
   24      24        1  3053.63    0.00    3.00   -1.90    3.28    9.20    0.38
   25      25        1  3053.63    0.00    3.00   -0.95    3.20    9.09    0.39
   26      26        1  3053.63    0.00    3.00   -3.49    3.10    8.98    0.38
   27      27        1  3053.63    0.00    3.00   -7.17    2.97    8.87    0.35
   28      28        1  3053.63    0.00    3.00   -4.99    2.87    8.77    0.31
   29      29        1  3053.63    0.00    3.00   -4.31    2.76    8.68    0.29
   30      30        1  3053.63    0.00    3.00  -12.10    2.59    8.55    0.23
   31      31        1  3053.63    0.00    3.00  -14.30    2.40    8.41    0.12
   32      32        1  3053.63    0.45    3.00  -11.20    2.27    8.29    0.03
   33      33        1  3053.63    2.35    3.00   -7.32    2.18    8.19    0.00
   34      34        1  3053.63    4.11    3.00   -7.08    2.11    8.08    0.00
   35      35        1  3053.63    6.68    3.00   -9.35    1.94    7.98    0.00
   36      36        1  3053.63    9.81    3.00  -10.90    1.73    7.86    0.00
   37      37        1  3053.63   12.77    3.00  -10.50    1.60    7.75    0.00
   38      38        1  3053.63   17.24    3.00  -14.30    1.45    7.61    0.00
   39      39        1  3053.63   21.04    3.00  -12.80    1.25    7.49    0.00
   40      40        1  3053.63   26.30    3.00  -17.20    0.99    7.34    0.00
   41      41        1  3053.63   31.32    3.00  -15.40    0.76    7.19    0.00
   42      42        1  3053.63   35.85    3.00  -14.20    0.55    7.05    0.00
   43      43        1  3053.63   39.19    3.00  -11.40    0.39    6.91    0.00
   44      44        1  3053.63   41.40    3.00   -9.19    0.28    6.77    0.00
   45      45        1  3053.63   42.12    3.00   -4.32    0.19    6.66    0.00
   46      46        1  3053.63   44.91    3.00  -10.40    0.00    6.51    0.00
   47      47        1  3053.63   47.86    3.00   -9.96   -0.21    6.37    0.00
   48      48        1  3053.63   48.83    3.00   -4.58   -0.35    6.29    0.00
   49      49        1  3053.63   49.83    3.00   -4.90   -0.45    6.19    0.00
   50      50        1  3053.63   48.96    3.00    0.31   -0.52    6.13    0.00
   51      51        1  3053.63   47.46    3.00    2.10   -0.57    6.08    0.00
   52      52        1  3053.63   45.37    3.00    3.37   -0.62    6.02    0.00
   53      53        1  3053.63   43.89    3.00    2.15   -0.65    5.95    0.00
   54      54        1  3053.63   42.36    3.00    2.42   -0.68    5.87    0.00
   55      55        1  3053.63   39.70    3.00    5.28   -0.67    5.82    0.00
   56      56        1  3053.63   35.81    3.00    8.64   -0.64    5.79    0.00
   57      57        1  3053.63   32.46    3.00    5.76   -0.64    5.74    0.00
   58      58        1  3053.63   30.67    3.00    2.15   -0.68    5.67    0.00
   59      59        1  3053.63   28.16    3.00    3.62   -0.71    5.60    0.00
   60      60        1  3053.63   26.00    3.00    3.07   -0.76    5.52    0.00
   61      61        1  3735.61   23.61    3.67    3.08   -0.82    5.45    0.00
   62      62        1  3735.61   21.49    3.67    2.35   -0.88    5.39    0.00
   63      63        1  3735.61   20.84    3.67   -1.00   -1.00    5.31    0.00
   64      64        1  3735.61   20.97    3.67   -3.36   -1.09    5.20    0.00
   65      65        1  3735.61   19.60    3.67    1.65   -1.07    5.10    0.00
   66      66        1  3735.61   18.88    3.67   -0.44   -1.09    4.99    0.00
   67      67        1  3735.61   17.94    3.67   -0.88   -1.15    4.90    0.00
   68      68        1  3735.61   17.94    3.67   -1.76   -1.20    4.82    0.00
   69      69        1  3735.61   19.37    3.67   -5.37   -1.27    4.72    0.00
   70      70        1  3735.61   19.35    3.67   -1.65   -1.36    4.62    0.00
   71      71        1  3735.61   18.05    3.67    1.73   -1.39    4.54    0.00
   72      72        1  3735.61   16.04    3.67    3.08   -1.35    4.46    0.00
   73      73        1  3735.61   14.66    3.67    1.80   -1.34    4.36    0.00
   74      74        1  3735.61   12.83    3.67    1.88   -1.30    4.28    0.00
   75      75        1  3735.61   11.42    3.67    0.96   -1.29    4.19    0.00
   76      76        1  3735.61   10.76    3.67   -0.37   -1.31    4.09    0.00
   77      77        1  3735.61   10.43    3.67   -1.41   -1.33    3.98    0.00
   78      78        1  3735.61   10.20    3.67   -2.34   -1.38    3.88    0.00
   79      79        1  3735.61    8.25    3.67    2.65   -1.38    3.79    0.00
   80      80        1  3735.61    5.77    3.67    3.33   -1.41    3.71    0.00
   81      81        1  3735.61    3.20    3.67    4.03   -1.44    3.64    0.00
   82      82        1  3735.61    0.00    3.67    6.68   -1.42    3.60    0.00
   83      83        1  3735.61    0.00    3.67    7.06   -1.38    3.57    0.06
   84      84        1  3735.61    0.00    3.67    6.62   -1.33    3.54    0.14
   85      85        1  3735.61    0.00    3.67    6.45   -1.29    3.51    0.22
   86      86        1  3735.61    0.00    3.67    7.14   -1.24    3.49    0.29
   87      87        1  3735.61    0.00    3.67    4.45   -1.24    3.45    0.36
   88      88        1  3735.61    0.00    3.67    8.21   -1.18    3.42    0.42
   89      89        1  3735.61    0.00    3.67   10.80   -1.09    3.42    0.51
   90      90        1  3735.61    0.00    3.67    5.88   -1.08    3.39    0.59
   91      91        1  3735.61    0.00    3.67    3.55   -1.10    3.35    0.64
   92      92        1  3735.61    0.00    3.67    3.70   -1.09    3.29    0.69
   93      93        1  3735.61    0.00    3.67    5.08   -1.09    3.24    0.75
   94      94        1  3735.61    0.00    3.67    6.60   -1.08    3.21    0.82
   95      95        1  3735.61    0.00    3.67    2.11   -1.11    3.16    0.87
   96      96        1  3735.61    0.00    3.67    3.40   -1.14    3.11    0.91
   97      97        1  3735.61    0.00    3.67    3.07   -1.15    3.06    0.95
   98      98        1  3735.61    0.00    3.67    1.28   -1.17    3.01    0.99
   99      99        1  3735.61    0.00    3.67    4.12   -1.11    2.97    1.03
  100     100        1  3735.61    0.00    3.67    4.18   -1.06    2.94    1.08
  101     101        1  3735.61    0.00    3.67    3.23   -1.00    2.90    1.13
  102     102        1  3735.61    0.00    3.67    2.96   -1.00    2.85    1.16
  103     103        1  3735.61    0.00    3.67    2.29   -1.01    2.79    1.19
  104     104        1  3735.61    0.00    3.67    1.39   -1.04    2.73    1.22
  105     105        1  3735.61    0.00    3.67    2.40   -1.03    2.68    1.26
  106     106        1  3735.61    0.00    3.67    4.49   -0.99    2.66    1.31
  107     107        1  3735.61    0.00    3.67    6.48   -0.93    2.63    1.38
  108     108        1  3735.61    0.00    3.67    6.48   -0.86    2.63    1.45
  109     109        1  3735.61    0.00    3.67    6.22   -0.80    2.62    1.53
  110     110        1  3735.61    0.00    3.67    7.10   -0.73    2.59    1.61
  111     111        1  3735.61    0.00    3.67    7.52   -0.64    2.56    1.69
  112     112        1  3735.61    0.00    3.67    1.53   -0.62    2.50    1.73
  113     113        1  3735.61    0.00    3.67    3.52   -0.58    2.45    1.75
  114     114        1  3735.61    0.00    3.67    1.88   -0.54    2.40    1.78
  115     115        1  3735.61    0.00    3.67    0.99   -0.52    2.34    1.79
  116     116        1  3735.61    0.00    3.67    1.74   -0.48    2.29    1.80
  117     117        1  3735.61    0.00    3.67    2.71   -0.43    2.24    1.83
  118     118        1  3735.61    0.00    3.67    3.22   -0.37    2.20    1.86
  119     119        1  3735.61    0.00    3.67    3.48   -0.29    2.15    1.90
  120     120        1  3735.61    0.00    3.67    3.42   -0.16    2.11    1.94
  121     121        1  3735.61    0.00    3.67    3.76   -0.09    2.07    1.98
  122     122        1  3735.61    0.00    3.67    6.16    0.00    2.04    2.03
  123     123        1  3735.61    0.00    3.67    5.55    0.07    2.00    2.09
  124     124        1  3735.61    0.00    3.67    6.52    0.15    1.96    2.15
  125     125        1  3735.61    0.00    3.67    3.37    0.18    1.91    2.18
  126     126        1  3735.61    0.00    3.67    3.10    0.19    1.87    2.20
  127     127        1  3735.61    0.00    3.67    3.17    0.20    1.82    2.22
  128     128        1  1801.64    0.00    1.77    6.07    0.23    1.80    2.30
  129     129        1  1801.64    0.00    1.77    5.90    0.30    1.79    2.41
  130     130        1  1801.64    0.00    1.77   12.50    0.43    1.82    2.54
  131     131        1  1801.64    0.00    1.77   15.40    0.61    1.85    2.77
  132     132        1  1801.64    0.00    1.77   15.60    0.83    1.90    3.04
  133     133        1  1801.64    0.00    1.77   17.60    1.04    1.95    3.33
  134     134        1  1801.64    0.00    1.77   13.00    1.21    1.98    3.57
  135     135        1  1801.64    0.00    1.77    9.62    1.41    2.00    3.71
  136     136        1  1801.64    0.00    1.77   10.90    1.65    2.02    3.84
  137     137        1  1801.64    0.00    1.77   10.90    1.86    2.06    3.97
  138     138        1  1801.64    0.00    1.77   11.50    2.04    2.11    4.13
  139     139        1  1801.64    0.00    1.77   12.50    2.23    2.17    4.31
  140     140        1  1801.64    0.00    1.77   12.50    2.44    2.19    4.50
  141     141        1  1801.64    0.00    1.77    9.93    2.63    2.18    4.66
  142     142        1  1801.64    0.00    1.77   11.20    2.84    2.22    4.80
  143     143        1  1801.64    0.00    1.77    8.07    3.05    2.25    4.91
  144     144        1  1801.64    0.00    1.77    8.70    3.26    2.26    4.98
  145     145        1  3644.00    0.00    3.58   11.80    3.54    2.26    5.08
  146     146        1  3644.00    0.00    3.58    9.02    3.77    2.26    5.14
  147     147        1  1628.60    0.00    1.60    6.45    3.96    2.26    5.17
  148     148        1  1628.60    0.00    1.60   11.30    4.18    2.28    5.27
  149     149        1  1628.60    0.00    1.60   12.10    4.38    2.33    5.47
  150     150        1  1628.60    0.00    1.60   13.60    4.55    2.37    5.69
  151     151        1  1628.60    0.00    1.60   13.60    4.78    2.39    5.88
  152     152        1  1628.60    0.00    1.60   13.00    5.00    2.39    6.07
  153     153        1  1628.60    0.00    1.60   14.90    5.19    2.42    6.27
  154     154        1  1628.60    0.00    1.60   15.40    5.38    2.46    6.49
  155     155        1  1628.60    0.00    1.60   15.90    5.53    2.51    6.73
  156     156        1  1628.60    0.00    1.60   18.00    5.68    2.55    6.98
  157     157        1  1628.60    0.00    1.60   18.80    5.83    2.61    7.25
  158     158        1  1628.60    0.00    1.60   19.10    5.99    2.67    7.51
  159     159        1  1628.60    0.00    1.60   17.40    6.13    2.73    7.73
  160     160        1  1628.60    0.00    1.60   17.30    6.25    2.79    7.93
  161     161        1  1628.60    0.00    1.60   18.40    6.34    2.85    8.16
  162     162        1  1628.60    0.00    1.60   19.40    6.47    2.92    8.41
  163     163        1  1628.60    0.00    1.60   15.70    6.60    2.96    8.60
  164     164        1  1628.60    0.00    1.60   14.90    6.71    3.00    8.76
  165     165        1  1628.60    0.00    1.60   15.40    6.82    3.03    8.93
  166     166        1  1628.60    0.00    1.60   13.00    6.92    3.05    9.02
  167     167        1  1628.60    0.00    1.60   18.30    7.07    3.09    9.16
  168     168        1  1628.60    0.00    1.60   16.40    7.23    3.12    9.33
  169     169        1  1628.60    0.00    1.60   13.30    7.39    3.15    9.41
  170     170        1  1628.60    0.00    1.60   17.60    7.55    3.24    9.55
  171     171        1  1628.60    0.00    1.60   20.40    7.74    3.33    9.79
  172     172        1  1628.60    0.00    1.60   20.60    7.95    3.40   10.04
  173     173        1  2035.75    0.00    2.00   19.30    8.15    3.48   10.27
  174     174        1  2035.75    0.00    2.00   17.60    8.37    3.55   10.44
  175     175        1  2035.75    0.00    2.00   19.10    8.57    3.60   10.61
  176     176        1  2035.75    0.00    2.00   22.50    8.76    3.69   10.80
  177     177        1  2035.75    0.00    2.00   23.50    8.96    3.80   11.03
  178     178        1  2035.75    0.00    2.00   23.10    9.16    3.91   11.25
  179     179        1  2035.75    0.00    2.00   23.20    9.36    4.03   11.47
  180     180        1  2035.75    0.00    2.00   22.70    9.57    4.14   11.67
  181     181        1  2035.75    0.00    2.00   19.80    9.76    4.23   11.83
  182     182        1  2035.75    0.00    2.00   15.60    9.92    4.30   11.92
  183     183        1  2035.75    0.00    2.00   15.70   10.10    4.36   12.00
  184     184        1  2035.75    0.00    2.00   15.50   10.22    4.42   12.07
  185     185        1  2035.75    0.00    2.00   15.40   10.33    4.46   12.15
  186     186        1  2035.75    0.00    2.00   13.60   10.42    4.49   12.21
  187     187        1  2035.75    0.00    2.00   14.50   10.50    4.54   12.23
  188     188        1  2035.75    0.00    2.00   14.30   10.57    4.60   12.26
  189     189        1  2035.75    0.00    2.00   14.70   10.65    4.66   12.31
  190     190        1  2035.75    0.00    2.00   11.90   10.70    4.70   12.35
  191     191        1  2035.75    0.00    2.00   14.60   10.77    4.77   12.40
  192     192        1  2035.75    0.00    2.00   12.90   10.85    4.81   12.45
  193     193        1  2035.75    0.00    2.00   14.20   10.91    4.86   12.48
  194     194        1  2035.75    0.00    2.00   13.30   10.93    4.92   12.52
  195     195        1  2035.75    0.00    2.00   13.50   11.00    4.96   12.56
  196     196        1  2035.75    0.00    2.00   16.00   11.12    5.01   12.62
  197     197        1  2035.75    0.00    2.00   16.20   11.24    5.07   12.69
  198     198        1  2035.75    0.00    2.00   17.30   11.36    5.13   12.77
  199     199        1  2035.75    0.00    2.00   20.00   11.48    5.20   12.89
  200     200        1  2035.75    0.00    2.00   19.50   11.65    5.27   13.03
  201     201        1  2035.75    0.00    2.00   20.50   11.81    5.34   13.16
  202     202        1  2035.75    0.00    2.00   19.50   11.97    5.41   13.27
  203     203        1  2035.75    0.00    2.00   13.90   12.09    5.46   13.32
  204     204        1  2035.75    0.00    2.00   14.30   12.19    5.54   13.36
  205     205        1  2035.75    0.00    2.00   12.80   12.27    5.60   13.40
  206     206        1  2035.75    0.00    2.00   14.40   12.37    5.69   13.44
  207     207        1  2035.75    0.00    2.00   15.20   12.49    5.74   13.49
  208     208        1  2035.75    0.00    2.00   17.20   12.63    5.81   13.57
  209     209        1  2035.75    0.00    2.00   18.80   12.80    5.88   13.67
  210     210        1  2035.75    0.00    2.00   16.10   12.93    5.95   13.73
  211     211        1  2035.75    0.00    2.00   15.60   13.04    6.02   13.77
  212     212        1  2035.75    0.00    2.00   16.00   13.13    6.10   13.81
  213     213        1  2035.75    0.00    2.00   16.90   13.22    6.18   13.87
  214     214        1  2035.75    0.00    2.00   18.10   13.34    6.27   13.95
  215     215        1  2035.75    0.00    2.00   19.10   13.45    6.36   14.04
  216     216        1  2035.75    0.00    2.00   17.50   13.55    6.45   14.12
  217     217        1  2035.75    0.00    2.00   15.90   13.68    6.53   14.18
  218     218        1  2035.75    0.00    2.00   15.60   13.80    6.61   14.23
  219     219        1  2035.75    0.00    2.00   19.70   13.97    6.71   14.30
  220     220        1  2035.75    0.00    2.00   21.70   14.17    6.82   14.42
  221     221        1  2035.75    0.00    2.00   22.70   14.37    6.94   14.57
  222     222        1  2035.75    0.00    2.00   18.30   14.51    7.04   14.68
  223     223        1  2035.75    0.00    2.00   15.80   14.63    7.13   14.76
  224     224        1  2035.75    0.00    2.00   14.90   14.74    7.23   14.80
  225     225        1  2035.75    0.00    2.00   19.20   14.89    7.37   14.87
  226     226        1  2035.75    0.00    2.00   18.60   15.03    7.47   14.96
  227     227        1  2035.75    0.00    2.00   20.30   15.17    7.59   15.05
  228     228        1  2035.75    0.00    2.00   21.90   15.32    7.70   15.17
  229     229        1  2035.75    0.00    2.00   20.30   15.46    7.80   15.28
  230     230        1  2035.75    0.00    2.00   19.90   15.61    7.89   15.38
  231     231        1  2035.75    0.00    2.00   20.80   15.78    7.98   15.48
  232     232        1  2035.75    0.00    2.00   20.90   15.95    8.07   15.58
  233     233        1  2035.75    0.00    2.00   19.40   16.08    8.15   15.67
  234     234        1  2035.75    0.00    2.00   19.80   16.21    8.26   15.74
  235     235        1  2035.75    0.00    2.00   20.60   16.29    8.36   15.81
  236     236        1  2035.75    0.00    2.00   18.30   16.32    8.46   15.87
  237     237        1  2035.75    0.00    2.00   15.90   16.32    8.57   15.89
  238     238        1  1150.20    0.00    1.13   13.20   16.28    8.66   15.88
  239     239        1  1150.20    0.00    1.13   13.00   16.28    8.74   15.85
  240     240        1  1150.20    0.00    1.13   12.40   16.30    8.86   15.81
  241     241        1  1150.20    0.00    1.13   12.10   16.31    8.98   15.74
  242     242        1  1150.20    0.00    1.13   12.40   16.33    9.10   15.66
  243     243        1  1150.20    0.00    1.13   13.70   16.35    9.20   15.59
  244     244        1  1150.20    0.00    1.13   10.80   16.33    9.28   15.52
  245     245        1  1150.20    0.00    1.13   13.40   16.34    9.39   15.48
  246     246        1  1150.20    0.00    1.13   11.50   16.36    9.50   15.43
  247     247        1  1150.20    0.00    1.13   15.90   16.40    9.62   15.39
  248     248        1  1150.20    0.00    1.13   15.60   16.47    9.76   15.39
  249     249        1  1150.20    0.00    1.13   14.40   16.53    9.89   15.41
  250     250        1  1150.20    0.00    1.13   12.70   16.54   10.04   15.40
  251     251        1  1150.20    0.00    1.13   12.20   16.57   10.17   15.38
  252     252        1  1150.20    0.00    1.13   14.10   16.64   10.30   15.36
  253     253        1  1150.20    0.00    1.13   13.00   16.66   10.42   15.32
  254     254        1  1150.20    0.00    1.13   10.50   16.64   10.51   15.26
  255     255        1  1150.20    0.00    1.13   10.90   16.61   10.58   15.20
  256     256        1  1150.20    0.00    1.13   13.20   16.61   10.70   15.14
  257     257        1  1150.20    0.00    1.13   12.90   16.61   10.81   15.11
  258     258        1  1150.20    0.00    1.13   14.70   16.61   10.90   15.10
  259     259        1  1150.20    0.00    1.13   13.70   16.59   10.99   15.08
  260     260        1  1150.20    0.00    1.13   12.90   16.56   11.05   15.03
  261     261        1  1150.20    0.00    1.13    9.51   16.48   11.08   14.95
  262     262        1  1150.20    0.00    1.13   11.10   16.41   11.12   14.89
  263     263        1  1150.20    0.00    1.13    8.37   16.31   11.15   14.81
  264     264        1  1150.20    0.00    1.13    8.07   16.22   11.17   14.68
  265     265        1  1150.20    0.00    1.13   13.40   16.18   11.21   14.60
  266     266        1  1150.20    0.00    1.13   13.40   16.13   11.24   14.60
  267     267        1  1150.20    0.00    1.13   12.90   16.07   11.27   14.60
  268     268        1  1150.20    0.00    1.13   14.40   16.06   11.33   14.61
  269     269        1  1150.20    0.00    1.13   12.20   16.03   11.37   14.61
  270     270        1  1150.20    0.00    1.13   14.30   16.02   11.42   14.59
  271     271        1  1150.20    0.00    1.13   12.70   16.02   11.47   14.56
  272     272        1  1150.20    0.00    1.13   12.20   15.96   11.52   14.50
  273     273        1  1150.20    0.00    1.13   12.90   15.93   11.58   14.45
  274     274        1  1150.20    0.00    1.13   13.20   15.93   11.66   14.42
  275     275        1  1150.20    0.00    1.13   11.70   15.87   11.71   14.38
  276     276        1  1150.20    0.00    1.13   13.10   15.80   11.77   14.35
  277     277        1  1150.20    0.00    1.13   12.70   15.73   11.84   14.33
  278     278        1  1150.20    0.00    1.13   13.70   15.67   11.91   14.30
  279     279        1  1150.20    0.00    1.13   14.10   15.64   12.00   14.30
  280     280        1  1150.20    0.00    1.13   12.90   15.58   12.07   14.29
  281     281        1  1150.20    0.00    1.13   13.10   15.49   12.13   14.27
  282     282        1  1150.20    0.00    1.13   12.10   15.38   12.17   14.24
  283     283        1  1150.20    0.00    1.13   10.30   15.26   12.21   14.18
  284     284        1  1150.20    0.00    1.13    8.55   15.12   12.24   14.07
  285     285        1  1150.20    0.00    1.13    7.65   14.98   12.27   13.94
  286     286        1  1150.20    0.00    1.13    7.19   14.86   12.31   13.80
  287     287        1  1150.20    0.00    1.13    6.15   14.77   12.35   13.64
  288     288        1  1150.20    0.00    1.13    6.31   14.68   12.39   13.48
  289     289        1  1150.20    0.00    1.13    6.52   14.59   12.41   13.32
  290     290        1  1150.20    0.00    1.13    5.62   14.50   12.42   13.17
  291     291        1  1150.20    0.00    1.13    6.54   14.43   12.43   13.02
  292     292        1  1150.20    0.00    1.13    2.31   14.32   12.41   12.84
  293     293        1  1150.20    0.00    1.13    1.62   14.20   12.38   12.61
  294     294        1  1150.20    0.00    1.13    0.80   14.06   12.35   12.36
  295     295        1  1150.20    0.00    1.13    8.47   14.03   12.36   12.19
  296     296        1  1150.20    0.00    1.13   10.60   13.99   12.38   12.13
  297     297        1  1150.20    0.00    1.13    3.65   13.90   12.38   12.03
  298     298        1  1150.20    0.00    1.13    0.89   13.78   12.34   11.80
  299     299        1  1150.20    0.00    1.13    7.93   13.73   12.33   11.64
  300     300        1  1150.20    0.00    1.13   10.50   13.70   12.35   11.60
  301     301        1  1150.20    0.00    1.13    9.36   13.63   12.38   11.57
  302     302        1  2127.36    0.00    2.09    7.71   13.55   12.40   11.52
  303     303        1  2127.36    0.00    2.09    5.48   13.44   12.40   11.46
  304     304        1  2127.36    0.00    2.09    1.63   13.27   12.37   11.37
  305     305        1  2127.36    0.00    2.09    5.27   13.13   12.39   11.27
  306     306        1  2127.36    0.00    2.09    9.44   13.03   12.42   11.23
  307     307        1  2127.36    0.00    2.09   12.80   12.96   12.47   11.24
  308     308        1  2127.36    0.00    2.09    9.79   12.92   12.51   11.25
  309     309        1  2127.36    0.00    2.09    5.61   12.84   12.51   11.21
  310     310        1  2127.36    0.00    2.09    7.16   12.79   12.53   11.16
  311     311        1  2127.36    0.00    2.09    7.95   12.72   12.55   11.13
  312     312        1  2127.36    0.00    2.09    7.95   12.66   12.57   11.10
  313     313        1  2127.36    0.00    2.09    6.25   12.55   12.59   11.06
  314     314        1  2127.36    0.00    2.09    5.05   12.42   12.61   11.00
  315     315        1  2127.36    0.00    2.09    3.98   12.30   12.62   10.92
  316     316        1  2127.36    0.00    2.09    6.07   12.21   12.62   10.85
  317     317        1  2127.36    0.00    2.09    5.30   12.11   12.62   10.79
  318     318        1  2127.36    0.00    2.09    6.58   12.01   12.62   10.73
  319     319        1  2127.36    0.00    2.09    7.00   11.91   12.62   10.69
  320     320        1  2127.36    0.00    2.09    7.63   11.80   12.63   10.66
  321     321        1  2127.36    0.00    2.09    9.99   11.73   12.64   10.64
  322     322        1  2127.36    0.00    2.09    8.66   11.66   12.67   10.63
  323     323        1  2127.36    0.00    2.09   11.50   11.62   12.71   10.64
  324     324        1  2127.36    0.00    2.09    5.96   11.49   12.73   10.62
  325     325        1  2127.36    0.00    2.09   -0.44   11.28   12.72   10.52
  326     326        1  2127.36    0.00    2.09    1.90   11.08   12.72   10.41
  327     327        1  2127.36    0.00    2.09    5.53   10.96   12.74   10.33
  328     328        1  2127.36    0.00    2.09    2.80   10.83   12.73   10.26
  329     329        1  2127.36    0.00    2.09    2.16   10.71   12.73   10.17
  330     330        1  2127.36    0.00    2.09    7.45   10.60   12.75   10.11
  331     331        1  2127.36    0.00    2.09    5.18   10.47   12.75   10.07
  332     332        1  2127.36    0.00    2.09   -1.01   10.27   12.72    9.97
  333     333        1  2127.36    0.00    2.09    0.30   10.06   12.69    9.85
  334     334        1  2127.36    0.00    2.09   -1.28    9.86   12.66    9.72
  335     335        1  2127.36    0.00    2.09   -0.82    9.66   12.64    9.59
  336     336        1  2127.36    0.00    2.09    1.63    9.48   12.63    9.47
  337     337        1  2127.36    0.00    2.09    1.42    9.29   12.62    9.38
  338     338        1  2127.36    0.00    2.09    2.42    9.13   12.60    9.29
  339     339        1  2127.36    0.00    2.09    3.24    8.97   12.59    9.22
  340     340        1  2127.36    0.00    2.09    5.76    8.83   12.56    9.17
  341     341        1  2127.36    0.00    2.09    7.10    8.73   12.52    9.14
  342     342        1  2127.36    0.00    2.09    4.73    8.62   12.47    9.11
  343     343        1  2127.36    0.00    2.09    2.77    8.52   12.40    9.05
  344     344        1  2127.36    0.00    2.09    1.98    8.42   12.35    8.97
  345     345        1  2127.36    0.00    2.09    1.87    8.31   12.31    8.89
  346     346        1  2127.36    0.00    2.09    1.66    8.22   12.26    8.80
  347     347        1  2127.36    0.00    2.09    4.28    8.14   12.23    8.74
  348     348        1  2127.36    0.00    2.09    2.65    8.03   12.19    8.68
  349     349        1  2127.36    0.00    2.09    0.75    7.94   12.14    8.60
  350     350        1  2127.36    0.00    2.09    5.41    7.86   12.10    8.54
  351     351        1  2127.36    0.00    2.09    4.84    7.80   12.08    8.50
  352     352        1  2127.36    0.00    2.09    3.28    7.68   12.04    8.45
  353     353        1  2127.36    0.00    2.09    4.60    7.57   12.02    8.41
  354     354        1  2127.36    0.00    2.09    6.02    7.49   12.01    8.38
  355     355        1  2127.36    0.00    2.09    5.60    7.43   11.98    8.36
  356     356        1  2127.36    0.00    2.09    6.16    7.37   11.97    8.34
  357     357        1  2127.36    0.00    2.09    4.42    7.28   11.96    8.31
  358     358        1  2127.36    0.00    2.09    2.92    7.18   11.92    8.26
  359     359        1  2127.36    0.00    2.09   -1.91    7.06   11.85    8.17
  360     360        1  2127.36    0.00    2.09   -0.83    6.95   11.78    8.06
  361     361        1  2127.36    0.00    2.09   -3.49    6.79   11.70    7.93
  362     362        1  2127.36    0.00    2.09    3.25    6.70   11.65    7.84
  363     363        1  2127.36    0.00    2.09    3.42    6.59   11.60    7.79
  364     364        1  2127.36    0.00    2.09    3.88    6.50   11.54    7.75
  365     365        1  3053.63    0.00    3.00    1.42    6.39   11.48    7.70
  366       1        2  3053.63    0.00    3.00    0.13    6.30   11.39    7.63
  367       2        2  3053.63    0.00    3.00    0.63    6.20   11.30    7.57
  368       3        2  3053.63    0.00    3.00   -0.76    6.11   11.21    7.51
  369       4        2  3053.63    0.00    3.00   -0.13    6.03   11.13    7.44
  370       5        2  3053.63    0.00    3.00   -0.56    5.90   11.04    7.38
  371       6        2  3053.63    0.00    3.00   -1.87    5.76   10.94    7.30
  372       7        2  3053.63    0.00    3.00   -0.74    5.63   10.85    7.23
  373       8        2  3053.63    0.00    3.00   -0.19    5.49   10.77    7.16
  374       9        2  3053.63    0.00    3.00   -2.27    5.35   10.69    7.09
  375      10        2  3053.63    0.00    3.00   -1.53    5.20   10.61    7.01
  376      11        2  3053.63    0.00    3.00   -1.90    5.06   10.54    6.93
  377      12        2  3053.63    0.00    3.00   -3.19    4.91   10.44    6.85
  378      13        2  3053.63    0.00    3.00   -3.35    4.76   10.34    6.76
  379      14        2  3053.63    0.00    3.00   -4.47    4.59   10.26    6.67
  380      15        2  3053.63    0.00    3.00  -10.20    4.38   10.13    6.54
  381      16        2  3053.63    0.00    3.00   -3.91    4.22   10.01    6.42
  382      17        2  3053.63    0.00    3.00   -3.05    4.07    9.90    6.33
  383      18        2  3053.63    0.00    3.00   -1.67    3.92    9.80    6.25
  384      19        2  3053.63    0.00    3.00   -1.51    3.77    9.71    6.19
  385      20        2  3053.63    0.00    3.00    0.34    3.65    9.62    6.13
  386      21        2  3053.63    0.00    3.00    2.02    3.55    9.52    6.09
  387      22        2  3053.63    0.00    3.00    1.96    3.45    9.42    6.06
  388      23        2  3053.63    0.00    3.00    3.00    3.38    9.32    6.03
  389      24        2  3053.63    0.00    3.00   -1.90    3.28    9.20    5.99
  390      25        2  3053.63    0.00    3.00   -0.95    3.20    9.09    5.93
  391      26        2  3053.63    0.00    3.00   -3.49    3.10    8.98    5.86
  392      27        2  3053.63    0.00    3.00   -7.17    2.97    8.87    5.75
  393      28        2  3053.63    0.00    3.00   -4.99    2.87    8.77    5.65
  394      29        2  3053.63    0.00    3.00   -4.31    2.76    8.68    5.55
  395      30        2  3053.63    0.00    3.00  -12.10    2.59    8.55    5.43
  396      31        2  3053.63    0.00    3.00  -14.30    2.40    8.41    5.26
  397      32        2  3053.63    0.00    3.00  -11.20    2.27    8.29    5.10
  398      33        2  3053.63    0.00    3.00   -7.32    2.18    8.19    4.97
  399      34        2  3053.63    0.00    3.00   -7.08    2.11    8.08    4.86
  400      35        2  3053.63    0.00    3.00   -9.35    1.94    7.98    4.74
  401      36        2  3053.63    0.00    3.00  -10.90    1.73    7.86    4.61
  402      37        2  3053.63    0.00    3.00  -10.50    1.60    7.75    4.47
  403      38        2  3053.63    0.00    3.00  -14.30    1.45    7.61    4.32
  404      39        2  3053.63    0.00    3.00  -12.80    1.25    7.49    4.15
  405      40        2  3053.63    0.00    3.00  -17.20    0.99    7.34    3.98
  406      41        2  3053.63    0.00    3.00  -15.40    0.76    7.19    3.80
  407      42        2  3053.63    0.00    3.00  -14.20    0.55    7.05    3.63
  408      43        2  3053.63    0.00    3.00  -11.40    0.39    6.91    3.48
  409      44        2  3053.63    0.00    3.00   -9.19    0.28    6.77    3.37
  410      45        2  3053.63    0.00    3.00   -4.32    0.19    6.66    3.29
  411      46        2  3053.63    0.00    3.00  -10.40    0.00    6.51    3.20
  412      47        2  3053.63    0.00    3.00   -9.96   -0.21    6.37    3.09
  413      48        2  3053.63    0.00    3.00   -4.58   -0.35    6.29    3.00
  414      49        2  3053.63    0.00    3.00   -4.90   -0.45    6.19    2.93
  415      50        2  3053.63    0.00    3.00    0.31   -0.52    6.13    2.90
  416      51        2  3053.63    0.00    3.00    2.10   -0.57    6.08    2.89
  417      52        2  3053.63    0.00    3.00    3.37   -0.62    6.02    2.90
  418      53        2  3053.63    0.00    3.00    2.15   -0.65    5.95    2.91
  419      54        2  3053.63    0.00    3.00    2.42   -0.68    5.87    2.91
  420      55        2  3053.63    0.00    3.00    5.28   -0.67    5.82    2.93
  421      56        2  3053.63    0.00    3.00    8.64   -0.64    5.79    2.98
  422      57        2  3053.63    0.00    3.00    5.76   -0.64    5.74    3.03
  423      58        2  3053.63    0.00    3.00    2.15   -0.68    5.67    3.06
  424      59        2  3053.63    0.00    3.00    3.62   -0.71    5.60    3.08
  425      60        2  3053.63    0.00    3.00    3.07   -0.76    5.52    3.10
  426      61        2  3735.61    0.00    3.67    3.08   -0.82    5.45    3.12
  427      62        2  3735.61    0.00    3.67    2.35   -0.88    5.39    3.13
  428      63        2  3735.61    0.00    3.67   -1.00   -1.00    5.31    3.13
  429      64        2  3735.61    0.00    3.67   -3.36   -1.09    5.20    3.10
  430      65        2  3735.61    0.00    3.67    1.65   -1.07    5.10    3.08
  431      66        2  3735.61    0.00    3.67   -0.44   -1.09    4.99    3.07
  432      67        2  3735.61    0.00    3.67   -0.88   -1.15    4.90    3.06
  433      68        2  3735.61    0.00    3.67   -1.76   -1.20    4.82    3.03
  434      69        2  3735.61    0.00    3.67   -5.37   -1.27    4.72    2.99
  435      70        2  3735.61    0.00    3.67   -1.65   -1.36    4.62    2.94
  436      71        2  3735.61    0.00    3.67    1.73   -1.39    4.54    2.92
  437      72        2  3735.61    0.00    3.67    3.08   -1.35    4.46    2.93
  438      73        2  3735.61    0.00    3.67    1.80   -1.34    4.36    2.93
  439      74        2  3735.61    0.00    3.67    1.88   -1.30    4.28    2.94
  440      75        2  3735.61    0.00    3.67    0.96   -1.29    4.19    2.94
  441      76        2  3735.61    0.00    3.67   -0.37   -1.31    4.09    2.93
  442      77        2  3735.61    0.00    3.67   -1.41   -1.33    3.98    2.91
  443      78        2  3735.61    0.00    3.67   -2.34   -1.38    3.88    2.88
  444      79        2  3735.61    0.00    3.67    2.65   -1.38    3.79    2.88
  445      80        2  3735.61    0.00    3.67    3.33   -1.41    3.71    2.89
  446      81        2  3735.61    0.00    3.67    4.03   -1.44    3.64    2.92
  447      82        2  3735.61    0.00    3.67    6.68   -1.42    3.60    2.96
  448      83        2  3735.61    0.00    3.67    7.06   -1.38    3.57    3.01
  449      84        2  3735.61    0.00    3.67    6.62   -1.33    3.54    3.06
  450      85        2  3735.61    0.00    3.67    6.45   -1.29    3.51    3.10
  451      86        2  3735.61    0.00    3.67    7.14   -1.24    3.49    3.15
  452      87        2  3735.61    0.00    3.67    4.45   -1.24    3.45    3.18
  453      88        2  3735.61    0.00    3.67    8.21   -1.18    3.42    3.21
  454      89        2  3735.61    0.00    3.67   10.80   -1.09    3.42    3.28
  455      90        2  3735.61    0.00    3.67    5.88   -1.08    3.39    3.32
  456      91        2  3735.61    0.00    3.67    3.55   -1.10    3.35    3.35
  457      92        2  3735.61    0.00    3.67    3.70   -1.09    3.29    3.37
  458      93        2  3735.61    0.00    3.67    5.08   -1.09    3.24    3.40
  459      94        2  3735.61    0.00    3.67    6.60   -1.08    3.21    3.44
  460      95        2  3735.61    0.00    3.67    2.11   -1.11    3.16    3.47
  461      96        2  3735.61    0.00    3.67    3.40   -1.14    3.11    3.48
  462      97        2  3735.61    0.00    3.67    3.07   -1.15    3.06    3.49
  463      98        2  3735.61    0.00    3.67    1.28   -1.17    3.01    3.51
  464      99        2  3735.61    0.00    3.67    4.12   -1.11    2.97    3.52
  465     100        2  3735.61    0.00    3.67    4.18   -1.06    2.94    3.54
  466     101        2  3735.61    0.00    3.67    3.23   -1.00    2.90    3.57
  467     102        2  3735.61    0.00    3.67    2.96   -1.00    2.85    3.57
  468     103        2  3735.61    0.00    3.67    2.29   -1.01    2.79    3.58
  469     104        2  3735.61    0.00    3.67    1.39   -1.04    2.73    3.58
  470     105        2  3735.61    0.00    3.67    2.40   -1.03    2.68    3.59
  471     106        2  3735.61    0.00    3.67    4.49   -0.99    2.66    3.62
  472     107        2  3735.61    0.00    3.67    6.48   -0.93    2.63    3.66
  473     108        2  3735.61    0.00    3.67    6.48   -0.86    2.63    3.72
  474     109        2  3735.61    0.00    3.67    6.22   -0.80    2.62    3.77
  475     110        2  3735.61    0.00    3.67    7.10   -0.73    2.59    3.82
  476     111        2  3735.61    0.00    3.67    7.52   -0.64    2.56    3.88
  477     112        2  3735.61    0.00    3.67    1.53   -0.62    2.50    3.89
  478     113        2  3735.61    0.00    3.67    3.52   -0.58    2.45    3.89
  479     114        2  3735.61    0.00    3.67    1.88   -0.54    2.40    3.90
  480     115        2  3735.61    0.00    3.67    0.99   -0.52    2.34    3.89
  481     116        2  3735.61    0.00    3.67    1.74   -0.48    2.29    3.88
  482     117        2  3735.61    0.00    3.67    2.71   -0.43    2.24    3.88
  483     118        2  3735.61    0.00    3.67    3.22   -0.37    2.20    3.90
  484     119        2  3735.61    0.00    3.67    3.48   -0.29    2.15    3.91
  485     120        2  3735.61    0.00    3.67    3.42   -0.16    2.11    3.93
  486     121        2  3735.61    0.00    3.67    3.76   -0.09    2.07    3.95
  487     122        2  3735.61    0.00    3.67    6.16    0.00    2.04    3.98
  488     123        2  3735.61    0.00    3.67    5.55    0.07    2.00    4.02
  489     124        2  3735.61    0.00    3.67    6.52    0.15    1.96    4.05
  490     125        2  3735.61    0.00    3.67    3.37    0.18    1.91    4.07
  491     126        2  3735.61    0.00    3.67    3.10    0.19    1.87    4.07
  492     127        2  3735.61    0.00    3.67    3.17    0.20    1.82    4.07
  493     128        2  1801.64    0.00    1.77    6.07    0.23    1.80    4.12
  494     129        2  1801.64    0.00    1.77    5.90    0.30    1.79    4.19
  495     130        2  1801.64    0.00    1.77   12.50    0.43    1.82    4.29
  496     131        2  1801.64    0.00    1.77   15.40    0.61    1.85    4.48
  497     132        2  1801.64    0.00    1.77   15.60    0.83    1.90    4.71
  498     133        2  1801.64    0.00    1.77   17.60    1.04    1.95    4.97
  499     134        2  1801.64    0.00    1.77   13.00    1.21    1.98    5.17
  500     135        2  1801.64    0.00    1.77    9.62    1.41    2.00    5.29
  501     136        2  1801.64    0.00    1.77   10.90    1.65    2.02    5.38
  502     137        2  1801.64    0.00    1.77   10.90    1.86    2.06    5.48
  503     138        2  1801.64    0.00    1.77   11.50    2.04    2.11    5.61
  504     139        2  1801.64    0.00    1.77   12.50    2.23    2.17    5.76
  505     140        2  1801.64    0.00    1.77   12.50    2.44    2.19    5.92
  506     141        2  1801.64    0.00    1.77    9.93    2.63    2.18    6.05
  507     142        2  1801.64    0.00    1.77   11.20    2.84    2.22    6.16
  508     143        2  1801.64    0.00    1.77    8.07    3.05    2.25    6.24
  509     144        2  1801.64    0.00    1.77    8.70    3.26    2.26    6.29
  510     145        2  3644.00    0.00    3.58   11.80    3.54    2.26    6.36
  511     146        2  3644.00    0.00    3.58    9.02    3.77    2.26    6.41
  512     147        2  1628.60    0.00    1.60    6.45    3.96    2.26    6.41
  513     148        2  1628.60    0.00    1.60   11.30    4.18    2.28    6.49
  514     149        2  1628.60    0.00    1.60   12.10    4.38    2.33    6.66
  515     150        2  1628.60    0.00    1.60   13.60    4.55    2.37    6.85
  516     151        2  1628.60    0.00    1.60   13.60    4.78    2.39    7.02
  517     152        2  1628.60    0.00    1.60   13.00    5.00    2.39    7.18
  518     153        2  1628.60    0.00    1.60   14.90    5.19    2.42    7.36
  519     154        2  1628.60    0.00    1.60   15.40    5.38    2.46    7.56
  520     155        2  1628.60    0.00    1.60   15.90    5.53    2.51    7.76
  521     156        2  1628.60    0.00    1.60   18.00    5.68    2.55    7.99
  522     157        2  1628.60    0.00    1.60   18.80    5.83    2.61    8.24
  523     158        2  1628.60    0.00    1.60   19.10    5.99    2.67    8.48
  524     159        2  1628.60    0.00    1.60   17.40    6.13    2.73    8.68
  525     160        2  1628.60    0.00    1.60   17.30    6.25    2.79    8.85
  526     161        2  1628.60    0.00    1.60   18.40    6.34    2.85    9.06
  527     162        2  1628.60    0.00    1.60   19.40    6.47    2.92    9.29
  528     163        2  1628.60    0.00    1.60   15.70    6.60    2.96    9.46
  529     164        2  1628.60    0.00    1.60   14.90    6.71    3.00    9.61
  530     165        2  1628.60    0.00    1.60   15.40    6.82    3.03    9.75
  531     166        2  1628.60    0.00    1.60   13.00    6.92    3.05    9.83
  532     167        2  1628.60    0.00    1.60   18.30    7.07    3.09    9.95
  533     168        2  1628.60    0.00    1.60   16.40    7.23    3.12   10.10
  534     169        2  1628.60    0.00    1.60   13.30    7.39    3.15   10.17
  535     170        2  1628.60    0.00    1.60   17.60    7.55    3.24   10.29
  536     171        2  1628.60    0.00    1.60   20.40    7.74    3.33   10.50
  537     172        2  1628.60    0.00    1.60   20.60    7.95    3.40   10.74
  538     173        2  2035.75    0.00    2.00   19.30    8.15    3.48   10.95
  539     174        2  2035.75    0.00    2.00   17.60    8.37    3.55   11.12
  540     175        2  2035.75    0.00    2.00   19.10    8.57    3.60   11.27
  541     176        2  2035.75    0.00    2.00   22.50    8.76    3.69   11.45
  542     177        2  2035.75    0.00    2.00   23.50    8.96    3.80   11.67
  543     178        2  2035.75    0.00    2.00   23.10    9.16    3.91   11.88
  544     179        2  2035.75    0.00    2.00   23.20    9.36    4.03   12.08
  545     180        2  2035.75    0.00    2.00   22.70    9.57    4.14   12.27
  546     181        2  2035.75    0.00    2.00   19.80    9.76    4.23   12.42
  547     182        2  2035.75    0.00    2.00   15.60    9.92    4.30   12.51
  548     183        2  2035.75    0.00    2.00   15.70   10.10    4.36   12.57
  549     184        2  2035.75    0.00    2.00   15.50   10.22    4.42   12.63
  550     185        2  2035.75    0.00    2.00   15.40   10.33    4.46   12.70
  551     186        2  2035.75    0.00    2.00   13.60   10.42    4.49   12.75
  552     187        2  2035.75    0.00    2.00   14.50   10.50    4.54   12.76
  553     188        2  2035.75    0.00    2.00   14.30   10.57    4.60   12.78
  554     189        2  2035.75    0.00    2.00   14.70   10.65    4.66   12.82
  555     190        2  2035.75    0.00    2.00   11.90   10.70    4.70   12.85
  556     191        2  2035.75    0.00    2.00   14.60   10.77    4.77   12.89
  557     192        2  2035.75    0.00    2.00   12.90   10.85    4.81   12.93
  558     193        2  2035.75    0.00    2.00   14.20   10.91    4.86   12.95
  559     194        2  2035.75    0.00    2.00   13.30   10.93    4.92   12.98
  560     195        2  2035.75    0.00    2.00   13.50   11.00    4.96   13.02
  561     196        2  2035.75    0.00    2.00   16.00   11.12    5.01   13.07
  562     197        2  2035.75    0.00    2.00   16.20   11.24    5.07   13.13
  563     198        2  2035.75    0.00    2.00   17.30   11.36    5.13   13.20
  564     199        2  2035.75    0.00    2.00   20.00   11.48    5.20   13.32
  565     200        2  2035.75    0.00    2.00   19.50   11.65    5.27   13.44
  566     201        2  2035.75    0.00    2.00   20.50   11.81    5.34   13.56
  567     202        2  2035.75    0.00    2.00   19.50   11.97    5.41   13.67
  568     203        2  2035.75    0.00    2.00   13.90   12.09    5.46   13.72
  569     204        2  2035.75    0.00    2.00   14.30   12.19    5.54   13.75
  570     205        2  2035.75    0.00    2.00   12.80   12.27    5.60   13.78
  571     206        2  2035.75    0.00    2.00   14.40   12.37    5.69   13.81
  572     207        2  2035.75    0.00    2.00   15.20   12.49    5.74   13.86
  573     208        2  2035.75    0.00    2.00   17.20   12.63    5.81   13.93
  574     209        2  2035.75    0.00    2.00   18.80   12.80    5.88   14.02
  575     210        2  2035.75    0.00    2.00   16.10   12.93    5.95   14.08
  576     211        2  2035.75    0.00    2.00   15.60   13.04    6.02   14.11
  577     212        2  2035.75    0.00    2.00   16.00   13.13    6.10   14.15
  578     213        2  2035.75    0.00    2.00   16.90   13.22    6.18   14.19
  579     214        2  2035.75    0.00    2.00   18.10   13.34    6.27   14.27
  580     215        2  2035.75    0.00    2.00   19.10   13.45    6.36   14.36
  581     216        2  2035.75    0.00    2.00   17.50   13.55    6.45   14.43
  582     217        2  2035.75    0.00    2.00   15.90   13.68    6.53   14.49
  583     218        2  2035.75    0.00    2.00   15.60   13.80    6.61   14.53
  584     219        2  2035.75    0.00    2.00   19.70   13.97    6.71   14.59
  585     220        2  2035.75    0.00    2.00   21.70   14.17    6.82   14.71
  586     221        2  2035.75    0.00    2.00   22.70   14.37    6.94   14.85
  587     222        2  2035.75    0.00    2.00   18.30   14.51    7.04   14.96
  588     223        2  2035.75    0.00    2.00   15.80   14.63    7.13   15.03
  589     224        2  2035.75    0.00    2.00   14.90   14.74    7.23   15.07
  590     225        2  2035.75    0.00    2.00   19.20   14.89    7.37   15.13
  591     226        2  2035.75    0.00    2.00   18.60   15.03    7.47   15.22
  592     227        2  2035.75    0.00    2.00   20.30   15.17    7.59   15.30
  593     228        2  2035.75    0.00    2.00   21.90   15.32    7.70   15.41
  594     229        2  2035.75    0.00    2.00   20.30   15.46    7.80   15.53
  595     230        2  2035.75    0.00    2.00   19.90   15.61    7.89   15.62
  596     231        2  2035.75    0.00    2.00   20.80   15.78    7.98   15.71
  597     232        2  2035.75    0.00    2.00   20.90   15.95    8.07   15.81
  598     233        2  2035.75    0.00    2.00   19.40   16.08    8.15   15.90
  599     234        2  2035.75    0.00    2.00   19.80   16.21    8.26   15.96
  600     235        2  2035.75    0.00    2.00   20.60   16.29    8.36   16.03
  601     236        2  2035.75    0.00    2.00   18.30   16.32    8.46   16.08
  602     237        2  2035.75    0.00    2.00   15.90   16.32    8.57   16.10
  603     238        2  1150.20    0.00    1.13   13.20   16.28    8.66   16.09
  604     239        2  1150.20    0.00    1.13   13.00   16.28    8.74   16.05
  605     240        2  1150.20    0.00    1.13   12.40   16.30    8.86   16.00
  606     241        2  1150.20    0.00    1.13   12.10   16.31    8.98   15.93
  607     242        2  1150.20    0.00    1.13   12.40   16.33    9.10   15.84
  608     243        2  1150.20    0.00    1.13   13.70   16.35    9.20   15.77
  609     244        2  1150.20    0.00    1.13   10.80   16.33    9.28   15.69
  610     245        2  1150.20    0.00    1.13   13.40   16.34    9.39   15.64
  611     246        2  1150.20    0.00    1.13   11.50   16.36    9.50   15.59
  612     247        2  1150.20    0.00    1.13   15.90   16.40    9.62   15.54
  613     248        2  1150.20    0.00    1.13   15.60   16.47    9.76   15.54
  614     249        2  1150.20    0.00    1.13   14.40   16.53    9.89   15.55
  615     250        2  1150.20    0.00    1.13   12.70   16.54   10.04   15.54
  616     251        2  1150.20    0.00    1.13   12.20   16.57   10.17   15.51
  617     252        2  1150.20    0.00    1.13   14.10   16.64   10.30   15.49
  618     253        2  1150.20    0.00    1.13   13.00   16.66   10.42   15.45
  619     254        2  1150.20    0.00    1.13   10.50   16.64   10.51   15.38
  620     255        2  1150.20    0.00    1.13   10.90   16.61   10.58   15.32
  621     256        2  1150.20    0.00    1.13   13.20   16.61   10.70   15.25
  622     257        2  1150.20    0.00    1.13   12.90   16.61   10.81   15.22
  623     258        2  1150.20    0.00    1.13   14.70   16.61   10.90   15.21
  624     259        2  1150.20    0.00    1.13   13.70   16.59   10.99   15.18
  625     260        2  1150.20    0.00    1.13   12.90   16.56   11.05   15.13
  626     261        2  1150.20    0.00    1.13    9.51   16.48   11.08   15.05
  627     262        2  1150.20    0.00    1.13   11.10   16.41   11.12   14.98
  628     263        2  1150.20    0.00    1.13    8.37   16.31   11.15   14.91
  629     264        2  1150.20    0.00    1.13    8.07   16.22   11.17   14.77
  630     265        2  1150.20    0.00    1.13   13.40   16.18   11.21   14.68
  631     266        2  1150.20    0.00    1.13   13.40   16.13   11.24   14.68
  632     267        2  1150.20    0.00    1.13   12.90   16.07   11.27   14.68
  633     268        2  1150.20    0.00    1.13   14.40   16.06   11.33   14.68
  634     269        2  1150.20    0.00    1.13   12.20   16.03   11.37   14.68
  635     270        2  1150.20    0.00    1.13   14.30   16.02   11.42   14.66
  636     271        2  1150.20    0.00    1.13   12.70   16.02   11.47   14.63
  637     272        2  1150.20    0.00    1.13   12.20   15.96   11.52   14.57
  638     273        2  1150.20    0.00    1.13   12.90   15.93   11.58   14.51
  639     274        2  1150.20    0.00    1.13   13.20   15.93   11.66   14.49
  640     275        2  1150.20    0.00    1.13   11.70   15.87   11.71   14.45
  641     276        2  1150.20    0.00    1.13   13.10   15.80   11.77   14.41
  642     277        2  1150.20    0.00    1.13   12.70   15.73   11.84   14.39
  643     278        2  1150.20    0.00    1.13   13.70   15.67   11.91   14.36
  644     279        2  1150.20    0.00    1.13   14.10   15.64   12.00   14.36
  645     280        2  1150.20    0.00    1.13   12.90   15.58   12.07   14.35
  646     281        2  1150.20    0.00    1.13   13.10   15.49   12.13   14.32
  647     282        2  1150.20    0.00    1.13   12.10   15.38   12.17   14.29
  648     283        2  1150.20    0.00    1.13   10.30   15.26   12.21   14.23
  649     284        2  1150.20    0.00    1.13    8.55   15.12   12.24   14.12
  650     285        2  1150.20    0.00    1.13    7.65   14.98   12.27   13.99
  651     286        2  1150.20    0.00    1.13    7.19   14.86   12.31   13.85
  652     287        2  1150.20    0.00    1.13    6.15   14.77   12.35   13.68
  653     288        2  1150.20    0.00    1.13    6.31   14.68   12.39   13.52
  654     289        2  1150.20    0.00    1.13    6.52   14.59   12.41   13.36
  655     290        2  1150.20    0.00    1.13    5.62   14.50   12.42   13.20
  656     291        2  1150.20    0.00    1.13    6.54   14.43   12.43   13.06
  657     292        2  1150.20    0.00    1.13    2.31   14.32   12.41   12.88
  658     293        2  1150.20    0.00    1.13    1.62   14.20   12.38   12.64
  659     294        2  1150.20    0.00    1.13    0.80   14.06   12.35   12.39
  660     295        2  1150.20    0.00    1.13    8.47   14.03   12.36   12.22
  661     296        2  1150.20    0.00    1.13   10.60   13.99   12.38   12.17
  662     297        2  1150.20    0.00    1.13    3.65   13.90   12.38   12.06
  663     298        2  1150.20    0.00    1.13    0.89   13.78   12.34   11.83
  664     299        2  1150.20    0.00    1.13    7.93   13.73   12.33   11.67
  665     300        2  1150.20    0.00    1.13   10.50   13.70   12.35   11.62
  666     301        2  1150.20    0.00    1.13    9.36   13.63   12.38   11.60
  667     302        2  2127.36    0.00    2.09    7.71   13.55   12.40   11.55
  668     303        2  2127.36    0.00    2.09    5.48   13.44   12.40   11.49
  669     304        2  2127.36    0.00    2.09    1.63   13.27   12.37   11.39
  670     305        2  2127.36    0.00    2.09    5.27   13.13   12.39   11.30
  671     306        2  2127.36    0.00    2.09    9.44   13.03   12.42   11.25
  672     307        2  2127.36    0.00    2.09   12.80   12.96   12.47   11.26
  673     308        2  2127.36    0.00    2.09    9.79   12.92   12.51   11.27
  674     309        2  2127.36    0.00    2.09    5.61   12.84   12.51   11.23
  675     310        2  2127.36    0.00    2.09    7.16   12.79   12.53   11.19
  676     311        2  2127.36    0.00    2.09    7.95   12.72   12.55   11.15
  677     312        2  2127.36    0.00    2.09    7.95   12.66   12.57   11.12
  678     313        2  2127.36    0.00    2.09    6.25   12.55   12.59   11.08
  679     314        2  2127.36    0.00    2.09    5.05   12.42   12.61   11.02
  680     315        2  2127.36    0.00    2.09    3.98   12.30   12.62   10.94
  681     316        2  2127.36    0.00    2.09    6.07   12.21   12.62   10.87
  682     317        2  2127.36    0.00    2.09    5.30   12.11   12.62   10.81
  683     318        2  2127.36    0.00    2.09    6.58   12.01   12.62   10.75
  684     319        2  2127.36    0.00    2.09    7.00   11.91   12.62   10.71
  685     320        2  2127.36    0.00    2.09    7.63   11.80   12.63   10.67
  686     321        2  2127.36    0.00    2.09    9.99   11.73   12.64   10.66
  687     322        2  2127.36    0.00    2.09    8.66   11.66   12.67   10.65
  688     323        2  2127.36    0.00    2.09   11.50   11.62   12.71   10.66
  689     324        2  2127.36    0.00    2.09    5.96   11.49   12.73   10.64
  690     325        2  2127.36    0.00    2.09   -0.44   11.28   12.72   10.54
  691     326        2  2127.36    0.00    2.09    1.90   11.08   12.72   10.42
  692     327        2  2127.36    0.00    2.09    5.53   10.96   12.74   10.35
  693     328        2  2127.36    0.00    2.09    2.80   10.83   12.73   10.28
  694     329        2  2127.36    0.00    2.09    2.16   10.71   12.73   10.19
  695     330        2  2127.36    0.00    2.09    7.45   10.60   12.75   10.12
  696     331        2  2127.36    0.00    2.09    5.18   10.47   12.75   10.08
  697     332        2  2127.36    0.00    2.09   -1.01   10.27   12.72    9.99
  698     333        2  2127.36    0.00    2.09    0.30   10.06   12.69    9.86
  699     334        2  2127.36    0.00    2.09   -1.28    9.86   12.66    9.73
  700     335        2  2127.36    0.00    2.09   -0.82    9.66   12.64    9.60
  701     336        2  2127.36    0.00    2.09    1.63    9.48   12.63    9.49
  702     337        2  2127.36    0.00    2.09    1.42    9.29   12.62    9.39
  703     338        2  2127.36    0.00    2.09    2.42    9.13   12.60    9.30
  704     339        2  2127.36    0.00    2.09    3.24    8.97   12.59    9.23
  705     340        2  2127.36    0.00    2.09    5.76    8.83   12.56    9.18
  706     341        2  2127.36    0.00    2.09    7.10    8.73   12.52    9.15
  707     342        2  2127.36    0.00    2.09    4.73    8.62   12.47    9.12
  708     343        2  2127.36    0.00    2.09    2.77    8.52   12.40    9.06
  709     344        2  2127.36    0.00    2.09    1.98    8.42   12.35    8.98
  710     345        2  2127.36    0.00    2.09    1.87    8.31   12.31    8.90
  711     346        2  2127.36    0.00    2.09    1.66    8.22   12.26    8.81
  712     347        2  2127.36    0.00    2.09    4.28    8.14   12.23    8.75
  713     348        2  2127.36    0.00    2.09    2.65    8.03   12.19    8.69
  714     349        2  2127.36    0.00    2.09    0.75    7.94   12.14    8.61
  715     350        2  2127.36    0.00    2.09    5.41    7.86   12.10    8.55
  716     351        2  2127.36    0.00    2.09    4.84    7.80   12.08    8.51
  717     352        2  2127.36    0.00    2.09    3.28    7.68   12.04    8.46
  718     353        2  2127.36    0.00    2.09    4.60    7.57   12.02    8.42
  719     354        2  2127.36    0.00    2.09    6.02    7.49   12.01    8.39
  720     355        2  2127.36    0.00    2.09    5.60    7.43   11.98    8.37
  721     356        2  2127.36    0.00    2.09    6.16    7.37   11.97    8.35
  722     357        2  2127.36    0.00    2.09    4.42    7.28   11.96    8.32
  723     358        2  2127.36    0.00    2.09    2.92    7.18   11.92    8.27
  724     359        2  2127.36    0.00    2.09   -1.91    7.06   11.85    8.18
  725     360        2  2127.36    0.00    2.09   -0.83    6.95   11.78    8.07
  726     361        2  2127.36    0.00    2.09   -3.49    6.79   11.70    7.94
  727     362        2  2127.36    0.00    2.09    3.25    6.70   11.65    7.85
  728     363        2  2127.36    0.00    2.09    3.42    6.59   11.60    7.80
  729     364        2  2127.36    0.00    2.09    3.88    6.50   11.54    7.76
  730     365        2  3053.63    0.00    3.00    1.42    6.39   11.48    7.70
  731       1        3  3053.63    0.00    3.00    0.13    6.30   11.39    7.64
  732       2        3  3053.63    0.00    3.00    0.63    6.20   11.30    7.58
  733       3        3  3053.63    0.00    3.00   -0.76    6.11   11.21    7.52
  734       4        3  3053.63    0.00    3.00   -0.13    6.03   11.13    7.45
  735       5        3  3053.63    0.00    3.00   -0.56    5.90   11.04    7.38
  736       6        3  3053.63    0.00    3.00   -1.87    5.76   10.94    7.31
  737       7        3  3053.63    0.00    3.00   -0.74    5.63   10.85    7.23
  738       8        3  3053.63    0.00    3.00   -0.19    5.49   10.77    7.17
  739       9        3  3053.63    0.00    3.00   -2.27    5.35   10.69    7.10
  740      10        3  3053.63    0.00    3.00   -1.53    5.20   10.61    7.02
  741      11        3  3053.63    0.00    3.00   -1.90    5.06   10.54    6.94
  742      12        3  3053.63    0.00    3.00   -3.19    4.91   10.44    6.86
  743      13        3  3053.63    0.00    3.00   -3.35    4.76   10.34    6.77
  744      14        3  3053.63    0.00    3.00   -4.47    4.59   10.26    6.68
  745      15        3  3053.63    0.00    3.00  -10.20    4.38   10.13    6.55
  746      16        3  3053.63    0.00    3.00   -3.91    4.22   10.01    6.42
  747      17        3  3053.63    0.00    3.00   -3.05    4.07    9.90    6.34
  748      18        3  3053.63    0.00    3.00   -1.67    3.92    9.80    6.26
  749      19        3  3053.63    0.00    3.00   -1.51    3.77    9.71    6.19
  750      20        3  3053.63    0.00    3.00    0.34    3.65    9.62    6.14
  751      21        3  3053.63    0.00    3.00    2.02    3.55    9.52    6.10
  752      22        3  3053.63    0.00    3.00    1.96    3.45    9.42    6.06
  753      23        3  3053.63    0.00    3.00    3.00    3.38    9.32    6.04
  754      24        3  3053.63    0.00    3.00   -1.90    3.28    9.20    6.00
  755      25        3  3053.63    0.00    3.00   -0.95    3.20    9.09    5.93
  756      26        3  3053.63    0.00    3.00   -3.49    3.10    8.98    5.86
  757      27        3  3053.63    0.00    3.00   -7.17    2.97    8.87    5.76
  758      28        3  3053.63    0.00    3.00   -4.99    2.87    8.77    5.65
  759      29        3  3053.63    0.00    3.00   -4.31    2.76    8.68    5.56
  760      30        3  3053.63    0.00    3.00  -12.10    2.59    8.55    5.43
  761      31        3  3053.63    0.00    3.00  -14.30    2.40    8.41    5.26
  762      32        3  3053.63    0.00    3.00  -11.20    2.27    8.29    5.10
  763      33        3  3053.63    0.00    3.00   -7.32    2.18    8.19    4.97
  764      34        3  3053.63    0.00    3.00   -7.08    2.11    8.08    4.86
  765      35        3  3053.63    0.00    3.00   -9.35    1.94    7.98    4.74
  766      36        3  3053.63    0.00    3.00  -10.90    1.73    7.86    4.61
  767      37        3  3053.63    0.00    3.00  -10.50    1.60    7.75    4.47
  768      38        3  3053.63    0.00    3.00  -14.30    1.45    7.61    4.32
  769      39        3  3053.63    0.00    3.00  -12.80    1.25    7.49    4.16
  770      40        3  3053.63    0.00    3.00  -17.20    0.99    7.34    3.99
  771      41        3  3053.63    0.00    3.00  -15.40    0.76    7.19    3.81
  772      42        3  3053.63    0.00    3.00  -14.20    0.55    7.05    3.63
  773      43        3  3053.63    0.00    3.00  -11.40    0.39    6.91    3.49
  774      44        3  3053.63    0.00    3.00   -9.19    0.28    6.77    3.37
  775      45        3  3053.63    0.00    3.00   -4.32    0.19    6.66    3.29
  776      46        3  3053.63    0.00    3.00  -10.40    0.00    6.51    3.20
  777      47        3  3053.63    0.00    3.00   -9.96   -0.21    6.37    3.09
  778      48        3  3053.63    0.00    3.00   -4.58   -0.35    6.29    3.00
  779      49        3  3053.63    0.00    3.00   -4.90   -0.45    6.19    2.94
  780      50        3  3053.63    0.00    3.00    0.31   -0.52    6.13    2.90
  781      51        3  3053.63    0.00    3.00    2.10   -0.57    6.08    2.89
  782      52        3  3053.63    0.00    3.00    3.37   -0.62    6.02    2.90
  783      53        3  3053.63    0.00    3.00    2.15   -0.65    5.95    2.91
  784      54        3  3053.63    0.00    3.00    2.42   -0.68    5.87    2.92
  785      55        3  3053.63    0.00    3.00    5.28   -0.67    5.82    2.93
  786      56        3  3053.63    0.00    3.00    8.64   -0.64    5.79    2.98
  787      57        3  3053.63    0.00    3.00    5.76   -0.64    5.74    3.04
  788      58        3  3053.63    0.00    3.00    2.15   -0.68    5.67    3.06
  789      59        3  3053.63    0.00    3.00    3.62   -0.71    5.60    3.08
  790      60        3  3053.63    0.00    3.00    3.07   -0.76    5.52    3.10
  791      61        3  3735.61    0.00    3.67    3.08   -0.82    5.45    3.12
  792      62        3  3735.61    0.00    3.67    2.35   -0.88    5.39    3.14
  793      63        3  3735.61    0.00    3.67   -1.00   -1.00    5.31    3.13
  794      64        3  3735.61    0.00    3.67   -3.36   -1.09    5.20    3.10
  795      65        3  3735.61    0.00    3.67    1.65   -1.07    5.10    3.09
  796      66        3  3735.61    0.00    3.67   -0.44   -1.09    4.99    3.08
  797      67        3  3735.61    0.00    3.67   -0.88   -1.15    4.90    3.06
  798      68        3  3735.61    0.00    3.67   -1.76   -1.20    4.82    3.04
  799      69        3  3735.61    0.00    3.67   -5.37   -1.27    4.72    2.99
  800      70        3  3735.61    0.00    3.67   -1.65   -1.36    4.62    2.94
  801      71        3  3735.61    0.00    3.67    1.73   -1.39    4.54    2.93
  802      72        3  3735.61    0.00    3.67    3.08   -1.35    4.46    2.93
  803      73        3  3735.61    0.00    3.67    1.80   -1.34    4.36    2.94
  804      74        3  3735.61    0.00    3.67    1.88   -1.30    4.28    2.94
  805      75        3  3735.61    0.00    3.67    0.96   -1.29    4.19    2.94
  806      76        3  3735.61    0.00    3.67   -0.37   -1.31    4.09    2.93
  807      77        3  3735.61    0.00    3.67   -1.41   -1.33    3.98    2.91
  808      78        3  3735.61    0.00    3.67   -2.34   -1.38    3.88    2.89
  809      79        3  3735.61    0.00    3.67    2.65   -1.38    3.79    2.88
  810      80        3  3735.61    0.00    3.67    3.33   -1.41    3.71    2.90
  811      81        3  3735.61    0.00    3.67    4.03   -1.44    3.64    2.92
  812      82        3  3735.61    0.00    3.67    6.68   -1.42    3.60    2.96
  813      83        3  3735.61    0.00    3.67    7.06   -1.38    3.57    3.01
  814      84        3  3735.61    0.00    3.67    6.62   -1.33    3.54    3.06
  815      85        3  3735.61    0.00    3.67    6.45   -1.29    3.51    3.11
  816      86        3  3735.61    0.00    3.67    7.14   -1.24    3.49    3.15
  817      87        3  3735.61    0.00    3.67    4.45   -1.24    3.45    3.19
  818      88        3  3735.61    0.00    3.67    8.21   -1.18    3.42    3.22
  819      89        3  3735.61    0.00    3.67   10.80   -1.09    3.42    3.28
  820      90        3  3735.61    0.00    3.67    5.88   -1.08    3.39    3.33
  821      91        3  3735.61    0.00    3.67    3.55   -1.10    3.35    3.35
  822      92        3  3735.61    0.00    3.67    3.70   -1.09    3.29    3.37
  823      93        3  3735.61    0.00    3.67    5.08   -1.09    3.24    3.40
  824      94        3  3735.61    0.00    3.67    6.60   -1.08    3.21    3.45
  825      95        3  3735.61    0.00    3.67    2.11   -1.11    3.16    3.47
  826      96        3  3735.61    0.00    3.67    3.40   -1.14    3.11    3.48
  827      97        3  3735.61    0.00    3.67    3.07   -1.15    3.06    3.50
  828      98        3  3735.61    0.00    3.67    1.28   -1.17    3.01    3.51
  829      99        3  3735.61    0.00    3.67    4.12   -1.11    2.97    3.52
  830     100        3  3735.61    0.00    3.67    4.18   -1.06    2.94    3.55
  831     101        3  3735.61    0.00    3.67    3.23   -1.00    2.90    3.57
  832     102        3  3735.61    0.00    3.67    2.96   -1.00    2.85    3.58
  833     103        3  3735.61    0.00    3.67    2.29   -1.01    2.79    3.58
  834     104        3  3735.61    0.00    3.67    1.39   -1.04    2.73    3.58
  835     105        3  3735.61    0.00    3.67    2.40   -1.03    2.68    3.60
  836     106        3  3735.61    0.00    3.67    4.49   -0.99    2.66    3.62
  837     107        3  3735.61    0.00    3.67    6.48   -0.93    2.63    3.67
  838     108        3  3735.61    0.00    3.67    6.48   -0.86    2.63    3.72
  839     109        3  3735.61    0.00    3.67    6.22   -0.80    2.62    3.77
  840     110        3  3735.61    0.00    3.67    7.10   -0.73    2.59    3.83
  841     111        3  3735.61    0.00    3.67    7.52   -0.64    2.56    3.88
  842     112        3  3735.61    0.00    3.67    1.53   -0.62    2.50    3.90
  843     113        3  3735.61    0.00    3.67    3.52   -0.58    2.45    3.90
  844     114        3  3735.61    0.00    3.67    1.88   -0.54    2.40    3.90
  845     115        3  3735.61    0.00    3.67    0.99   -0.52    2.34    3.89
  846     116        3  3735.61    0.00    3.67    1.74   -0.48    2.29    3.88
  847     117        3  3735.61    0.00    3.67    2.71   -0.43    2.24    3.89
  848     118        3  3735.61    0.00    3.67    3.22   -0.37    2.20    3.90
  849     119        3  3735.61    0.00    3.67    3.48   -0.29    2.15    3.91
  850     120        3  3735.61    0.00    3.67    3.42   -0.16    2.11    3.93
  851     121        3  3735.61    0.00    3.67    3.76   -0.09    2.07    3.95
  852     122        3  3735.61    0.00    3.67    6.16    0.00    2.04    3.98
  853     123        3  3735.61    0.00    3.67    5.55    0.07    2.00    4.02
  854     124        3  3735.61    0.00    3.67    6.52    0.15    1.96    4.06
  855     125        3  3735.61    0.00    3.67    3.37    0.18    1.91    4.08
  856     126        3  3735.61    0.00    3.67    3.10    0.19    1.87    4.07
  857     127        3  3735.61    0.00    3.67    3.17    0.20    1.82    4.07
  858     128        3  1801.64    0.00    1.77    6.07    0.23    1.80    4.12
  859     129        3  1801.64    0.00    1.77    5.90    0.30    1.79    4.19
  860     130        3  1801.64    0.00    1.77   12.50    0.43    1.82    4.29
  861     131        3  1801.64    0.00    1.77   15.40    0.61    1.85    4.48
  862     132        3  1801.64    0.00    1.77   15.60    0.83    1.90    4.71
  863     133        3  1801.64    0.00    1.77   17.60    1.04    1.95    4.97
  864     134        3  1801.64    0.00    1.77   13.00    1.21    1.98    5.18
  865     135        3  1801.64    0.00    1.77    9.62    1.41    2.00    5.29
  866     136        3  1801.64    0.00    1.77   10.90    1.65    2.02    5.38
  867     137        3  1801.64    0.00    1.77   10.90    1.86    2.06    5.48
  868     138        3  1801.64    0.00    1.77   11.50    2.04    2.11    5.61
  869     139        3  1801.64    0.00    1.77   12.50    2.23    2.17    5.76
  870     140        3  1801.64    0.00    1.77   12.50    2.44    2.19    5.92
  871     141        3  1801.64    0.00    1.77    9.93    2.63    2.18    6.05
  872     142        3  1801.64    0.00    1.77   11.20    2.84    2.22    6.16
  873     143        3  1801.64    0.00    1.77    8.07    3.05    2.25    6.25
  874     144        3  1801.64    0.00    1.77    8.70    3.26    2.26    6.29
  875     145        3  3644.00    0.00    3.58   11.80    3.54    2.26    6.36
  876     146        3  3644.00    0.00    3.58    9.02    3.77    2.26    6.41
  877     147        3  1628.60    0.00    1.60    6.45    3.96    2.26    6.41
  878     148        3  1628.60    0.00    1.60   11.30    4.18    2.28    6.49
  879     149        3  1628.60    0.00    1.60   12.10    4.38    2.33    6.66
  880     150        3  1628.60    0.00    1.60   13.60    4.55    2.37    6.85
  881     151        3  1628.60    0.00    1.60   13.60    4.78    2.39    7.02
  882     152        3  1628.60    0.00    1.60   13.00    5.00    2.39    7.18
  883     153        3  1628.60    0.00    1.60   14.90    5.19    2.42    7.36
  884     154        3  1628.60    0.00    1.60   15.40    5.38    2.46    7.56
  885     155        3  1628.60    0.00    1.60   15.90    5.53    2.51    7.76
  886     156        3  1628.60    0.00    1.60   18.00    5.68    2.55    7.99
  887     157        3  1628.60    0.00    1.60   18.80    5.83    2.61    8.24
  888     158        3  1628.60    0.00    1.60   19.10    5.99    2.67    8.48
  889     159        3  1628.60    0.00    1.60   17.40    6.13    2.73    8.68
  890     160        3  1628.60    0.00    1.60   17.30    6.25    2.79    8.85
  891     161        3  1628.60    0.00    1.60   18.40    6.34    2.85    9.06
  892     162        3  1628.60    0.00    1.60   19.40    6.47    2.92    9.29
  893     163        3  1628.60    0.00    1.60   15.70    6.60    2.96    9.46
  894     164        3  1628.60    0.00    1.60   14.90    6.71    3.00    9.61
  895     165        3  1628.60    0.00    1.60   15.40    6.82    3.03    9.75
  896     166        3  1628.60    0.00    1.60   13.00    6.92    3.05    9.83
  897     167        3  1628.60    0.00    1.60   18.30    7.07    3.09    9.95
  898     168        3  1628.60    0.00    1.60   16.40    7.23    3.12   10.10
  899     169        3  1628.60    0.00    1.60   13.30    7.39    3.15   10.17
  900     170        3  1628.60    0.00    1.60   17.60    7.55    3.24   10.29
  901     171        3  1628.60    0.00    1.60   20.40    7.74    3.33   10.51
  902     172        3  1628.60    0.00    1.60   20.60    7.95    3.40   10.74
  903     173        3  2035.75    0.00    2.00   19.30    8.15    3.48   10.95
  904     174        3  2035.75    0.00    2.00   17.60    8.37    3.55   11.12
  905     175        3  2035.75    0.00    2.00   19.10    8.57    3.60   11.27
  906     176        3  2035.75    0.00    2.00   22.50    8.76    3.69   11.45
  907     177        3  2035.75    0.00    2.00   23.50    8.96    3.80   11.67
  908     178        3  2035.75    0.00    2.00   23.10    9.16    3.91   11.88
  909     179        3  2035.75    0.00    2.00   23.20    9.36    4.03   12.08
  910     180        3  2035.75    0.00    2.00   22.70    9.57    4.14   12.27
  911     181        3  2035.75    0.00    2.00   19.80    9.76    4.23   12.42
  912     182        3  2035.75    0.00    2.00   15.60    9.92    4.30   12.51
  913     183        3  2035.75    0.00    2.00   15.70   10.10    4.36   12.57
  914     184        3  2035.75    0.00    2.00   15.50   10.22    4.42   12.63
  915     185        3  2035.75    0.00    2.00   15.40   10.33    4.46   12.70
  916     186        3  2035.75    0.00    2.00   13.60   10.42    4.49   12.75
  917     187        3  2035.75    0.00    2.00   14.50   10.50    4.54   12.76
  918     188        3  2035.75    0.00    2.00   14.30   10.57    4.60   12.78
  919     189        3  2035.75    0.00    2.00   14.70   10.65    4.66   12.82
  920     190        3  2035.75    0.00    2.00   11.90   10.70    4.70   12.85
  921     191        3  2035.75    0.00    2.00   14.60   10.77    4.77   12.90
  922     192        3  2035.75    0.00    2.00   12.90   10.85    4.81   12.93
  923     193        3  2035.75    0.00    2.00   14.20   10.91    4.86   12.95
  924     194        3  2035.75    0.00    2.00   13.30   10.93    4.92   12.98
  925     195        3  2035.75    0.00    2.00   13.50   11.00    4.96   13.02
  926     196        3  2035.75    0.00    2.00   16.00   11.12    5.01   13.07
  927     197        3  2035.75    0.00    2.00   16.20   11.24    5.07   13.13
  928     198        3  2035.75    0.00    2.00   17.30   11.36    5.13   13.20
  929     199        3  2035.75    0.00    2.00   20.00   11.48    5.20   13.32
  930     200        3  2035.75    0.00    2.00   19.50   11.65    5.27   13.44
  931     201        3  2035.75    0.00    2.00   20.50   11.81    5.34   13.57
  932     202        3  2035.75    0.00    2.00   19.50   11.97    5.41   13.67
  933     203        3  2035.75    0.00    2.00   13.90   12.09    5.46   13.72
  934     204        3  2035.75    0.00    2.00   14.30   12.19    5.54   13.75
  935     205        3  2035.75    0.00    2.00   12.80   12.27    5.60   13.78
  936     206        3  2035.75    0.00    2.00   14.40   12.37    5.69   13.81
  937     207        3  2035.75    0.00    2.00   15.20   12.49    5.74   13.86
  938     208        3  2035.75    0.00    2.00   17.20   12.63    5.81   13.93
  939     209        3  2035.75    0.00    2.00   18.80   12.80    5.88   14.02
  940     210        3  2035.75    0.00    2.00   16.10   12.93    5.95   14.08
  941     211        3  2035.75    0.00    2.00   15.60   13.04    6.02   14.11
  942     212        3  2035.75    0.00    2.00   16.00   13.13    6.10   14.15
  943     213        3  2035.75    0.00    2.00   16.90   13.22    6.18   14.20
  944     214        3  2035.75    0.00    2.00   18.10   13.34    6.27   14.27
  945     215        3  2035.75    0.00    2.00   19.10   13.45    6.36   14.36
  946     216        3  2035.75    0.00    2.00   17.50   13.55    6.45   14.43
  947     217        3  2035.75    0.00    2.00   15.90   13.68    6.53   14.49
  948     218        3  2035.75    0.00    2.00   15.60   13.80    6.61   14.53
  949     219        3  2035.75    0.00    2.00   19.70   13.97    6.71   14.59
  950     220        3  2035.75    0.00    2.00   21.70   14.17    6.82   14.71
  951     221        3  2035.75    0.00    2.00   22.70   14.37    6.94   14.85
  952     222        3  2035.75    0.00    2.00   18.30   14.51    7.04   14.96
  953     223        3  2035.75    0.00    2.00   15.80   14.63    7.13   15.03
  954     224        3  2035.75    0.00    2.00   14.90   14.74    7.23   15.07
  955     225        3  2035.75    0.00    2.00   19.20   14.89    7.37   15.13
  956     226        3  2035.75    0.00    2.00   18.60   15.03    7.47   15.22
  957     227        3  2035.75    0.00    2.00   20.30   15.17    7.59   15.30
  958     228        3  2035.75    0.00    2.00   21.90   15.32    7.70   15.42
  959     229        3  2035.75    0.00    2.00   20.30   15.46    7.80   15.53
  960     230        3  2035.75    0.00    2.00   19.90   15.61    7.89   15.62
  961     231        3  2035.75    0.00    2.00   20.80   15.78    7.98   15.71
  962     232        3  2035.75    0.00    2.00   20.90   15.95    8.07   15.81
  963     233        3  2035.75    0.00    2.00   19.40   16.08    8.15   15.90
  964     234        3  2035.75    0.00    2.00   19.80   16.21    8.26   15.96
  965     235        3  2035.75    0.00    2.00   20.60   16.29    8.36   16.03
  966     236        3  2035.75    0.00    2.00   18.30   16.32    8.46   16.08
  967     237        3  2035.75    0.00    2.00   15.90   16.32    8.57   16.10
  968     238        3  1150.20    0.00    1.13   13.20   16.28    8.66   16.09
  969     239        3  1150.20    0.00    1.13   13.00   16.28    8.74   16.05
  970     240        3  1150.20    0.00    1.13   12.40   16.30    8.86   16.00
  971     241        3  1150.20    0.00    1.13   12.10   16.31    8.98   15.93
  972     242        3  1150.20    0.00    1.13   12.40   16.33    9.10   15.84
  973     243        3  1150.20    0.00    1.13   13.70   16.35    9.20   15.77
  974     244        3  1150.20    0.00    1.13   10.80   16.33    9.28   15.69
  975     245        3  1150.20    0.00    1.13   13.40   16.34    9.39   15.64
  976     246        3  1150.20    0.00    1.13   11.50   16.36    9.50   15.59
  977     247        3  1150.20    0.00    1.13   15.90   16.40    9.62   15.54
  978     248        3  1150.20    0.00    1.13   15.60   16.47    9.76   15.54
  979     249        3  1150.20    0.00    1.13   14.40   16.53    9.89   15.55
  980     250        3  1150.20    0.00    1.13   12.70   16.54   10.04   15.54
  981     251        3  1150.20    0.00    1.13   12.20   16.57   10.17   15.51
  982     252        3  1150.20    0.00    1.13   14.10   16.64   10.30   15.49
  983     253        3  1150.20    0.00    1.13   13.00   16.66   10.42   15.45
  984     254        3  1150.20    0.00    1.13   10.50   16.64   10.51   15.38
  985     255        3  1150.20    0.00    1.13   10.90   16.61   10.58   15.32
  986     256        3  1150.20    0.00    1.13   13.20   16.61   10.70   15.25
  987     257        3  1150.20    0.00    1.13   12.90   16.61   10.81   15.22
  988     258        3  1150.20    0.00    1.13   14.70   16.61   10.90   15.21
  989     259        3  1150.20    0.00    1.13   13.70   16.59   10.99   15.18
  990     260        3  1150.20    0.00    1.13   12.90   16.56   11.05   15.13
  991     261        3  1150.20    0.00    1.13    9.51   16.48   11.08   15.05
  992     262        3  1150.20    0.00    1.13   11.10   16.41   11.12   14.98
  993     263        3  1150.20    0.00    1.13    8.37   16.31   11.15   14.91
  994     264        3  1150.20    0.00    1.13    8.07   16.22   11.17   14.77
  995     265        3  1150.20    0.00    1.13   13.40   16.18   11.21   14.68
  996     266        3  1150.20    0.00    1.13   13.40   16.13   11.24   14.68
  997     267        3  1150.20    0.00    1.13   12.90   16.07   11.27   14.68
  998     268        3  1150.20    0.00    1.13   14.40   16.06   11.33   14.68
  999     269        3  1150.20    0.00    1.13   12.20   16.03   11.37   14.69
 1000     270        3  1150.20    0.00    1.13   14.30   16.02   11.42   14.66
 1001     271        3  1150.20    0.00    1.13   12.70   16.02   11.47   14.63
 1002     272        3  1150.20    0.00    1.13   12.20   15.96   11.52   14.57
 1003     273        3  1150.20    0.00    1.13   12.90   15.93   11.58   14.51
 1004     274        3  1150.20    0.00    1.13   13.20   15.93   11.66   14.49
 1005     275        3  1150.20    0.00    1.13   11.70   15.87   11.71   14.45
 1006     276        3  1150.20    0.00    1.13   13.10   15.80   11.77   14.41
 1007     277        3  1150.20    0.00    1.13   12.70   15.73   11.84   14.39
 1008     278        3  1150.20    0.00    1.13   13.70   15.67   11.91   14.36
 1009     279        3  1150.20    0.00    1.13   14.10   15.64   12.00   14.36
 1010     280        3  1150.20    0.00    1.13   12.90   15.58   12.07   14.35
 1011     281        3  1150.20    0.00    1.13   13.10   15.49   12.13   14.32
 1012     282        3  1150.20    0.00    1.13   12.10   15.38   12.17   14.29
 1013     283        3  1150.20    0.00    1.13   10.30   15.26   12.21   14.23
 1014     284        3  1150.20    0.00    1.13    8.55   15.12   12.24   14.12
 1015     285        3  1150.20    0.00    1.13    7.65   14.98   12.27   13.99
 1016     286        3  1150.20    0.00    1.13    7.19   14.86   12.31   13.85
 1017     287        3  1150.20    0.00    1.13    6.15   14.77   12.35   13.68
 1018     288        3  1150.20    0.00    1.13    6.31   14.68   12.39   13.52
 1019     289        3  1150.20    0.00    1.13    6.52   14.59   12.41   13.36
 1020     290        3  1150.20    0.00    1.13    5.62   14.50   12.42   13.20
 1021     291        3  1150.20    0.00    1.13    6.54   14.43   12.43   13.06
 1022     292        3  1150.20    0.00    1.13    2.31   14.32   12.41   12.88
 1023     293        3  1150.20    0.00    1.13    1.62   14.20   12.38   12.64
 1024     294        3  1150.20    0.00    1.13    0.80   14.06   12.35   12.39
 1025     295        3  1150.20    0.00    1.13    8.47   14.03   12.36   12.22
 1026     296        3  1150.20    0.00    1.13   10.60   13.99   12.38   12.17
 1027     297        3  1150.20    0.00    1.13    3.65   13.90   12.38   12.06
 1028     298        3  1150.20    0.00    1.13    0.89   13.78   12.34   11.83
 1029     299        3  1150.20    0.00    1.13    7.93   13.73   12.33   11.67
 1030     300        3  1150.20    0.00    1.13   10.50   13.70   12.35   11.62
 1031     301        3  1150.20    0.00    1.13    9.36   13.63   12.38   11.60
 1032     302        3  2127.36    0.00    2.09    7.71   13.55   12.40   11.55
 1033     303        3  2127.36    0.00    2.09    5.48   13.44   12.40   11.49
 1034     304        3  2127.36    0.00    2.09    1.63   13.27   12.37   11.39
 1035     305        3  2127.36    0.00    2.09    5.27   13.13   12.39   11.30
 1036     306        3  2127.36    0.00    2.09    9.44   13.03   12.42   11.25
 1037     307        3  2127.36    0.00    2.09   12.80   12.96   12.47   11.26
 1038     308        3  2127.36    0.00    2.09    9.79   12.92   12.51   11.27
 1039     309        3  2127.36    0.00    2.09    5.61   12.84   12.51   11.23
 1040     310        3  2127.36    0.00    2.09    7.16   12.79   12.53   11.19
 1041     311        3  2127.36    0.00    2.09    7.95   12.72   12.55   11.15
 1042     312        3  2127.36    0.00    2.09    7.95   12.66   12.57   11.12
 1043     313        3  2127.36    0.00    2.09    6.25   12.55   12.59   11.08
 1044     314        3  2127.36    0.00    2.09    5.05   12.42   12.61   11.02
 1045     315        3  2127.36    0.00    2.09    3.98   12.30   12.62   10.94
 1046     316        3  2127.36    0.00    2.09    6.07   12.21   12.62   10.87
 1047     317        3  2127.36    0.00    2.09    5.30   12.11   12.62   10.81
 1048     318        3  2127.36    0.00    2.09    6.58   12.01   12.62   10.75
 1049     319        3  2127.36    0.00    2.09    7.00   11.91   12.62   10.71
 1050     320        3  2127.36    0.00    2.09    7.63   11.80   12.63   10.67
 1051     321        3  2127.36    0.00    2.09    9.99   11.73   12.64   10.66
 1052     322        3  2127.36    0.00    2.09    8.66   11.66   12.67   10.65
 1053     323        3  2127.36    0.00    2.09   11.50   11.62   12.71   10.66
 1054     324        3  2127.36    0.00    2.09    5.96   11.49   12.73   10.64
 1055     325        3  2127.36    0.00    2.09   -0.44   11.28   12.72   10.54
 1056     326        3  2127.36    0.00    2.09    1.90   11.08   12.72   10.42
 1057     327        3  2127.36    0.00    2.09    5.53   10.96   12.74   10.35
 1058     328        3  2127.36    0.00    2.09    2.80   10.83   12.73   10.28
 1059     329        3  2127.36    0.00    2.09    2.16   10.71   12.73   10.19
 1060     330        3  2127.36    0.00    2.09    7.45   10.60   12.75   10.12
 1061     331        3  2127.36    0.00    2.09    5.18   10.47   12.75   10.08
 1062     332        3  2127.36    0.00    2.09   -1.01   10.27   12.72    9.99
 1063     333        3  2127.36    0.00    2.09    0.30   10.06   12.69    9.86
 1064     334        3  2127.36    0.00    2.09   -1.28    9.86   12.66    9.73
 1065     335        3  2127.36    0.00    2.09   -0.82    9.66   12.64    9.60
 1066     336        3  2127.36    0.00    2.09    1.63    9.48   12.63    9.49
 1067     337        3  2127.36    0.00    2.09    1.42    9.29   12.62    9.39
 1068     338        3  2127.36    0.00    2.09    2.42    9.13   12.60    9.30
 1069     339        3  2127.36    0.00    2.09    3.24    8.97   12.59    9.23
 1070     340        3  2127.36    0.00    2.09    5.76    8.83   12.56    9.18
 1071     341        3  2127.36    0.00    2.09    7.10    8.73   12.52    9.15
 1072     342        3  2127.36    0.00    2.09    4.73    8.62   12.47    9.12
 1073     343        3  2127.36    0.00    2.09    2.77    8.52   12.40    9.06
 1074     344        3  2127.36    0.00    2.09    1.98    8.42   12.35    8.98
 1075     345        3  2127.36    0.00    2.09    1.87    8.31   12.31    8.90
 1076     346        3  2127.36    0.00    2.09    1.66    8.22   12.26    8.81
 1077     347        3  2127.36    0.00    2.09    4.28    8.14   12.23    8.75
 1078     348        3  2127.36    0.00    2.09    2.65    8.03   12.19    8.69
 1079     349        3  2127.36    0.00    2.09    0.75    7.94   12.14    8.61
 1080     350        3  2127.36    0.00    2.09    5.41    7.86   12.10    8.55
 1081     351        3  2127.36    0.00    2.09    4.84    7.80   12.08    8.51
 1082     352        3  2127.36    0.00    2.09    3.28    7.68   12.04    8.46
 1083     353        3  2127.36    0.00    2.09    4.60    7.57   12.02    8.42
 1084     354        3  2127.36    0.00    2.09    6.02    7.49   12.01    8.39
 1085     355        3  2127.36    0.00    2.09    5.60    7.43   11.98    8.37
 1086     356        3  2127.36    0.00    2.09    6.16    7.37   11.97    8.35
 1087     357        3  2127.36    0.00    2.09    4.42    7.28   11.96    8.32
 1088     358        3  2127.36    0.00    2.09    2.92    7.18   11.92    8.27
 1089     359        3  2127.36    0.00    2.09   -1.91    7.06   11.85    8.18
 1090     360        3  2127.36    0.00    2.09   -0.83    6.95   11.78    8.07
 1091     361        3  2127.36    0.00    2.09   -3.49    6.79   11.70    7.94
 1092     362        3  2127.36    0.00    2.09    3.25    6.70   11.65    7.85
 1093     363        3  2127.36    0.00    2.09    3.42    6.59   11.60    7.80
 1094     364        3  2127.36    0.00    2.09    3.88    6.50   11.54    7.76
 1095     365        3  3053.63    0.00    3.00    1.42    6.39   11.48    7.70
