 Day of  Day of Year Air   Radiation
 sim.     year        T
    1       1        1              0.             1.
    2       2        1              0.             1.
    3       3        1              1.             1.
    4       4        1             -0.             0.
    5       5        1              1.             1.
    6       6        1             -0.             0.
    7       7        1              0.             0.
    8       8        1             -0.             1.
    9       9        1              0.             1.
   10      10        1              1.             2.
   11      11        1              4.             1.
   12      12        1              1.             2.
   13      13        1              0.             1.
   14      14        1             -2.             1.
   15      15        1             -3.             1.
   16      16        1             -6.             4.
   17      17        1             -1.             3.
   18      18        1              0.             1.
   19      19        1              2.             1.
   20      20        1              5.             1.
   21      21        1              5.             2.
   22      22        1              4.             2.
   23      23        1              2.             2.
   24      24        1              1.             2.
   25      25        1              0.             2.
   26      26        1             -1.             2.
   27      27        1              0.             1.
   28      28        1             -3.             5.
   29      29        1             -4.             2.
   30      30        1             -2.             3.
   31      31        1             -1.             6.
   32      32        1             -2.             5.
   33      33        1             -5.             4.
   34      34        1             -2.             2.
   35      35        1             -4.             2.
   36      36        1             -5.             3.
   37      37        1             -5.             6.
   38      38        1             -4.             3.
   39      39        1             -3.             3.
   40      40        1             -4.             2.
   41      41        1             -5.             7.
   42      42        1             -7.             5.
   43      43        1             -8.             9.
   44      44        1             -6.             8.
   45      45        1             -5.             8.
   46      46        1             -1.             2.
   47      47        1             -1.             3.
   48      48        1              1.             2.
   49      49        1              3.             2.
   50      50        1              4.             6.
   51      51        1              6.             4.
   52      52        1              7.             6.
   53      53        1              6.             7.
   54      54        1              6.             2.
   55      55        1             10.             3.
   56      56        1              8.             5.
   57      57        1              6.             4.
   58      58        1              5.             9.
   59      59        1              6.             9.
   60      60        1              4.             5.
   61      61        1              4.            11.
   62      62        1              1.             7.
   63      63        1              1.            12.
   64      64        1              0.            12.
   65      65        1              3.             6.
   66      66        1              3.            11.
   67      67        1             -0.            13.
   68      68        1             -0.            14.
   69      69        1              0.             6.
   70      70        1              4.             2.
   71      71        1              4.             6.
   72      72        1              3.             3.
   73      73        1              4.             9.
   74      74        1              4.             6.
   75      75        1              3.            13.
   76      76        1              3.             8.
   77      77        1              2.            12.
   78      78        1              1.            13.
   79      79        1              4.             5.
   80      80        1              5.            13.
   81      81        1              4.             6.
   82      82        1              6.             8.
   83      83        1              7.             9.
   84      84        1              6.            13.
   85      85        1              7.             7.
   86      86        1              5.             8.
   87      87        1              6.             4.
   88      88        1              9.             3.
   89      89        1             11.            16.
   90      90        1             10.            10.
   91      91        1              6.            18.
   92      92        1              6.            16.
   93      93        1              5.            18.
   94      94        1              5.             6.
   95      95        1              2.            12.
   96      96        1              3.            16.
   97      97        1              4.            12.
   98      98        1              3.             9.
   99      99        1              5.            15.
  100     100        1              3.            16.
  101     101        1              1.             4.
  102     102        1              3.            16.
  103     103        1              4.            17.
  104     104        1              4.            18.
  105     105        1              4.            16.
  106     106        1              5.            19.
  107     107        1              8.            17.
  108     108        1             10.            21.
  109     109        1             10.            22.
  110     110        1             10.            23.
  111     111        1              7.            20.
  112     112        1              6.            24.
  113     113        1              6.            16.
  114     114        1              5.            23.
  115     115        1              4.            24.
  116     116        1              4.            18.
  117     117        1              5.            23.
  118     118        1              7.            16.
  119     119        1              7.            18.
  120     120        1              6.             4.
  121     121        1              7.            13.
  122     122        1              8.            18.
  123     123        1              7.            16.
  124     124        1              6.             6.
  125     125        1              6.             8.
  126     126        1              5.            11.
  127     127        1              5.            16.
  128     128        1              8.            21.
  129     129        1             13.            19.
  130     130        1             15.            15.
  131     131        1             12.             9.
  132     132        1             10.             4.
  133     133        1             11.            12.
  134     134        1             11.             9.
  135     135        1              8.             8.
  136     136        1             10.             7.
  137     137        1             10.            11.
  138     138        1             10.            16.
  139     139        1              9.            12.
  140     140        1              9.            20.
  141     141        1             10.            15.
  142     142        1             10.            11.
  143     143        1              9.             9.
  144     144        1             10.             8.
  145     145        1             10.             7.
  146     146        1              9.             6.
  147     147        1             10.            15.
  148     148        1             10.            24.
  149     149        1             13.            28.
  150     150        1             14.            29.
  151     151        1             13.            29.
  152     152        1             13.            21.
  153     153        1             14.            21.
  154     154        1             16.            14.
  155     155        1             17.            25.
  156     156        1             18.            27.
  157     157        1             17.            20.
  158     158        1             15.            21.
  159     159        1             15.            28.
  160     160        1             16.            28.
  161     161        1             17.            26.
  162     162        1             17.            14.
  163     163        1             13.            22.
  164     164        1             14.            29.
  165     165        1             15.            15.
  166     166        1             13.            26.
  167     167        1             15.            30.
  168     168        1             21.            25.
  169     169        1             18.            14.
  170     170        1             18.            20.
  171     171        1             15.            12.
  172     172        1             13.            11.
  173     173        1             15.            18.
  174     174        1             15.            18.
  175     175        1             14.            28.
  176     176        1             15.            14.
  177     177        1             15.             8.
  178     178        1             15.            22.
  179     179        1             15.            30.
  180     180        1             14.            21.
  181     181        1             16.            18.
  182     182        1             17.            25.
  183     183        1             17.             9.
  184     184        1             16.             6.
  185     185        1             19.            19.
  186     186        1             18.            16.
  187     187        1             16.            13.
  188     188        1             18.            25.
  189     189        1             18.            21.
  190     190        1             17.            18.
  191     191        1             16.            16.
  192     192        1             17.            20.
  193     193        1             19.            24.
  194     194        1             21.            23.
  195     195        1             23.            25.
  196     196        1             20.            26.
  197     197        1             21.            28.
  198     198        1             19.            28.
  199     199        1             16.            18.
  200     200        1             16.            26.
  201     201        1             16.            16.
  202     202        1             16.            11.
  203     203        1             16.            19.
  204     204        1             17.            22.
  205     205        1             19.            26.
  206     206        1             19.            10.
  207     207        1             21.            16.
  208     208        1             19.            18.
  209     209        1             17.            15.
  210     210        1             15.            14.
  211     211        1             17.            16.
  212     212        1             16.            15.
  213     213        1             14.            16.
  214     214        1             15.            21.
  215     215        1             14.            22.
  216     216        1             14.            14.
  217     217        1             15.            15.
  218     218        1             18.            20.
  219     219        1             15.             8.
  220     220        1             15.            12.
  221     221        1             16.            15.
  222     222        1             15.            11.
  223     223        1             16.            18.
  224     224        1             18.            13.
  225     225        1             17.            13.
  226     226        1             15.            16.
  227     227        1             15.            13.
  228     228        1             13.             7.
  229     229        1             16.            19.
  230     230        1             14.             7.
  231     231        1             14.            17.
  232     232        1             14.            14.
  233     233        1             13.            15.
  234     234        1             14.            18.
  235     235        1             15.            21.
  236     236        1             15.            20.
  237     237        1             16.            12.
  238     238        1             14.             7.
  239     239        1             15.             4.
  240     240        1             15.             9.
  241     241        1             16.            12.
  242     242        1             16.            20.
  243     243        1             15.            19.
  244     244        1             16.            18.
  245     245        1             15.            14.
  246     246        1             15.            19.
  247     247        1             14.            19.
  248     248        1             13.            19.
  249     249        1             12.            10.
  250     250        1             15.            10.
  251     251        1             18.            16.
  252     252        1             18.            16.
  253     253        1             17.             7.
  254     254        1             18.             7.
  255     255        1             16.             8.
  256     256        1             15.             6.
  257     257        1             15.            12.
  258     258        1             14.             3.
  259     259        1             14.             4.
  260     260        1             12.             4.
  261     261        1             13.             4.
  262     262        1             11.             5.
  263     263        1             11.             8.
  264     264        1             12.             8.
  265     265        1             14.            14.
  266     266        1             13.            12.
  267     267        1             15.             9.
  268     268        1             14.            12.
  269     269        1             12.             3.
  270     270        1             12.             3.
  271     271        1             16.             9.
  272     272        1             14.             2.
  273     273        1             13.             4.
  274     274        1             14.             6.
  275     275        1             14.             5.
  276     276        1             14.             3.
  277     277        1             15.             3.
  278     278        1             13.             5.
  279     279        1             12.             9.
  280     280        1             11.             5.
  281     281        1             11.             5.
  282     282        1             10.             3.
  283     283        1              9.             5.
  284     284        1              8.             8.
  285     285        1              8.             8.
  286     286        1              8.             5.
  287     287        1              9.             6.
  288     288        1              7.             7.
  289     289        1              7.             7.
  290     290        1              6.             8.
  291     291        1              8.             7.
  292     292        1              7.             8.
  293     293        1              7.             7.
  294     294        1              8.             2.
  295     295        1             12.             2.
  296     296        1             12.             4.
  297     297        1             10.             4.
  298     298        1             10.             5.
  299     299        1             12.             2.
  300     300        1              9.             2.
  301     301        1              8.             5.
  302     302        1              9.             6.
  303     303        1              8.             5.
  304     304        1             10.             2.
  305     305        1             10.             4.
  306     306        1             11.             3.
  307     307        1             14.             2.
  308     308        1              9.             4.
  309     309        1              8.             5.
  310     310        1             10.             1.
  311     311        1             11.             4.
  312     312        1              9.             2.
  313     313        1              6.             5.
  314     314        1              8.             1.
  315     315        1              8.             1.
  316     316        1              6.             0.
  317     317        1              7.             1.
  318     318        1              8.             3.
  319     319        1              7.             2.
  320     320        1             11.             3.
  321     321        1              9.             3.
  322     322        1             10.             1.
  323     323        1             11.             1.
  324     324        1              6.             3.
  325     325        1              4.             3.
  326     326        1              8.             1.
  327     327        1              7.             2.
  328     328        1              6.             2.
  329     329        1              9.             0.
  330     330        1              8.             1.
  331     331        1              7.             2.
  332     332        1              2.             3.
  333     333        1              0.             2.
  334     334        1              1.             0.
  335     335        1              1.             1.
  336     336        1              4.             0.
  337     337        1              4.             0.
  338     338        1              2.             1.
  339     339        1              3.             1.
  340     340        1              4.             0.
  341     341        1              4.             0.
  342     342        1              7.             0.
  343     343        1              5.             1.
  344     344        1              4.             1.
  345     345        1              3.             0.
  346     346        1              2.             0.
  347     347        1              4.             0.
  348     348        1              4.             1.
  349     349        1              6.             0.
  350     350        1              8.             0.
  351     351        1              6.             1.
  352     352        1              7.             0.
  353     353        1              7.             1.
  354     354        1              6.             2.
  355     355        1              8.             1.
  356     356        1              6.             2.
  357     357        1              6.             1.
  358     358        1              4.             1.
  359     359        1              1.             2.
  360     360        1             -1.             2.
  361     361        1              3.             1.
  362     362        1              4.             0.
  363     363        1              2.             0.
  364     364        1              3.             0.
  365     365        1              3.             1.
  366       1        2              0.             1.
  367       2        2              0.             1.
  368       3        2              1.             1.
  369       4        2             -0.             0.
  370       5        2              1.             1.
  371       6        2             -0.             0.
  372       7        2              0.             0.
  373       8        2             -0.             1.
  374       9        2              0.             1.
  375      10        2              1.             2.
  376      11        2              4.             1.
  377      12        2              1.             2.
  378      13        2              0.             1.
  379      14        2             -2.             1.
  380      15        2             -3.             1.
  381      16        2             -6.             4.
  382      17        2             -1.             3.
  383      18        2              0.             1.
  384      19        2              2.             1.
  385      20        2              5.             1.
  386      21        2              5.             2.
  387      22        2              4.             2.
  388      23        2              2.             2.
  389      24        2              1.             2.
  390      25        2              0.             2.
  391      26        2             -1.             2.
  392      27        2              0.             1.
  393      28        2             -3.             5.
  394      29        2             -4.             2.
  395      30        2             -2.             3.
  396      31        2             -1.             6.
  397      32        2             -2.             5.
  398      33        2             -5.             4.
  399      34        2             -2.             2.
  400      35        2             -4.             2.
  401      36        2             -5.             3.
  402      37        2             -5.             6.
  403      38        2             -4.             3.
  404      39        2             -3.             3.
  405      40        2             -4.             2.
  406      41        2             -5.             7.
  407      42        2             -7.             5.
  408      43        2             -8.             9.
  409      44        2             -6.             8.
  410      45        2             -5.             8.
  411      46        2             -1.             2.
  412      47        2             -1.             3.
  413      48        2              1.             2.
  414      49        2              3.             2.
  415      50        2              4.             6.
  416      51        2              6.             4.
  417      52        2              7.             6.
  418      53        2              6.             7.
  419      54        2              6.             2.
  420      55        2             10.             3.
  421      56        2              8.             5.
  422      57        2              6.             4.
  423      58        2              5.             9.
  424      59        2              6.             9.
  425      60        2              4.             5.
  426      61        2              4.            11.
  427      62        2              1.             7.
  428      63        2              1.            12.
  429      64        2              0.            12.
  430      65        2              3.             6.
  431      66        2              3.            11.
  432      67        2             -0.            13.
  433      68        2             -0.            14.
  434      69        2              0.             6.
  435      70        2              4.             2.
  436      71        2              4.             6.
  437      72        2              3.             3.
  438      73        2              4.             9.
  439      74        2              4.             6.
  440      75        2              3.            13.
  441      76        2              3.             8.
  442      77        2              2.            12.
  443      78        2              1.            13.
  444      79        2              4.             5.
  445      80        2              5.            13.
  446      81        2              4.             6.
  447      82        2              6.             8.
  448      83        2              7.             9.
  449      84        2              6.            13.
  450      85        2              7.             7.
  451      86        2              5.             8.
  452      87        2              6.             4.
  453      88        2              9.             3.
  454      89        2             11.            16.
  455      90        2             10.            10.
  456      91        2              6.            18.
  457      92        2              6.            16.
  458      93        2              5.            18.
  459      94        2              5.             6.
  460      95        2              2.            12.
  461      96        2              3.            16.
  462      97        2              4.            12.
  463      98        2              3.             9.
  464      99        2              5.            15.
  465     100        2              3.            16.
  466     101        2              1.             4.
  467     102        2              3.            16.
  468     103        2              4.            17.
  469     104        2              4.            18.
  470     105        2              4.            16.
  471     106        2              5.            19.
  472     107        2              8.            17.
  473     108        2             10.            21.
  474     109        2             10.            22.
  475     110        2             10.            23.
  476     111        2              7.            20.
  477     112        2              6.            24.
  478     113        2              6.            16.
  479     114        2              5.            23.
  480     115        2              4.            24.
  481     116        2              4.            18.
  482     117        2              5.            23.
  483     118        2              7.            16.
  484     119        2              7.            18.
  485     120        2              6.             4.
  486     121        2              7.            13.
  487     122        2              8.            18.
  488     123        2              7.            16.
  489     124        2              6.             6.
  490     125        2              6.             8.
  491     126        2              5.            11.
  492     127        2              5.            16.
  493     128        2              8.            21.
  494     129        2             13.            19.
  495     130        2             15.            15.
  496     131        2             12.             9.
  497     132        2             10.             4.
  498     133        2             11.            12.
  499     134        2             11.             9.
  500     135        2              8.             8.
  501     136        2             10.             7.
  502     137        2             10.            11.
  503     138        2             10.            16.
  504     139        2              9.            12.
  505     140        2              9.            20.
  506     141        2             10.            15.
  507     142        2             10.            11.
  508     143        2              9.             9.
  509     144        2             10.             8.
  510     145        2             10.             7.
  511     146        2              9.             6.
  512     147        2             10.            15.
  513     148        2             10.            24.
  514     149        2             13.            28.
  515     150        2             14.            29.
  516     151        2             13.            29.
  517     152        2             13.            21.
  518     153        2             14.            21.
  519     154        2             16.            14.
  520     155        2             17.            25.
  521     156        2             18.            27.
  522     157        2             17.            20.
  523     158        2             15.            21.
  524     159        2             15.            28.
  525     160        2             16.            28.
  526     161        2             17.            26.
  527     162        2             17.            14.
  528     163        2             13.            22.
  529     164        2             14.            29.
  530     165        2             15.            15.
  531     166        2             13.            26.
  532     167        2             15.            30.
  533     168        2             21.            25.
  534     169        2             18.            14.
  535     170        2             18.            20.
  536     171        2             15.            12.
  537     172        2             13.            11.
  538     173        2             15.            18.
  539     174        2             15.            18.
  540     175        2             14.            28.
  541     176        2             15.            14.
  542     177        2             15.             8.
  543     178        2             15.            22.
  544     179        2             15.            30.
  545     180        2             14.            21.
  546     181        2             16.            18.
  547     182        2             17.            25.
  548     183        2             17.             9.
  549     184        2             16.             6.
  550     185        2             19.            19.
  551     186        2             18.            16.
  552     187        2             16.            13.
  553     188        2             18.            25.
  554     189        2             18.            21.
  555     190        2             17.            18.
  556     191        2             16.            16.
  557     192        2             17.            20.
  558     193        2             19.            24.
  559     194        2             21.            23.
  560     195        2             23.            25.
  561     196        2             20.            26.
  562     197        2             21.            28.
  563     198        2             19.            28.
  564     199        2             16.            18.
  565     200        2             16.            26.
  566     201        2             16.            16.
  567     202        2             16.            11.
  568     203        2             16.            19.
  569     204        2             17.            22.
  570     205        2             19.            26.
  571     206        2             19.            10.
  572     207        2             21.            16.
  573     208        2             19.            18.
  574     209        2             17.            15.
  575     210        2             15.            14.
  576     211        2             17.            16.
  577     212        2             16.            15.
  578     213        2             14.            16.
  579     214        2             15.            21.
  580     215        2             14.            22.
  581     216        2             14.            14.
  582     217        2             15.            15.
  583     218        2             18.            20.
  584     219        2             15.             8.
  585     220        2             15.            12.
  586     221        2             16.            15.
  587     222        2             15.            11.
  588     223        2             16.            18.
  589     224        2             18.            13.
  590     225        2             17.            13.
  591     226        2             15.            16.
  592     227        2             15.            13.
  593     228        2             13.             7.
  594     229        2             16.            19.
  595     230        2             14.             7.
  596     231        2             14.            17.
  597     232        2             14.            14.
  598     233        2             13.            15.
  599     234        2             14.            18.
  600     235        2             15.            21.
  601     236        2             15.            20.
  602     237        2             16.            12.
  603     238        2             14.             7.
  604     239        2             15.             4.
  605     240        2             15.             9.
  606     241        2             16.            12.
  607     242        2             16.            20.
  608     243        2             15.            19.
  609     244        2             16.            18.
  610     245        2             15.            14.
  611     246        2             15.            19.
  612     247        2             14.            19.
  613     248        2             13.            19.
  614     249        2             12.            10.
  615     250        2             15.            10.
  616     251        2             18.            16.
  617     252        2             18.            16.
  618     253        2             17.             7.
  619     254        2             18.             7.
  620     255        2             16.             8.
  621     256        2             15.             6.
  622     257        2             15.            12.
  623     258        2             14.             3.
  624     259        2             14.             4.
  625     260        2             12.             4.
  626     261        2             13.             4.
  627     262        2             11.             5.
  628     263        2             11.             8.
  629     264        2             12.             8.
  630     265        2             14.            14.
  631     266        2             13.            12.
  632     267        2             15.             9.
  633     268        2             14.            12.
  634     269        2             12.             3.
  635     270        2             12.             3.
  636     271        2             16.             9.
  637     272        2             14.             2.
  638     273        2             13.             4.
  639     274        2             14.             6.
  640     275        2             14.             5.
  641     276        2             14.             3.
  642     277        2             15.             3.
  643     278        2             13.             5.
  644     279        2             12.             9.
  645     280        2             11.             5.
  646     281        2             11.             5.
  647     282        2             10.             3.
  648     283        2              9.             5.
  649     284        2              8.             8.
  650     285        2              8.             8.
  651     286        2              8.             5.
  652     287        2              9.             6.
  653     288        2              7.             7.
  654     289        2              7.             7.
  655     290        2              6.             8.
  656     291        2              8.             7.
  657     292        2              7.             8.
  658     293        2              7.             7.
  659     294        2              8.             2.
  660     295        2             12.             2.
  661     296        2             12.             4.
  662     297        2             10.             4.
  663     298        2             10.             5.
  664     299        2             12.             2.
  665     300        2              9.             2.
  666     301        2              8.             5.
  667     302        2              9.             6.
  668     303        2              8.             5.
  669     304        2             10.             2.
  670     305        2             10.             4.
  671     306        2             11.             3.
  672     307        2             14.             2.
  673     308        2              9.             4.
  674     309        2              8.             5.
  675     310        2             10.             1.
  676     311        2             11.             4.
  677     312        2              9.             2.
  678     313        2              6.             5.
  679     314        2              8.             1.
  680     315        2              8.             1.
  681     316        2              6.             0.
  682     317        2              7.             1.
  683     318        2              8.             3.
  684     319        2              7.             2.
  685     320        2             11.             3.
  686     321        2              9.             3.
  687     322        2             10.             1.
  688     323        2             11.             1.
  689     324        2              6.             3.
  690     325        2              4.             3.
  691     326        2              8.             1.
  692     327        2              7.             2.
  693     328        2              6.             2.
  694     329        2              9.             0.
  695     330        2              8.             1.
  696     331        2              7.             2.
  697     332        2              2.             3.
  698     333        2              0.             2.
  699     334        2              1.             0.
  700     335        2              1.             1.
  701     336        2              4.             0.
  702     337        2              4.             0.
  703     338        2              2.             1.
  704     339        2              3.             1.
  705     340        2              4.             0.
  706     341        2              4.             0.
  707     342        2              7.             0.
  708     343        2              5.             1.
  709     344        2              4.             1.
  710     345        2              3.             0.
  711     346        2              2.             0.
  712     347        2              4.             0.
  713     348        2              4.             1.
  714     349        2              6.             0.
  715     350        2              8.             0.
  716     351        2              6.             1.
  717     352        2              7.             0.
  718     353        2              7.             1.
  719     354        2              6.             2.
  720     355        2              8.             1.
  721     356        2              6.             2.
  722     357        2              6.             1.
  723     358        2              4.             1.
  724     359        2              1.             2.
  725     360        2             -1.             2.
  726     361        2              3.             1.
  727     362        2              4.             0.
  728     363        2              2.             0.
  729     364        2              3.             0.
  730     365        2              3.             1.
  731       1        3              0.             1.
  732       2        3              0.             1.
  733       3        3              1.             1.
  734       4        3             -0.             0.
  735       5        3              1.             1.
  736       6        3             -0.             0.
  737       7        3              0.             0.
  738       8        3             -0.             1.
  739       9        3              0.             1.
  740      10        3              1.             2.
  741      11        3              4.             1.
  742      12        3              1.             2.
  743      13        3              0.             1.
  744      14        3             -2.             1.
  745      15        3             -3.             1.
  746      16        3             -6.             4.
  747      17        3             -1.             3.
  748      18        3              0.             1.
  749      19        3              2.             1.
  750      20        3              5.             1.
  751      21        3              5.             2.
  752      22        3              4.             2.
  753      23        3              2.             2.
  754      24        3              1.             2.
  755      25        3              0.             2.
  756      26        3             -1.             2.
  757      27        3              0.             1.
  758      28        3             -3.             5.
  759      29        3             -4.             2.
  760      30        3             -2.             3.
  761      31        3             -1.             6.
  762      32        3             -2.             5.
  763      33        3             -5.             4.
  764      34        3             -2.             2.
  765      35        3             -4.             2.
  766      36        3             -5.             3.
  767      37        3             -5.             6.
  768      38        3             -4.             3.
  769      39        3             -3.             3.
  770      40        3             -4.             2.
  771      41        3             -5.             7.
  772      42        3             -7.             5.
  773      43        3             -8.             9.
  774      44        3             -6.             8.
  775      45        3             -5.             8.
  776      46        3             -1.             2.
  777      47        3             -1.             3.
  778      48        3              1.             2.
  779      49        3              3.             2.
  780      50        3              4.             6.
  781      51        3              6.             4.
  782      52        3              7.             6.
  783      53        3              6.             7.
  784      54        3              6.             2.
  785      55        3             10.             3.
  786      56        3              8.             5.
  787      57        3              6.             4.
  788      58        3              5.             9.
  789      59        3              6.             9.
  790      60        3              4.             5.
  791      61        3              4.            11.
  792      62        3              1.             7.
  793      63        3              1.            12.
  794      64        3              0.            12.
  795      65        3              3.             6.
  796      66        3              3.            11.
  797      67        3             -0.            13.
  798      68        3             -0.            14.
  799      69        3              0.             6.
  800      70        3              4.             2.
  801      71        3              4.             6.
  802      72        3              3.             3.
  803      73        3              4.             9.
  804      74        3              4.             6.
  805      75        3              3.            13.
  806      76        3              3.             8.
  807      77        3              2.            12.
  808      78        3              1.            13.
  809      79        3              4.             5.
  810      80        3              5.            13.
  811      81        3              4.             6.
  812      82        3              6.             8.
  813      83        3              7.             9.
  814      84        3              6.            13.
  815      85        3              7.             7.
  816      86        3              5.             8.
  817      87        3              6.             4.
  818      88        3              9.             3.
  819      89        3             11.            16.
  820      90        3             10.            10.
  821      91        3              6.            18.
  822      92        3              6.            16.
  823      93        3              5.            18.
  824      94        3              5.             6.
  825      95        3              2.            12.
  826      96        3              3.            16.
  827      97        3              4.            12.
  828      98        3              3.             9.
  829      99        3              5.            15.
  830     100        3              3.            16.
  831     101        3              1.             4.
  832     102        3              3.            16.
  833     103        3              4.            17.
  834     104        3              4.            18.
  835     105        3              4.            16.
  836     106        3              5.            19.
  837     107        3              8.            17.
  838     108        3             10.            21.
  839     109        3             10.            22.
  840     110        3             10.            23.
  841     111        3              7.            20.
  842     112        3              6.            24.
  843     113        3              6.            16.
  844     114        3              5.            23.
  845     115        3              4.            24.
  846     116        3              4.            18.
  847     117        3              5.            23.
  848     118        3              7.            16.
  849     119        3              7.            18.
  850     120        3              6.             4.
  851     121        3              7.            13.
  852     122        3              8.            18.
  853     123        3              7.            16.
  854     124        3              6.             6.
  855     125        3              6.             8.
  856     126        3              5.            11.
  857     127        3              5.            16.
  858     128        3              8.            21.
  859     129        3             13.            19.
  860     130        3             15.            15.
  861     131        3             12.             9.
  862     132        3             10.             4.
  863     133        3             11.            12.
  864     134        3             11.             9.
  865     135        3              8.             8.
  866     136        3             10.             7.
  867     137        3             10.            11.
  868     138        3             10.            16.
  869     139        3              9.            12.
  870     140        3              9.            20.
  871     141        3             10.            15.
  872     142        3             10.            11.
  873     143        3              9.             9.
  874     144        3             10.             8.
  875     145        3             10.             7.
  876     146        3              9.             6.
  877     147        3             10.            15.
  878     148        3             10.            24.
  879     149        3             13.            28.
  880     150        3             14.            29.
  881     151        3             13.            29.
  882     152        3             13.            21.
  883     153        3             14.            21.
  884     154        3             16.            14.
  885     155        3             17.            25.
  886     156        3             18.            27.
  887     157        3             17.            20.
  888     158        3             15.            21.
  889     159        3             15.            28.
  890     160        3             16.            28.
  891     161        3             17.            26.
  892     162        3             17.            14.
  893     163        3             13.            22.
  894     164        3             14.            29.
  895     165        3             15.            15.
  896     166        3             13.            26.
  897     167        3             15.            30.
  898     168        3             21.            25.
  899     169        3             18.            14.
  900     170        3             18.            20.
  901     171        3             15.            12.
  902     172        3             13.            11.
  903     173        3             15.            18.
  904     174        3             15.            18.
  905     175        3             14.            28.
  906     176        3             15.            14.
  907     177        3             15.             8.
  908     178        3             15.            22.
  909     179        3             15.            30.
  910     180        3             14.            21.
  911     181        3             16.            18.
  912     182        3             17.            25.
  913     183        3             17.             9.
  914     184        3             16.             6.
  915     185        3             19.            19.
  916     186        3             18.            16.
  917     187        3             16.            13.
  918     188        3             18.            25.
  919     189        3             18.            21.
  920     190        3             17.            18.
  921     191        3             16.            16.
  922     192        3             17.            20.
  923     193        3             19.            24.
  924     194        3             21.            23.
  925     195        3             23.            25.
  926     196        3             20.            26.
  927     197        3             21.            28.
  928     198        3             19.            28.
  929     199        3             16.            18.
  930     200        3             16.            26.
  931     201        3             16.            16.
  932     202        3             16.            11.
  933     203        3             16.            19.
  934     204        3             17.            22.
  935     205        3             19.            26.
  936     206        3             19.            10.
  937     207        3             21.            16.
  938     208        3             19.            18.
  939     209        3             17.            15.
  940     210        3             15.            14.
  941     211        3             17.            16.
  942     212        3             16.            15.
  943     213        3             14.            16.
  944     214        3             15.            21.
  945     215        3             14.            22.
  946     216        3             14.            14.
  947     217        3             15.            15.
  948     218        3             18.            20.
  949     219        3             15.             8.
  950     220        3             15.            12.
  951     221        3             16.            15.
  952     222        3             15.            11.
  953     223        3             16.            18.
  954     224        3             18.            13.
  955     225        3             17.            13.
  956     226        3             15.            16.
  957     227        3             15.            13.
  958     228        3             13.             7.
  959     229        3             16.            19.
  960     230        3             14.             7.
  961     231        3             14.            17.
  962     232        3             14.            14.
  963     233        3             13.            15.
  964     234        3             14.            18.
  965     235        3             15.            21.
  966     236        3             15.            20.
  967     237        3             16.            12.
  968     238        3             14.             7.
  969     239        3             15.             4.
  970     240        3             15.             9.
  971     241        3             16.            12.
  972     242        3             16.            20.
  973     243        3             15.            19.
  974     244        3             16.            18.
  975     245        3             15.            14.
  976     246        3             15.            19.
  977     247        3             14.            19.
  978     248        3             13.            19.
  979     249        3             12.            10.
  980     250        3             15.            10.
  981     251        3             18.            16.
  982     252        3             18.            16.
  983     253        3             17.             7.
  984     254        3             18.             7.
  985     255        3             16.             8.
  986     256        3             15.             6.
  987     257        3             15.            12.
  988     258        3             14.             3.
  989     259        3             14.             4.
  990     260        3             12.             4.
  991     261        3             13.             4.
  992     262        3             11.             5.
  993     263        3             11.             8.
  994     264        3             12.             8.
  995     265        3             14.            14.
  996     266        3             13.            12.
  997     267        3             15.             9.
  998     268        3             14.            12.
  999     269        3             12.             3.
 1000     270        3             12.             3.
 1001     271        3             16.             9.
 1002     272        3             14.             2.
 1003     273        3             13.             4.
 1004     274        3             14.             6.
 1005     275        3             14.             5.
 1006     276        3             14.             3.
 1007     277        3             15.             3.
 1008     278        3             13.             5.
 1009     279        3             12.             9.
 1010     280        3             11.             5.
 1011     281        3             11.             5.
 1012     282        3             10.             3.
 1013     283        3              9.             5.
 1014     284        3              8.             8.
 1015     285        3              8.             8.
 1016     286        3              8.             5.
 1017     287        3              9.             6.
 1018     288        3              7.             7.
 1019     289        3              7.             7.
 1020     290        3              6.             8.
 1021     291        3              8.             7.
 1022     292        3              7.             8.
 1023     293        3              7.             7.
 1024     294        3              8.             2.
 1025     295        3             12.             2.
 1026     296        3             12.             4.
 1027     297        3             10.             4.
 1028     298        3             10.             5.
 1029     299        3             12.             2.
 1030     300        3              9.             2.
 1031     301        3              8.             5.
 1032     302        3              9.             6.
 1033     303        3              8.             5.
 1034     304        3             10.             2.
 1035     305        3             10.             4.
 1036     306        3             11.             3.
 1037     307        3             14.             2.
 1038     308        3              9.             4.
 1039     309        3              8.             5.
 1040     310        3             10.             1.
 1041     311        3             11.             4.
 1042     312        3              9.             2.
 1043     313        3              6.             5.
 1044     314        3              8.             1.
 1045     315        3              8.             1.
 1046     316        3              6.             0.
 1047     317        3              7.             1.
 1048     318        3              8.             3.
 1049     319        3              7.             2.
 1050     320        3             11.             3.
 1051     321        3              9.             3.
 1052     322        3             10.             1.
 1053     323        3             11.             1.
 1054     324        3              6.             3.
 1055     325        3              4.             3.
 1056     326        3              8.             1.
 1057     327        3              7.             2.
 1058     328        3              6.             2.
 1059     329        3              9.             0.
 1060     330        3              8.             1.
 1061     331        3              7.             2.
 1062     332        3              2.             3.
 1063     333        3              0.             2.
 1064     334        3              1.             0.
 1065     335        3              1.             1.
 1066     336        3              4.             0.
 1067     337        3              4.             0.
 1068     338        3              2.             1.
 1069     339        3              3.             1.
 1070     340        3              4.             0.
 1071     341        3              4.             0.
 1072     342        3              7.             0.
 1073     343        3              5.             1.
 1074     344        3              4.             1.
 1075     345        3              3.             0.
 1076     346        3              2.             0.
 1077     347        3              4.             0.
 1078     348        3              4.             1.
 1079     349        3              6.             0.
 1080     350        3              8.             0.
 1081     351        3              6.             1.
 1082     352        3              7.             0.
 1083     353        3              7.             1.
 1084     354        3              6.             2.
 1085     355        3              8.             1.
 1086     356        3              6.             2.
 1087     357        3              6.             1.
 1088     358        3              4.             1.
 1089     359        3              1.             2.
 1090     360        3             -1.             2.
 1091     361        3              3.             1.
 1092     362        3              4.             0.
 1093     363        3              2.             0.
 1094     364        3              3.             0.
 1095     365        3              3.             1.
