 Day of  Day of
 sim.     year         Qrad         Qslur2air     Qslur2floor      Qslur2wall       Qout
    1       1          -4005.          3571.           988.           621.          1175.
    2       2          -4009.          3565.           986.           623.          1165.
    3       3          -4013.          3559.           983.           625.          1153.
    4       4          -4019.          3552.           980.           627.          1140.
    5       5          -4025.          3544.           978.           629.          1125.
    6       6          -4032.          3535.           975.           631.          1109.
    7       7          -4040.          3526.           973.           633.          1092.
    8       8          -4049.          3516.           970.           636.          1073.
    9       9          -4059.          3505.           968.           638.          1053.
   10      10          -4069.          3493.           966.           641.          1031.
   11      11          -4081.          3481.           963.           644.          1008.
   12      12          -4093.          3469.           961.           647.           984.
   13      13          -4106.          3455.           959.           651.           959.
   14      14          -4120.          3441.           957.           654.           932.
   15      15          -4135.          3427.           955.           657.           904.
   16      16          -4151.          3411.           953.           661.           874.
   17      17          -4167.          3395.           951.           665.           844.
   18      18          -4185.          3379.           949.           669.           812.
   19      19          -4203.          3362.           947.           673.           779.
   20      20          -4222.          3344.           946.           678.           745.
   21      21          -4242.          3326.           944.           682.           709.
   22      22          -4263.          3307.           942.           687.           673.
   23      23          -4284.          3287.           941.           692.           635.
   24      24          -4307.          3267.           940.           697.           596.
   25      25          -4330.          3246.           938.           702.           556.
   26      26          -4354.          3225.           937.           707.           515.
   27      27          -4379.          3203.           936.           712.           473.
   28      28          -4404.          3181.           935.           718.           430.
   29      29          -4430.          3158.           934.           724.           386.
   30      30          -4457.          3134.           933.           730.           340.
   31      31          -4485.          3111.           933.           736.           294.
   32      32          -4514.          3086.           932.           742.           247.
   33      33          -4543.          3061.           932.           749.           199.
   34      34          -4573.          3036.           931.           755.           150.
   35      35          -4604.          3010.           931.           762.            99.
   36      36          -4635.          2983.           931.           769.            49.
   37      37          -4667.          2957.           931.           776.            -3.
   38      38          -4700.          2929.           931.           783.           -56.
   39      39          -4734.          2902.           931.           791.          -109.
   40      40          -4768.          2874.           932.           799.          -164.
   41      41          -4803.          2845.           932.           806.          -219.
   42      42          -4838.          2816.           933.           814.          -275.
   43      43          -4874.          2787.           934.           822.          -331.
   44      44          -4911.          2757.           935.           831.          -389.
   45      45          -4948.          2727.           936.           839.          -447.
   46      46          -4986.          2696.           937.           848.          -505.
   47      47          -5025.          2666.           938.           856.          -565.
   48      48          -5064.          2634.           939.           865.          -625.
   49      49          -5104.          2603.           941.           874.          -685.
   50      50          -5144.          2571.           943.           884.          -747.
   51      51          -5185.          2539.           944.           893.          -808.
   52      52          -5226.          2507.           946.           903.          -871.
   53      53          -5268.          2474.           949.           912.          -933.
   54      54          -5311.          2441.           951.           922.          -997.
   55      55          -5353.          2408.           953.           932.         -1060.
   56      56          -5397.          2374.           956.           942.         -1125.
   57      57          -5441.          2340.           958.           953.         -1189.
   58      58          -5485.          2306.           961.           963.         -1254.
   59      59          -5530.          2272.           964.           974.         -1320.
   60      60          -5575.          2238.           967.           985.         -1385.
   61      61          -5621.          2203.           971.           995.         -1451.
   62      62          -5667.          2169.           974.          1007.         -1518.
   63      63          -5713.          2134.           978.          1018.         -1584.
   64      64          -5760.          2099.           981.          1029.         -1651.
   65      65          -5807.          2063.           985.          1041.         -1718.
   66      66          -5855.          2028.           989.          1052.         -1785.
   67      67          -5903.          1993.           994.          1064.         -1853.
   68      68          -5951.          1957.           998.          1076.         -1920.
   69      69          -6000.          1922.          1003.          1088.         -1988.
   70      70          -6048.          1886.          1007.          1100.         -2056.
   71      71          -6098.          1850.          1012.          1112.         -2123.
   72      72          -6147.          1814.          1017.          1125.         -2191.
   73      73          -6197.          1778.          1022.          1137.         -2259.
   74      74          -6246.          1742.          1027.          1150.         -2327.
   75      75          -6297.          1706.          1033.          1162.         -2395.
   76      76          -6347.          1670.          1038.          1175.         -2463.
   77      77          -6397.          1635.          1044.          1188.         -2530.
   78      78          -6448.          1599.          1050.          1201.         -2598.
   79      79          -6499.          1563.          1056.          1215.         -2666.
   80      80          -6550.          1527.          1062.          1228.         -2733.
   81      81          -6601.          1491.          1069.          1241.         -2800.
   82      82          -6652.          1455.          1075.          1255.         -2867.
   83      83          -6704.          1420.          1082.          1268.         -2934.
   84      84          -6755.          1384.          1089.          1282.         -3000.
   85      85          -6806.          1349.          1096.          1296.         -3066.
   86      86          -6858.          1313.          1103.          1310.         -3132.
   87      87          -6910.          1278.          1110.          1324.         -3198.
   88      88          -6961.          1243.          1117.          1338.         -3263.
   89      89          -7013.          1208.          1125.          1352.         -3328.
   90      90          -7065.          1173.          1133.          1366.         -3393.
   91      91          -7116.          1139.          1140.          1380.         -3457.
   92      92          -7168.          1104.          1148.          1395.         -3520.
   93      93          -7219.          1070.          1157.          1409.         -3583.
   94      94          -7271.          1036.          1165.          1424.         -3646.
   95      95          -7322.          1002.          1173.          1438.         -3708.
   96      96          -7373.           969.          1182.          1453.         -3770.
   97      97          -7425.           935.          1191.          1468.         -3831.
   98      98          -7476.           902.          1199.          1482.         -3892.
   99      99          -7527.           870.          1208.          1497.         -3952.
  100     100          -7577.           837.          1217.          1512.         -4011.
  101     101          -7628.           805.          1227.          1527.         -4070.
  102     102          -7678.           773.          1236.          1542.         -4128.
  103     103          -7729.           741.          1246.          1557.         -4185.
  104     104          -7779.           710.          1255.          1572.         -4242.
  105     105          -7828.           679.          1265.          1587.         -4297.
  106     106          -7878.           648.          1275.          1602.         -4353.
  107     107          -7927.           618.          1285.          1617.         -4407.
  108     108          -7976.           588.          1295.          1632.         -4461.
  109     109          -8025.           559.          1305.          1647.         -4514.
  110     110          -8073.           529.          1316.          1662.         -4566.
  111     111          -8121.           501.          1326.          1678.         -4617.
  112     112          -8169.           472.          1337.          1693.         -4667.
  113     113          -8216.           444.          1347.          1708.         -4716.
  114     114          -8263.           417.          1358.          1723.         -4765.
  115     115          -8310.           390.          1369.          1738.         -4813.
  116     116          -8356.           363.          1380.          1754.         -4859.
  117     117          -8402.           337.          1391.          1769.         -4905.
  118     118          -8448.           311.          1403.          1784.         -4950.
  119     119          -8493.           286.          1414.          1799.         -4994.
  120     120          -8537.           261.          1425.          1814.         -5037.
  121     121          -8581.           237.          1437.          1829.         -5078.
  122     122          -8625.           213.          1449.          1844.         -5119.
  123     123          -8668.           189.          1460.          1860.         -5159.
  124     124          -8711.           167.          1472.          1875.         -5197.
  125     125          -8753.           144.          1484.          1890.         -5235.
  126     126          -8795.           122.          1496.          1905.         -5272.
  127     127          -8836.           101.          1508.          1920.         -5307.
  128     128          -8876.            80.          1520.          1934.         -5341.
  129     129          -8916.            60.          1532.          1949.         -5374.
  130     130          -8956.            41.          1545.          1964.         -5406.
  131     131          -8995.            22.          1557.          1979.         -5437.
  132     132          -9033.             3.          1569.          1993.         -5467.
  133     133          -9071.           -15.          1582.          2008.         -5495.
  134     134          -9108.           -32.          1594.          2023.         -5523.
  135     135          -9144.           -49.          1607.          2037.         -5549.
  136     136          -9180.           -65.          1620.          2052.         -5574.
  137     137          -9215.           -81.          1632.          2066.         -5597.
  138     138          -9249.           -96.          1645.          2080.         -5620.
  139     139          -9283.          -110.          1658.          2094.         -5641.
  140     140          -9316.          -124.          1671.          2108.         -5661.
  141     141          -9349.          -137.          1684.          2122.         -5680.
  142     142          -9381.          -149.          1697.          2136.         -5697.
  143     143          -9412.          -161.          1710.          2150.         -5713.
  144     144          -9442.          -173.          1723.          2164.         -5728.
  145     145          -9472.          -183.          1736.          2178.         -5742.
  146     146          -9501.          -193.          1749.          2191.         -5754.
  147     147          -9529.          -202.          1762.          2205.         -5765.
  148     148          -9556.          -211.          1775.          2218.         -5774.
  149     149          -9583.          -219.          1788.          2231.         -5783.
  150     150          -9609.          -227.          1801.          2244.         -5790.
  151     151          -9634.          -233.          1815.          2257.         -5795.
  152     152          -9658.          -239.          1828.          2270.         -5800.
  153     153          -9682.          -245.          1841.          2283.         -5803.
  154     154          -9705.          -249.          1854.          2295.         -5804.
  155     155          -9726.          -253.          1867.          2308.         -5805.
  156     156          -9748.          -257.          1880.          2320.         -5804.
  157     157          -9768.          -259.          1894.          2332.         -5801.
  158     158          -9787.          -261.          1907.          2344.         -5798.
  159     159          -9806.          -263.          1920.          2356.         -5793.
  160     160          -9824.          -263.          1933.          2368.         -5786.
  161     161          -9841.          -263.          1946.          2380.         -5778.
  162     162          -9857.          -263.          1959.          2391.         -5769.
  163     163          -9872.          -261.          1972.          2403.         -5759.
  164     164          -9887.          -259.          1986.          2414.         -5747.
  165     165          -9901.          -257.          1999.          2425.         -5734.
  166     166          -9913.          -253.          2012.          2436.         -5719.
  167     167          -9925.          -249.          2025.          2446.         -5703.
  168     168          -9936.          -244.          2037.          2457.         -5686.
  169     169          -9946.          -239.          2050.          2467.         -5668.
  170     170          -9956.          -233.          2063.          2477.         -5648.
  171     171          -9964.          -226.          2076.          2487.         -5626.
  172     172          -9972.          -218.          2089.          2497.         -5604.
  173     173          -9978.          -210.          2101.          2507.         -5580.
  174     174          -9984.          -201.          2114.          2516.         -5555.
  175     175          -9989.          -192.          2127.          2526.         -5528.
  176     176          -9993.          -181.          2139.          2535.         -5500.
  177     177          -9996.          -171.          2151.          2544.         -5471.
  178     178          -9998.          -159.          2164.          2553.         -5441.
  179     179         -10000.          -147.          2176.          2561.         -5409.
  180     180         -10000.          -134.          2188.          2570.         -5376.
  181     181         -10000.          -120.          2200.          2578.         -5342.
  182     182          -9998.          -106.          2213.          2586.         -5306.
  183     183          -9996.           -91.          2225.          2594.         -5269.
  184     184          -9993.           -76.          2236.          2601.         -5231.
  185     185          -9989.           -60.          2248.          2609.         -5192.
  186     186          -9984.           -43.          2260.          2616.         -5151.
  187     187          -9978.           -26.          2272.          2623.         -5109.
  188     188          -9972.            -8.          2283.          2630.         -5066.
  189     189          -9964.            11.          2294.          2636.         -5022.
  190     190          -9956.            30.          2306.          2643.         -4977.
  191     191          -9946.            50.          2317.          2649.         -4930.
  192     192          -9936.            71.          2328.          2655.         -4882.
  193     193          -9925.            92.          2339.          2661.         -4833.
  194     194          -9913.           114.          2350.          2666.         -4783.
  195     195          -9901.           136.          2361.          2672.         -4732.
  196     196          -9887.           159.          2371.          2677.         -4680.
  197     197          -9872.           182.          2382.          2682.         -4626.
  198     198          -9857.           206.          2392.          2687.         -4572.
  199     199          -9841.           231.          2403.          2691.         -4516.
  200     200          -9824.           256.          2413.          2696.         -4460.
  201     201          -9806.           282.          2423.          2700.         -4402.
  202     202          -9787.           308.          2433.          2704.         -4343.
  203     203          -9768.           335.          2442.          2707.         -4283.
  204     204          -9748.           362.          2452.          2711.         -4223.
  205     205          -9726.           390.          2461.          2714.         -4161.
  206     206          -9705.           419.          2471.          2717.         -4098.
  207     207          -9682.           448.          2480.          2720.         -4035.
  208     208          -9658.           477.          2489.          2722.         -3970.
  209     209          -9634.           507.          2498.          2725.         -3904.
  210     210          -9609.           537.          2506.          2727.         -3838.
  211     211          -9583.           568.          2515.          2729.         -3771.
  212     212          -9556.           600.          2523.          2730.         -3703.
  213     213          -9529.           632.          2532.          2732.         -3634.
  214     214          -9501.           664.          2540.          2733.         -3564.
  215     215          -9472.           697.          2548.          2734.         -3493.
  216     216          -9442.           730.          2556.          2735.         -3422.
  217     217          -9412.           763.          2563.          2736.         -3349.
  218     218          -9381.           797.          2571.          2736.         -3277.
  219     219          -9349.           832.          2578.          2736.         -3203.
  220     220          -9316.           867.          2585.          2736.         -3128.
  221     221          -9283.           902.          2592.          2736.         -3053.
  222     222          -9249.           937.          2599.          2736.         -2978.
  223     223          -9215.           973.          2605.          2735.         -2901.
  224     224          -9180.          1010.          2612.          2734.         -2824.
  225     225          -9144.          1046.          2618.          2733.         -2747.
  226     226          -9108.          1083.          2624.          2732.         -2668.
  227     227          -9071.          1121.          2630.          2730.         -2590.
  228     228          -9033.          1158.          2636.          2728.         -2510.
  229     229          -8995.          1196.          2641.          2726.         -2431.
  230     230          -8956.          1235.          2647.          2724.         -2350.
  231     231          -8916.          1273.          2652.          2722.         -2269.
  232     232          -8876.          1312.          2657.          2719.         -2188.
  233     233          -8836.          1351.          2662.          2717.         -2106.
  234     234          -8795.          1390.          2666.          2714.         -2024.
  235     235          -8753.          1430.          2671.          2711.         -1942.
  236     236          -8711.          1470.          2675.          2707.         -1859.
  237     237          -8668.          1510.          2679.          2704.         -1776.
  238     238          -8625.          1550.          2683.          2700.         -1692.
  239     239          -8581.          1590.          2686.          2696.         -1609.
  240     240          -8537.          1631.          2690.          2692.         -1525.
  241     241          -8493.          1672.          2693.          2687.         -1440.
  242     242          -8448.          1713.          2696.          2683.         -1356.
  243     243          -8402.          1754.          2699.          2678.         -1271.
  244     244          -8356.          1795.          2702.          2673.         -1186.
  245     245          -8310.          1836.          2704.          2668.         -1101.
  246     246          -8263.          1878.          2707.          2663.         -1016.
  247     247          -8216.          1919.          2709.          2657.          -931.
  248     248          -8169.          1961.          2711.          2652.          -845.
  249     249          -8121.          2003.          2712.          2646.          -760.
  250     250          -8073.          2045.          2714.          2640.          -675.
  251     251          -8025.          2086.          2715.          2634.          -589.
  252     252          -7976.          2128.          2716.          2627.          -504.
  253     253          -7927.          2170.          2717.          2621.          -418.
  254     254          -7878.          2212.          2718.          2614.          -333.
  255     255          -7828.          2254.          2719.          2607.          -248.
  256     256          -7779.          2296.          2719.          2601.          -163.
  257     257          -7729.          2338.          2719.          2593.           -78.
  258     258          -7678.          2380.          2719.          2586.             7.
  259     259          -7628.          2422.          2719.          2579.            92.
  260     260          -7577.          2464.          2719.          2571.           176.
  261     261          -7527.          2505.          2718.          2563.           260.
  262     262          -7476.          2547.          2717.          2555.           344.
  263     263          -7425.          2589.          2716.          2547.           428.
  264     264          -7373.          2630.          2715.          2539.           511.
  265     265          -7322.          2671.          2714.          2531.           594.
  266     266          -7271.          2713.          2712.          2522.           677.
  267     267          -7219.          2754.          2711.          2514.           759.
  268     268          -7168.          2795.          2709.          2505.           841.
  269     269          -7116.          2836.          2707.          2496.           922.
  270     270          -7065.          2876.          2704.          2487.          1003.
  271     271          -7013.          2917.          2702.          2478.          1084.
  272     272          -6961.          2957.          2699.          2469.          1164.
  273     273          -6910.          2997.          2696.          2460.          1244.
  274     274          -6858.          3037.          2693.          2450.          1323.
  275     275          -6806.          3077.          2690.          2441.          1401.
  276     276          -6755.          3116.          2687.          2431.          1479.
  277     277          -6704.          3155.          2683.          2422.          1556.
  278     278          -6652.          3194.          2680.          2412.          1633.
  279     279          -6601.          3232.          2676.          2402.          1709.
  280     280          -6550.          3271.          2672.          2392.          1784.
  281     281          -6499.          3309.          2668.          2382.          1859.
  282     282          -6448.          3346.          2663.          2372.          1933.
  283     283          -6397.          3384.          2659.          2361.          2006.
  284     284          -6347.          3421.          2654.          2351.          2079.
  285     285          -6297.          3458.          2649.          2341.          2151.
  286     286          -6246.          3494.          2644.          2330.          2222.
  287     287          -6197.          3530.          2639.          2320.          2292.
  288     288          -6147.          3566.          2633.          2309.          2361.
  289     289          -6098.          3601.          2628.          2298.          2430.
  290     290          -6048.          3636.          2622.          2288.          2497.
  291     291          -6000.          3670.          2616.          2277.          2564.
  292     292          -5951.          3704.          2610.          2266.          2630.
  293     293          -5903.          3738.          2604.          2255.          2695.
  294     294          -5855.          3771.          2598.          2244.          2759.
  295     295          -5807.          3804.          2592.          2233.          2822.
  296     296          -5760.          3836.          2585.          2222.          2884.
  297     297          -5713.          3868.          2578.          2211.          2945.
  298     298          -5667.          3899.          2572.          2200.          3005.
  299     299          -5621.          3930.          2565.          2189.          3064.
  300     300          -5575.          3961.          2558.          2178.          3121.
  301     301          -5530.          3991.          2550.          2167.          3178.
  302     302          -5485.          4020.          2543.          2156.          3234.
  303     303          -5441.          4049.          2536.          2145.          3289.
  304     304          -5397.          4078.          2528.          2134.          3342.
  305     305          -5353.          4106.          2520.          2123.          3395.
  306     306          -5311.          4133.          2512.          2112.          3446.
  307     307          -5268.          4160.          2504.          2100.          3496.
  308     308          -5226.          4186.          2496.          2089.          3545.
  309     309          -5185.          4212.          2488.          2078.          3593.
  310     310          -5144.          4237.          2480.          2067.          3640.
  311     311          -5104.          4261.          2472.          2056.          3685.
  312     312          -5064.          4285.          2463.          2045.          3730.
  313     313          -5025.          4309.          2455.          2034.          3773.
  314     314          -4986.          4332.          2446.          2023.          3814.
  315     315          -4948.          4354.          2437.          2012.          3855.
  316     316          -4911.          4375.          2428.          2001.          3894.
  317     317          -4874.          4396.          2419.          1990.          3932.
  318     318          -4838.          4417.          2410.          1979.          3969.
  319     319          -4803.          4437.          2401.          1969.          4004.
  320     320          -4768.          4456.          2392.          1958.          4038.
  321     321          -4734.          4474.          2383.          1947.          4071.
  322     322          -4700.          4492.          2374.          1937.          4102.
  323     323          -4667.          4509.          2364.          1926.          4132.
  324     324          -4635.          4526.          2355.          1915.          4161.
  325     325          -4604.          4542.          2345.          1905.          4188.
  326     326          -4573.          4557.          2336.          1895.          4215.
  327     327          -4543.          4572.          2326.          1884.          4239.
  328     328          -4514.          4586.          2316.          1874.          4263.
  329     329          -4485.          4599.          2307.          1864.          4284.
  330     330          -4457.          4612.          2297.          1854.          4305.
  331     331          -4430.          4624.          2287.          1844.          4324.
  332     332          -4404.          4635.          2277.          1834.          4342.
  333     333          -4379.          4645.          2267.          1824.          4358.
  334     334          -4354.          4655.          2257.          1815.          4373.
  335     335          -4330.          4664.          2247.          1805.          4387.
  336     336          -4307.          4673.          2237.          1796.          4399.
  337     337          -4284.          4681.          2227.          1786.          4410.
  338     338          -4263.          4688.          2217.          1777.          4419.
  339     339          -4242.          4694.          2207.          1768.          4427.
  340     340          -4222.          4700.          2197.          1759.          4434.
  341     341          -4203.          4705.          2187.          1750.          4439.
  342     342          -4185.          4709.          2177.          1741.          4443.
  343     343          -4167.          4713.          2167.          1733.          4445.
  344     344          -4151.          4716.          2157.          1724.          4446.
  345     345          -4135.          4718.          2147.          1716.          4445.
  346     346          -4120.          4720.          2137.          1707.          4443.
  347     347          -4106.          4720.          2126.          1699.          4440.
  348     348          -4093.          4720.          2116.          1691.          4435.
  349     349          -4081.          4720.          2106.          1683.          4429.
  350     350          -4069.          4718.          2096.          1676.          4421.
  351     351          -4059.          4716.          2086.          1668.          4412.
  352     352          -4049.          4714.          2076.          1661.          4402.
  353     353          -4040.          4710.          2066.          1653.          4390.
  354     354          -4032.          4706.          2056.          1646.          4377.
  355     355          -4025.          4701.          2046.          1639.          4362.
  356     356          -4019.          4696.          2036.          1632.          4346.
  357     357          -4013.          4690.          2027.          1626.          4329.
  358     358          -4009.          4683.          2017.          1619.          4310.
  359     359          -4005.          4675.          2007.          1613.          4290.
  360     360          -4003.          4667.          1997.          1607.          4268.
  361     361          -4001.          4658.          1988.          1601.          4245.
  362     362          -4000.          4648.          1978.          1595.          4221.
  363     363          -4000.          4638.          1969.          1589.          4196.
  364     364          -4001.          4627.          1959.          1584.          4169.
  365     365          -4003.          4615.          1950.          1578.          4141.
  366       1          -4005.          4603.          1940.          1573.          4111.
  367       2          -4009.          4590.          1931.          1568.          4080.
  368       3          -4013.          4576.          1922.          1564.          4048.
  369       4          -4019.          4562.          1913.          1559.          4015.
  370       5          -4025.          4547.          1904.          1555.          3980.
  371       6          -4032.          4531.          1895.          1550.          3944.
  372       7          -4040.          4515.          1886.          1546.          3907.
  373       8          -4049.          4498.          1877.          1543.          3869.
  374       9          -4059.          4480.          1868.          1539.          3829.
  375      10          -4069.          4462.          1860.          1535.          3788.
  376      11          -4081.          4443.          1851.          1532.          3746.
  377      12          -4093.          4424.          1843.          1529.          3703.
  378      13          -4106.          4404.          1835.          1526.          3659.
  379      14          -4120.          4383.          1826.          1523.          3613.
  380      15          -4135.          4362.          1818.          1521.          3566.
  381      16          -4151.          4340.          1810.          1519.          3518.
  382      17          -4167.          4318.          1802.          1517.          3469.
  383      18          -4185.          4295.          1795.          1515.          3419.
  384      19          -4203.          4271.          1787.          1513.          3368.
  385      20          -4222.          4247.          1779.          1511.          3316.
  386      21          -4242.          4223.          1772.          1510.          3263.
  387      22          -4263.          4197.          1765.          1509.          3208.
  388      23          -4284.          4172.          1757.          1508.          3153.
  389      24          -4307.          4145.          1750.          1507.          3096.
  390      25          -4330.          4119.          1744.          1507.          3039.
  391      26          -4354.          4091.          1737.          1507.          2981.
  392      27          -4379.          4063.          1730.          1506.          2921.
  393      28          -4404.          4035.          1724.          1507.          2861.
  394      29          -4430.          4006.          1717.          1507.          2800.
  395      30          -4457.          3977.          1711.          1507.          2738.
  396      31          -4485.          3947.          1705.          1508.          2675.
  397      32          -4514.          3917.          1699.          1509.          2611.
  398      33          -4543.          3886.          1693.          1510.          2547.
  399      34          -4573.          3855.          1688.          1511.          2481.
  400      35          -4604.          3823.          1682.          1513.          2415.
  401      36          -4635.          3791.          1677.          1515.          2348.
  402      37          -4667.          3759.          1672.          1517.          2280.
  403      38          -4700.          3726.          1666.          1519.          2211.
  404      39          -4734.          3693.          1662.          1521.          2142.
  405      40          -4768.          3659.          1657.          1524.          2072.
  406      41          -4803.          3625.          1652.          1526.          2001.
  407      42          -4838.          3591.          1648.          1529.          1930.
  408      43          -4874.          3556.          1644.          1532.          1858.
  409      44          -4911.          3521.          1640.          1536.          1786.
  410      45          -4948.          3486.          1636.          1539.          1712.
  411      46          -4986.          3450.          1632.          1543.          1639.
  412      47          -5025.          3414.          1628.          1547.          1564.
  413      48          -5064.          3377.          1625.          1551.          1490.
  414      49          -5104.          3341.          1622.          1555.          1414.
  415      50          -5144.          3304.          1619.          1560.          1338.
  416      51          -5185.          3266.          1616.          1565.          1262.
  417      52          -5226.          3229.          1613.          1569.          1185.
  418      53          -5268.          3191.          1611.          1575.          1108.
  419      54          -5311.          3153.          1608.          1580.          1031.
  420      55          -5353.          3115.          1606.          1585.           953.
  421      56          -5397.          3077.          1604.          1591.           875.
  422      57          -5441.          3038.          1602.          1597.           796.
  423      58          -5485.          2999.          1601.          1603.           718.
  424      59          -5530.          2960.          1599.          1609.           638.
  425      60          -5575.          2921.          1598.          1615.           559.
  426      61          -5621.          2882.          1597.          1622.           480.
  427      62          -5667.          2842.          1596.          1628.           400.
  428      63          -5713.          2803.          1595.          1635.           320.
  429      64          -5760.          2763.          1595.          1642.           240.
  430      65          -5807.          2723.          1594.          1649.           160.
  431      66          -5855.          2683.          1594.          1657.            79.
  432      67          -5903.          2643.          1594.          1664.            -1.
  433      68          -5951.          2603.          1594.          1672.           -81.
  434      69          -6000.          2563.          1595.          1680.          -162.
  435      70          -6048.          2523.          1595.          1688.          -242.
  436      71          -6098.          2483.          1596.          1696.          -323.
  437      72          -6147.          2442.          1597.          1704.          -403.
  438      73          -6197.          2402.          1598.          1713.          -484.
  439      74          -6246.          2362.          1599.          1721.          -564.
  440      75          -6297.          2322.          1601.          1730.          -644.
  441      76          -6347.          2281.          1602.          1739.          -724.
  442      77          -6397.          2241.          1604.          1748.          -804.
  443      78          -6448.          2201.          1606.          1757.          -883.
  444      79          -6499.          2161.          1608.          1767.          -963.
  445      80          -6550.          2121.          1611.          1776.         -1042.
  446      81          -6601.          2081.          1613.          1786.         -1121.
  447      82          -6652.          2041.          1616.          1795.         -1200.
  448      83          -6704.          2002.          1619.          1805.         -1278.
  449      84          -6755.          1962.          1622.          1815.         -1356.
  450      85          -6806.          1922.          1625.          1825.         -1434.
  451      86          -6858.          1883.          1629.          1836.         -1511.
  452      87          -6910.          1844.          1632.          1846.         -1588.
  453      88          -6961.          1805.          1636.          1856.         -1664.
  454      89          -7013.          1766.          1640.          1867.         -1740.
  455      90          -7065.          1727.          1644.          1877.         -1816.
  456      91          -7116.          1689.          1648.          1888.         -1891.
  457      92          -7168.          1651.          1653.          1899.         -1965.
  458      93          -7219.          1613.          1657.          1910.         -2039.
  459      94          -7271.          1575.          1662.          1921.         -2113.
  460      95          -7322.          1537.          1667.          1932.         -2186.
  461      96          -7373.          1500.          1672.          1943.         -2258.
  462      97          -7425.          1463.          1678.          1955.         -2330.
  463      98          -7476.          1426.          1683.          1966.         -2400.
  464      99          -7527.          1390.          1689.          1977.         -2471.
  465     100          -7577.          1354.          1694.          1989.         -2540.
  466     101          -7628.          1318.          1700.          2000.         -2609.
  467     102          -7678.          1282.          1706.          2012.         -2678.
  468     103          -7729.          1247.          1713.          2024.         -2745.
  469     104          -7779.          1212.          1719.          2036.         -2812.
  470     105          -7828.          1178.          1726.          2047.         -2878.
  471     106          -7878.          1144.          1732.          2059.         -2943.
  472     107          -7927.          1110.          1739.          2071.         -3007.
  473     108          -7976.          1077.          1746.          2083.         -3070.
  474     109          -8025.          1044.          1753.          2095.         -3133.
  475     110          -8073.          1011.          1760.          2107.         -3194.
  476     111          -8121.           979.          1768.          2119.         -3255.
  477     112          -8169.           947.          1775.          2131.         -3315.
  478     113          -8216.           916.          1783.          2143.         -3374.
  479     114          -8263.           885.          1791.          2156.         -3432.
  480     115          -8310.           855.          1799.          2168.         -3488.
  481     116          -8356.           825.          1807.          2180.         -3544.
  482     117          -8402.           796.          1815.          2192.         -3599.
  483     118          -8448.           767.          1823.          2204.         -3653.
  484     119          -8493.           738.          1832.          2217.         -3706.
  485     120          -8537.           710.          1840.          2229.         -3758.
  486     121          -8581.           683.          1849.          2241.         -3808.
  487     122          -8625.           656.          1858.          2253.         -3858.
  488     123          -8668.           629.          1866.          2266.         -3907.
  489     124          -8711.           604.          1875.          2278.         -3954.
  490     125          -8753.           578.          1884.          2290.         -4000.
  491     126          -8795.           553.          1894.          2302.         -4045.
  492     127          -8836.           529.          1903.          2314.         -4089.
  493     128          -8876.           505.          1912.          2327.         -4132.
  494     129          -8916.           482.          1922.          2339.         -4174.
  495     130          -8956.           460.          1931.          2351.         -4214.
  496     131          -8995.           438.          1941.          2363.         -4253.
  497     132          -9033.           416.          1951.          2375.         -4291.
  498     133          -9071.           395.          1961.          2387.         -4328.
  499     134          -9108.           375.          1971.          2399.         -4363.
  500     135          -9144.           356.          1981.          2411.         -4397.
  501     136          -9180.           337.          1991.          2422.         -4430.
  502     137          -9215.           318.          2001.          2434.         -4462.
  503     138          -9249.           301.          2011.          2446.         -4492.
  504     139          -9283.           283.          2021.          2458.         -4521.
  505     140          -9316.           267.          2032.          2469.         -4549.
  506     141          -9349.           251.          2042.          2481.         -4575.
  507     142          -9381.           236.          2052.          2492.         -4600.
  508     143          -9412.           221.          2063.          2503.         -4624.
  509     144          -9442.           207.          2073.          2515.         -4647.
  510     145          -9472.           194.          2084.          2526.         -4668.
  511     146          -9501.           182.          2095.          2537.         -4687.
  512     147          -9529.           170.          2105.          2548.         -4706.
  513     148          -9556.           158.          2116.          2559.         -4723.
  514     149          -9583.           148.          2127.          2570.         -4738.
  515     150          -9609.           138.          2138.          2581.         -4753.
  516     151          -9634.           129.          2148.          2591.         -4766.
  517     152          -9658.           120.          2159.          2602.         -4777.
  518     153          -9682.           112.          2170.          2612.         -4787.
  519     154          -9705.           105.          2181.          2622.         -4796.
  520     155          -9726.            99.          2192.          2633.         -4803.
  521     156          -9748.            93.          2203.          2643.         -4809.
  522     157          -9768.            88.          2214.          2653.         -4814.
  523     158          -9787.            83.          2225.          2662.         -4817.
  524     159          -9806.            79.          2236.          2672.         -4819.
  525     160          -9824.            76.          2247.          2682.         -4819.
  526     161          -9841.            74.          2258.          2691.         -4818.
  527     162          -9857.            72.          2269.          2700.         -4816.
  528     163          -9872.            71.          2280.          2710.         -4812.
  529     164          -9887.            71.          2290.          2719.         -4807.
  530     165          -9901.            72.          2301.          2728.         -4800.
  531     166          -9913.            73.          2312.          2736.         -4792.
  532     167          -9925.            75.          2323.          2745.         -4782.
  533     168          -9936.            77.          2334.          2753.         -4772.
  534     169          -9946.            80.          2345.          2762.         -4759.
  535     170          -9956.            84.          2356.          2770.         -4746.
  536     171          -9964.            89.          2366.          2778.         -4731.
  537     172          -9972.            94.          2377.          2786.         -4715.
  538     173          -9978.           100.          2388.          2793.         -4697.
  539     174          -9984.           107.          2398.          2801.         -4678.
  540     175          -9989.           114.          2409.          2808.         -4657.
  541     176          -9993.           122.          2419.          2815.         -4635.
  542     177          -9996.           131.          2430.          2822.         -4612.
  543     178          -9998.           141.          2440.          2829.         -4588.
  544     179         -10000.           151.          2451.          2836.         -4562.
  545     180         -10000.           162.          2461.          2842.         -4535.
  546     181         -10000.           173.          2471.          2849.         -4506.
  547     182          -9998.           185.          2482.          2855.         -4477.
  548     183          -9996.           198.          2492.          2861.         -4446.
  549     184          -9993.           211.          2502.          2867.         -4413.
  550     185          -9989.           226.          2512.          2872.         -4380.
  551     186          -9984.           240.          2521.          2878.         -4345.
  552     187          -9978.           256.          2531.          2883.         -4308.
  553     188          -9972.           272.          2541.          2888.         -4271.
  554     189          -9964.           289.          2551.          2893.         -4232.
  555     190          -9956.           306.          2560.          2897.         -4192.
  556     191          -9946.           324.          2570.          2902.         -4151.
  557     192          -9936.           343.          2579.          2906.         -4109.
  558     193          -9925.           362.          2588.          2910.         -4065.
  559     194          -9913.           382.          2597.          2914.         -4021.
  560     195          -9901.           402.          2606.          2917.         -3975.
  561     196          -9887.           423.          2615.          2921.         -3928.
  562     197          -9872.           445.          2624.          2924.         -3879.
  563     198          -9857.           467.          2633.          2927.         -3830.
  564     199          -9841.           490.          2641.          2930.         -3780.
  565     200          -9824.           513.          2650.          2933.         -3728.
  566     201          -9806.           537.          2658.          2935.         -3676.
  567     202          -9787.           562.          2666.          2937.         -3622.
  568     203          -9768.           587.          2675.          2939.         -3567.
  569     204          -9748.           612.          2683.          2941.         -3511.
  570     205          -9726.           638.          2690.          2943.         -3455.
  571     206          -9705.           665.          2698.          2944.         -3397.
  572     207          -9682.           692.          2706.          2946.         -3338.
  573     208          -9658.           720.          2713.          2947.         -3278.
  574     209          -9634.           748.          2720.          2947.         -3218.
  575     210          -9609.           777.          2728.          2948.         -3156.
  576     211          -9583.           806.          2735.          2948.         -3093.
  577     212          -9556.           836.          2742.          2949.         -3030.
  578     213          -9529.           866.          2748.          2949.         -2966.
  579     214          -9501.           897.          2755.          2948.         -2900.
  580     215          -9472.           928.          2761.          2948.         -2834.
  581     216          -9442.           960.          2768.          2947.         -2768.
  582     217          -9412.           992.          2774.          2946.         -2700.
  583     218          -9381.          1024.          2780.          2945.         -2632.
  584     219          -9349.          1057.          2786.          2944.         -2562.
  585     220          -9316.          1090.          2791.          2943.         -2492.
  586     221          -9283.          1124.          2797.          2941.         -2422.
  587     222          -9249.          1158.          2802.          2939.         -2350.
  588     223          -9215.          1192.          2807.          2937.         -2278.
  589     224          -9180.          1227.          2812.          2935.         -2206.
  590     225          -9144.          1262.          2817.          2932.         -2132.
  591     226          -9108.          1298.          2822.          2929.         -2059.
  592     227          -9071.          1334.          2826.          2927.         -1984.
  593     228          -9033.          1370.          2831.          2923.         -1909.
  594     229          -8995.          1406.          2835.          2920.         -1833.
  595     230          -8956.          1443.          2839.          2917.         -1757.
  596     231          -8916.          1480.          2843.          2913.         -1680.
  597     232          -8876.          1517.          2846.          2909.         -1603.
  598     233          -8836.          1555.          2850.          2905.         -1526.
  599     234          -8795.          1593.          2853.          2901.         -1448.
  600     235          -8753.          1631.          2856.          2896.         -1369.
  601     236          -8711.          1670.          2859.          2892.         -1290.
  602     237          -8668.          1708.          2862.          2887.         -1211.
  603     238          -8625.          1747.          2865.          2882.         -1132.
  604     239          -8581.          1786.          2867.          2877.         -1052.
  605     240          -8537.          1825.          2869.          2871.          -972.
  606     241          -8493.          1865.          2871.          2866.          -891.
  607     242          -8448.          1904.          2873.          2860.          -810.
  608     243          -8402.          1944.          2875.          2854.          -730.
  609     244          -8356.          1984.          2876.          2848.          -648.
  610     245          -8310.          2024.          2878.          2841.          -567.
  611     246          -8263.          2064.          2879.          2835.          -486.
  612     247          -8216.          2104.          2880.          2828.          -404.
  613     248          -8169.          2145.          2880.          2821.          -322.
  614     249          -8121.          2185.          2881.          2814.          -241.
  615     250          -8073.          2226.          2881.          2807.          -159.
  616     251          -8025.          2266.          2881.          2800.           -77.
  617     252          -7976.          2307.          2881.          2792.             5.
  618     253          -7927.          2348.          2881.          2785.            87.
  619     254          -7878.          2388.          2881.          2777.           168.
  620     255          -7828.          2429.          2880.          2769.           250.
  621     256          -7779.          2470.          2880.          2761.           332.
  622     257          -7729.          2511.          2879.          2753.           413.
  623     258          -7678.          2551.          2877.          2744.           495.
  624     259          -7628.          2592.          2876.          2736.           576.
  625     260          -7577.          2633.          2875.          2727.           657.
  626     261          -7527.          2673.          2873.          2718.           738.
  627     262          -7476.          2714.          2871.          2709.           818.
  628     263          -7425.          2754.          2869.          2700.           899.
  629     264          -7373.          2794.          2867.          2691.           979.
  630     265          -7322.          2835.          2865.          2681.          1059.
  631     266          -7271.          2875.          2862.          2672.          1138.
  632     267          -7219.          2915.          2859.          2662.          1217.
  633     268          -7168.          2955.          2856.          2653.          1296.
  634     269          -7116.          2994.          2853.          2643.          1374.
  635     270          -7065.          3034.          2850.          2633.          1452.
  636     271          -7013.          3073.          2846.          2623.          1529.
  637     272          -6961.          3112.          2843.          2613.          1606.
  638     273          -6910.          3151.          2839.          2602.          1683.
  639     274          -6858.          3190.          2835.          2592.          1759.
  640     275          -6806.          3229.          2831.          2581.          1834.
  641     276          -6755.          3267.          2826.          2571.          1909.
  642     277          -6704.          3305.          2822.          2560.          1984.
  643     278          -6652.          3343.          2817.          2549.          2057.
  644     279          -6601.          3380.          2812.          2538.          2130.
  645     280          -6550.          3418.          2807.          2527.          2203.
  646     281          -6499.          3455.          2802.          2516.          2275.
  647     282          -6448.          3491.          2797.          2505.          2346.
  648     283          -6397.          3528.          2791.          2494.          2416.
  649     284          -6347.          3564.          2786.          2483.          2486.
  650     285          -6297.          3600.          2780.          2472.          2555.
  651     286          -6246.          3635.          2774.          2460.          2623.
  652     287          -6197.          3670.          2768.          2449.          2690.
  653     288          -6147.          3705.          2762.          2437.          2757.
  654     289          -6098.          3739.          2755.          2426.          2822.
  655     290          -6048.          3773.          2749.          2414.          2887.
  656     291          -6000.          3806.          2742.          2402.          2951.
  657     292          -5951.          3839.          2735.          2391.          3014.
  658     293          -5903.          3872.          2728.          2379.          3077.
  659     294          -5855.          3904.          2721.          2367.          3138.
  660     295          -5807.          3936.          2714.          2356.          3198.
  661     296          -5760.          3968.          2706.          2344.          3258.
  662     297          -5713.          3999.          2699.          2332.          3316.
  663     298          -5667.          4029.          2691.          2320.          3373.
  664     299          -5621.          4059.          2683.          2308.          3430.
  665     300          -5575.          4089.          2676.          2296.          3485.
  666     301          -5530.          4118.          2667.          2284.          3540.
  667     302          -5485.          4146.          2659.          2272.          3593.
  668     303          -5441.          4174.          2651.          2260.          3645.
  669     304          -5397.          4202.          2643.          2248.          3696.
  670     305          -5353.          4229.          2634.          2237.          3746.
  671     306          -5311.          4255.          2626.          2225.          3795.
  672     307          -5268.          4281.          2617.          2213.          3843.
  673     308          -5226.          4307.          2608.          2201.          3889.
  674     309          -5185.          4332.          2599.          2189.          3935.
  675     310          -5144.          4356.          2590.          2177.          3979.
  676     311          -5104.          4380.          2581.          2165.          4022.
  677     312          -5064.          4403.          2572.          2153.          4064.
  678     313          -5025.          4426.          2562.          2142.          4105.
  679     314          -4986.          4448.          2553.          2130.          4144.
  680     315          -4948.          4469.          2543.          2118.          4182.
  681     316          -4911.          4490.          2534.          2107.          4219.
  682     317          -4874.          4510.          2524.          2095.          4255.
  683     318          -4838.          4530.          2514.          2083.          4289.
  684     319          -4803.          4549.          2505.          2072.          4323.
  685     320          -4768.          4567.          2495.          2060.          4354.
  686     321          -4734.          4585.          2485.          2049.          4385.
  687     322          -4700.          4602.          2475.          2038.          4414.
  688     323          -4667.          4618.          2465.          2026.          4442.
  689     324          -4635.          4634.          2454.          2015.          4469.
  690     325          -4604.          4649.          2444.          2004.          4494.
  691     326          -4573.          4664.          2434.          1993.          4518.
  692     327          -4543.          4678.          2424.          1982.          4540.
  693     328          -4514.          4691.          2413.          1971.          4562.
  694     329          -4485.          4703.          2403.          1960.          4582.
  695     330          -4457.          4715.          2392.          1950.          4600.
  696     331          -4430.          4726.          2382.          1939.          4617.
  697     332          -4404.          4737.          2371.          1929.          4633.
  698     333          -4379.          4747.          2361.          1918.          4647.
  699     334          -4354.          4756.          2350.          1908.          4660.
  700     335          -4330.          4765.          2340.          1898.          4672.
  701     336          -4307.          4772.          2329.          1887.          4682.
  702     337          -4284.          4779.          2318.          1877.          4691.
  703     338          -4263.          4786.          2308.          1868.          4698.
  704     339          -4242.          4792.          2297.          1858.          4704.
  705     340          -4222.          4797.          2286.          1848.          4709.
  706     341          -4203.          4801.          2276.          1839.          4712.
  707     342          -4185.          4805.          2265.          1829.          4714.
  708     343          -4167.          4808.          2254.          1820.          4714.
  709     344          -4151.          4810.          2243.          1811.          4713.
  710     345          -4135.          4811.          2233.          1802.          4711.
  711     346          -4120.          4812.          2222.          1793.          4707.
  712     347          -4106.          4812.          2211.          1784.          4702.
  713     348          -4093.          4812.          2201.          1776.          4695.
  714     349          -4081.          4811.          2190.          1767.          4687.
  715     350          -4069.          4809.          2179.          1759.          4678.
  716     351          -4059.          4806.          2169.          1751.          4667.
  717     352          -4049.          4803.          2158.          1743.          4655.
  718     353          -4040.          4799.          2148.          1735.          4641.
  719     354          -4032.          4794.          2137.          1727.          4626.
  720     355          -4025.          4788.          2127.          1720.          4610.
  721     356          -4019.          4782.          2116.          1712.          4592.
  722     357          -4013.          4775.          2106.          1705.          4573.
  723     358          -4009.          4768.          2096.          1698.          4552.
  724     359          -4005.          4760.          2085.          1691.          4531.
  725     360          -4003.          4751.          2075.          1684.          4507.
  726     361          -4001.          4741.          2065.          1678.          4483.
  727     362          -4000.          4731.          2055.          1671.          4457.
  728     363          -4000.          4720.          2045.          1665.          4430.
  729     364          -4001.          4709.          2035.          1659.          4401.
  730     365          -4003.          4696.          2025.          1653.          4372.
  731       1          -4005.          4683.          2015.          1648.          4341.
  732       2          -4009.          4670.          2005.          1642.          4308.
  733       3          -4013.          4656.          1995.          1637.          4274.
  734       4          -4019.          4641.          1986.          1632.          4240.
  735       5          -4025.          4625.          1976.          1627.          4203.
  736       6          -4032.          4609.          1967.          1622.          4166.
  737       7          -4040.          4592.          1957.          1618.          4127.
  738       8          -4049.          4575.          1948.          1613.          4087.
  739       9          -4059.          4557.          1939.          1609.          4046.
  740      10          -4069.          4538.          1930.          1605.          4004.
  741      11          -4081.          4519.          1921.          1601.          3960.
  742      12          -4093.          4499.          1912.          1598.          3915.
  743      13          -4106.          4478.          1903.          1595.          3870.
  744      14          -4120.          4457.          1894.          1591.          3822.
  745      15          -4135.          4435.          1886.          1588.          3774.
  746      16          -4151.          4413.          1877.          1586.          3725.
  747      17          -4167.          4390.          1869.          1583.          3675.
  748      18          -4185.          4367.          1861.          1581.          3623.
  749      19          -4203.          4343.          1852.          1579.          3570.
  750      20          -4222.          4318.          1845.          1577.          3517.
  751      21          -4242.          4293.          1837.          1575.          3462.
  752      22          -4263.          4267.          1829.          1573.          3406.
  753      23          -4284.          4241.          1821.          1572.          3350.
  754      24          -4307.          4214.          1814.          1571.          3292.
  755      25          -4330.          4187.          1806.          1570.          3233.
  756      26          -4354.          4159.          1799.          1569.          3173.
  757      27          -4379.          4131.          1792.          1569.          3113.
  758      28          -4404.          4102.          1785.          1568.          3051.
  759      29          -4430.          4073.          1778.          1568.          2989.
  760      30          -4457.          4043.          1772.          1568.          2925.
  761      31          -4485.          4012.          1765.          1568.          2861.
  762      32          -4514.          3982.          1759.          1569.          2796.
  763      33          -4543.          3951.          1753.          1570.          2730.
  764      34          -4573.          3919.          1747.          1571.          2663.
  765      35          -4604.          3887.          1741.          1572.          2596.
  766      36          -4635.          3855.          1735.          1573.          2527.
  767      37          -4667.          3822.          1729.          1575.          2458.
  768      38          -4700.          3788.          1724.          1576.          2388.
  769      39          -4734.          3755.          1719.          1578.          2318.
  770      40          -4768.          3721.          1714.          1580.          2247.
  771      41          -4803.          3686.          1709.          1583.          2175.
  772      42          -4838.          3651.          1704.          1585.          2102.
  773      43          -4874.          3616.          1699.          1588.          2029.
  774      44          -4911.          3581.          1695.          1591.          1955.
  775      45          -4948.          3545.          1690.          1594.          1881.
  776      46          -4986.          3509.          1686.          1597.          1806.
  777      47          -5025.          3472.          1682.          1601.          1731.
  778      48          -5064.          3435.          1679.          1605.          1655.
  779      49          -5104.          3398.          1675.          1609.          1578.
  780      50          -5144.          3361.          1672.          1613.          1501.
  781      51          -5185.          3323.          1668.          1617.          1424.
  782      52          -5226.          3285.          1665.          1622.          1346.
  783      53          -5268.          3247.          1662.          1626.          1268.
  784      54          -5311.          3209.          1660.          1631.          1189.
  785      55          -5353.          3170.          1657.          1636.          1110.
  786      56          -5397.          3132.          1655.          1642.          1031.
  787      57          -5441.          3093.          1653.          1647.           951.
  788      58          -5485.          3053.          1651.          1653.           872.
  789      59          -5530.          3014.          1649.          1658.           791.
  790      60          -5575.          2975.          1647.          1664.           711.
  791      61          -5621.          2935.          1646.          1671.           630.
  792      62          -5667.          2895.          1645.          1677.           550.
  793      63          -5713.          2855.          1643.          1683.           469.
  794      64          -5760.          2815.          1643.          1690.           388.
  795      65          -5807.          2775.          1642.          1697.           306.
  796      66          -5855.          2735.          1641.          1704.           225.
  797      67          -5903.          2694.          1641.          1711.           144.
  798      68          -5951.          2654.          1641.          1719.            62.
  799      69          -6000.          2613.          1641.          1726.           -19.
  800      70          -6048.          2573.          1641.          1734.          -101.
  801      71          -6098.          2532.          1642.          1742.          -182.
  802      72          -6147.          2492.          1642.          1750.          -263.
  803      73          -6197.          2451.          1643.          1758.          -345.
  804      74          -6246.          2410.          1644.          1766.          -426.
  805      75          -6297.          2370.          1645.          1775.          -507.
  806      76          -6347.          2329.          1646.          1783.          -588.
  807      77          -6397.          2289.          1648.          1792.          -669.
  808      78          -6448.          2248.          1650.          1801.          -749.
  809      79          -6499.          2208.          1651.          1810.          -830.
  810      80          -6550.          2167.          1653.          1819.          -910.
  811      81          -6601.          2127.          1656.          1828.          -990.
  812      82          -6652.          2087.          1658.          1838.         -1069.
  813      83          -6704.          2047.          1661.          1847.         -1149.
  814      84          -6755.          2007.          1664.          1857.         -1227.
  815      85          -6806.          1967.          1667.          1867.         -1306.
  816      86          -6858.          1928.          1670.          1877.         -1384.
  817      87          -6910.          1888.          1673.          1887.         -1462.
  818      88          -6961.          1849.          1676.          1897.         -1539.
  819      89          -7013.          1810.          1680.          1907.         -1616.
  820      90          -7065.          1771.          1684.          1917.         -1693.
  821      91          -7116.          1732.          1688.          1928.         -1768.
  822      92          -7168.          1693.          1692.          1938.         -1844.
  823      93          -7219.          1655.          1697.          1949.         -1919.
  824      94          -7271.          1617.          1701.          1960.         -1993.
  825      95          -7322.          1579.          1706.          1971.         -2067.
  826      96          -7373.          1542.          1711.          1982.         -2140.
  827      97          -7425.          1504.          1716.          1993.         -2212.
  828      98          -7476.          1467.          1721.          2004.         -2284.
  829      99          -7527.          1431.          1726.          2015.         -2355.
  830     100          -7577.          1394.          1732.          2026.         -2426.
  831     101          -7628.          1358.          1737.          2037.         -2495.
  832     102          -7678.          1322.          1743.          2049.         -2564.
  833     103          -7729.          1287.          1749.          2060.         -2632.
  834     104          -7779.          1252.          1755.          2072.         -2700.
  835     105          -7828.          1217.          1761.          2083.         -2767.
  836     106          -7878.          1183.          1768.          2095.         -2832.
  837     107          -7927.          1149.          1774.          2107.         -2897.
  838     108          -7976.          1115.          1781.          2118.         -2962.
  839     109          -8025.          1082.          1788.          2130.         -3025.
  840     110          -8073.          1049.          1795.          2142.         -3087.
  841     111          -8121.          1017.          1802.          2154.         -3149.
  842     112          -8169.           985.          1810.          2166.         -3209.
  843     113          -8216.           953.          1817.          2178.         -3269.
  844     114          -8263.           922.          1825.          2189.         -3327.
  845     115          -8310.           891.          1832.          2201.         -3385.
  846     116          -8356.           861.          1840.          2213.         -3442.
  847     117          -8402.           832.          1848.          2225.         -3497.
  848     118          -8448.           802.          1856.          2237.         -3552.
  849     119          -8493.           774.          1864.          2249.         -3605.
  850     120          -8537.           745.          1873.          2261.         -3658.
  851     121          -8581.           718.          1881.          2273.         -3709.
  852     122          -8625.           690.          1889.          2285.         -3760.
  853     123          -8668.           664.          1898.          2297.         -3809.
  854     124          -8711.           638.          1907.          2309.         -3857.
  855     125          -8753.           612.          1916.          2321.         -3904.
  856     126          -8795.           587.          1925.          2333.         -3949.
  857     127          -8836.           563.          1934.          2345.         -3994.
  858     128          -8876.           539.          1943.          2357.         -4037.
  859     129          -8916.           515.          1952.          2369.         -4080.
  860     130          -8956.           492.          1962.          2381.         -4121.
  861     131          -8995.           470.          1971.          2393.         -4161.
  862     132          -9033.           449.          1981.          2405.         -4199.
  863     133          -9071.           428.          1990.          2416.         -4236.
  864     134          -9108.           407.          2000.          2428.         -4272.
  865     135          -9144.           387.          2010.          2440.         -4307.
  866     136          -9180.           368.          2020.          2451.         -4341.
  867     137          -9215.           349.          2029.          2463.         -4373.
  868     138          -9249.           331.          2039.          2474.         -4404.
  869     139          -9283.           314.          2050.          2486.         -4434.
  870     140          -9316.           297.          2060.          2497.         -4462.
  871     141          -9349.           281.          2070.          2509.         -4489.
  872     142          -9381.           266.          2080.          2520.         -4515.
  873     143          -9412.           251.          2090.          2531.         -4539.
  874     144          -9442.           237.          2101.          2542.         -4562.
  875     145          -9472.           224.          2111.          2553.         -4584.
  876     146          -9501.           211.          2122.          2564.         -4604.
  877     147          -9529.           199.          2132.          2575.         -4623.
  878     148          -9556.           187.          2143.          2586.         -4641.
  879     149          -9583.           176.          2153.          2596.         -4657.
  880     150          -9609.           166.          2164.          2607.         -4672.
  881     151          -9634.           157.          2175.          2617.         -4685.
  882     152          -9658.           148.          2185.          2628.         -4697.
  883     153          -9682.           140.          2196.          2638.         -4708.
  884     154          -9705.           133.          2207.          2648.         -4717.
  885     155          -9726.           126.          2217.          2658.         -4725.
  886     156          -9748.           120.          2228.          2668.         -4732.
  887     157          -9768.           115.          2239.          2678.         -4737.
  888     158          -9787.           110.          2250.          2687.         -4740.
  889     159          -9806.           106.          2260.          2697.         -4743.
  890     160          -9824.           103.          2271.          2706.         -4744.
  891     161          -9841.           100.          2282.          2716.         -4743.
  892     162          -9857.            99.          2293.          2725.         -4741.
  893     163          -9872.            97.          2304.          2734.         -4738.
  894     164          -9887.            97.          2314.          2743.         -4733.
  895     165          -9901.            97.          2325.          2751.         -4727.
  896     166          -9913.            98.          2336.          2760.         -4719.
  897     167          -9925.           100.          2346.          2768.         -4710.
  898     168          -9936.           102.          2357.          2777.         -4700.
  899     169          -9946.           105.          2368.          2785.         -4688.
  900     170          -9956.           109.          2378.          2793.         -4675.
  901     171          -9964.           114.          2389.          2801.         -4661.
  902     172          -9972.           119.          2400.          2808.         -4645.
  903     173          -9978.           125.          2410.          2816.         -4628.
  904     174          -9984.           131.          2421.          2823.         -4609.
  905     175          -9989.           138.          2431.          2830.         -4589.
  906     176          -9993.           146.          2441.          2837.         -4568.
  907     177          -9996.           155.          2452.          2844.         -4545.
  908     178          -9998.           164.          2462.          2851.         -4521.
  909     179         -10000.           174.          2472.          2857.         -4496.
  910     180         -10000.           185.          2482.          2864.         -4469.
  911     181         -10000.           196.          2492.          2870.         -4441.
  912     182          -9998.           208.          2503.          2876.         -4412.
  913     183          -9996.           221.          2512.          2882.         -4381.
  914     184          -9993.           234.          2522.          2887.         -4349.
  915     185          -9989.           248.          2532.          2893.         -4316.
  916     186          -9984.           263.          2542.          2898.         -4282.
  917     187          -9978.           278.          2552.          2903.         -4246.
  918     188          -9972.           294.          2561.          2908.         -4209.
  919     189          -9964.           310.          2571.          2913.         -4171.
  920     190          -9956.           327.          2580.          2917.         -4131.
  921     191          -9946.           345.          2589.          2921.         -4090.
  922     192          -9936.           364.          2598.          2926.         -4048.
  923     193          -9925.           383.          2608.          2929.         -4005.
  924     194          -9913.           403.          2617.          2933.         -3961.
  925     195          -9901.           423.          2626.          2937.         -3916.
  926     196          -9887.           444.          2634.          2940.         -3869.
  927     197          -9872.           465.          2643.          2943.         -3821.
  928     198          -9857.           487.          2652.          2946.         -3772.
  929     199          -9841.           510.          2660.          2949.         -3722.
  930     200          -9824.           533.          2668.          2951.         -3671.
  931     201          -9806.           557.          2677.          2954.         -3619.
  932     202          -9787.           581.          2685.          2956.         -3566.
  933     203          -9768.           606.          2693.          2958.         -3511.
  934     204          -9748.           632.          2701.          2959.         -3456.
  935     205          -9726.           658.          2708.          2961.         -3399.
  936     206          -9705.           684.          2716.          2962.         -3342.
  937     207          -9682.           712.          2723.          2963.         -3284.
  938     208          -9658.           739.          2731.          2964.         -3224.
  939     209          -9634.           767.          2738.          2965.         -3164.
  940     210          -9609.           796.          2745.          2965.         -3103.
  941     211          -9583.           825.          2752.          2966.         -3041.
  942     212          -9556.           855.          2759.          2966.         -2977.
  943     213          -9529.           885.          2765.          2965.         -2913.
  944     214          -9501.           915.          2772.          2965.         -2849.
  945     215          -9472.           946.          2778.          2965.         -2783.
  946     216          -9442.           978.          2784.          2964.         -2717.
  947     217          -9412.          1009.          2790.          2963.         -2649.
  948     218          -9381.          1042.          2796.          2962.         -2581.
  949     219          -9349.          1074.          2802.          2960.         -2512.
  950     220          -9316.          1108.          2807.          2959.         -2443.
  951     221          -9283.          1141.          2813.          2957.         -2372.
  952     222          -9249.          1175.          2818.          2955.         -2301.
  953     223          -9215.          1209.          2823.          2953.         -2230.
  954     224          -9180.          1244.          2828.          2950.         -2157.
  955     225          -9144.          1279.          2833.          2948.         -2084.
  956     226          -9108.          1314.          2837.          2945.         -2011.
  957     227          -9071.          1350.          2842.          2942.         -1937.
  958     228          -9033.          1386.          2846.          2939.         -1862.
  959     229          -8995.          1423.          2850.          2935.         -1787.
  960     230          -8956.          1459.          2854.          2932.         -1711.
  961     231          -8916.          1496.          2858.          2928.         -1634.
  962     232          -8876.          1533.          2861.          2924.         -1558.
  963     233          -8836.          1571.          2865.          2920.         -1480.
  964     234          -8795.          1609.          2868.          2915.         -1403.
  965     235          -8753.          1647.          2871.          2911.         -1324.
  966     236          -8711.          1685.          2874.          2906.         -1246.
  967     237          -8668.          1724.          2876.          2901.         -1167.
  968     238          -8625.          1762.          2879.          2896.         -1088.
  969     239          -8581.          1801.          2881.          2891.         -1008.
  970     240          -8537.          1840.          2883.          2885.          -928.
  971     241          -8493.          1880.          2885.          2879.          -848.
  972     242          -8448.          1919.          2887.          2874.          -768.
  973     243          -8402.          1959.          2888.          2868.          -687.
  974     244          -8356.          1999.          2890.          2861.          -606.
  975     245          -8310.          2039.          2891.          2855.          -525.
  976     246          -8263.          2079.          2892.          2848.          -444.
  977     247          -8216.          2119.          2893.          2842.          -363.
  978     248          -8169.          2159.          2894.          2835.          -282.
  979     249          -8121.          2199.          2894.          2828.          -200.
  980     250          -8073.          2240.          2894.          2820.          -119.
  981     251          -8025.          2280.          2894.          2813.           -37.
  982     252          -7976.          2321.          2894.          2805.            45.
  983     253          -7927.          2362.          2894.          2798.           126.
  984     254          -7878.          2402.          2894.          2790.           208.
  985     255          -7828.          2443.          2893.          2782.           289.
  986     256          -7779.          2483.          2892.          2773.           370.
  987     257          -7729.          2524.          2891.          2765.           452.
  988     258          -7678.          2565.          2890.          2757.           533.
  989     259          -7628.          2605.          2888.          2748.           614.
  990     260          -7577.          2646.          2887.          2739.           695.
  991     261          -7527.          2686.          2885.          2730.           775.
  992     262          -7476.          2727.          2883.          2721.           855.
  993     263          -7425.          2767.          2881.          2712.           936.
  994     264          -7373.          2807.          2879.          2703.          1015.
  995     265          -7322.          2847.          2876.          2693.          1095.
  996     266          -7271.          2887.          2874.          2684.          1174.
  997     267          -7219.          2927.          2871.          2674.          1253.
  998     268          -7168.          2967.          2868.          2664.          1331.
  999     269          -7116.          3007.          2865.          2654.          1409.
 1000     270          -7065.          3046.          2861.          2644.          1487.
 1001     271          -7013.          3085.          2858.          2634.          1564.
 1002     272          -6961.          3125.          2854.          2624.          1641.
 1003     273          -6910.          3163.          2850.          2613.          1717.
 1004     274          -6858.          3202.          2846.          2603.          1793.
 1005     275          -6806.          3241.          2842.          2592.          1868.
 1006     276          -6755.          3279.          2837.          2582.          1943.
 1007     277          -6704.          3317.          2833.          2571.          2017.
 1008     278          -6652.          3355.          2828.          2560.          2090.
 1009     279          -6601.          3392.          2823.          2549.          2163.
 1010     280          -6550.          3429.          2818.          2538.          2235.
 1011     281          -6499.          3466.          2813.          2527.          2307.
 1012     282          -6448.          3503.          2807.          2516.          2378.
 1013     283          -6397.          3539.          2802.          2505.          2448.
 1014     284          -6347.          3575.          2796.          2493.          2518.
 1015     285          -6297.          3611.          2790.          2482.          2586.
 1016     286          -6246.          3646.          2784.          2470.          2654.
 1017     287          -6197.          3681.          2778.          2459.          2721.
 1018     288          -6147.          3715.          2772.          2447.          2788.
 1019     289          -6098.          3750.          2765.          2436.          2853.
 1020     290          -6048.          3784.          2759.          2424.          2918.
 1021     291          -6000.          3817.          2752.          2412.          2982.
 1022     292          -5951.          3850.          2745.          2401.          3044.
 1023     293          -5903.          3883.          2738.          2389.          3106.
 1024     294          -5855.          3915.          2731.          2377.          3168.
 1025     295          -5807.          3947.          2723.          2365.          3228.
 1026     296          -5760.          3978.          2716.          2353.          3287.
 1027     297          -5713.          4009.          2708.          2341.          3345.
 1028     298          -5667.          4039.          2701.          2329.          3402.
 1029     299          -5621.          4069.          2693.          2317.          3458.
 1030     300          -5575.          4099.          2685.          2305.          3514.
 1031     301          -5530.          4128.          2677.          2293.          3568.
 1032     302          -5485.          4156.          2668.          2281.          3621.
 1033     303          -5441.          4184.          2660.          2269.          3673.
 1034     304          -5397.          4212.          2652.          2257.          3724.
 1035     305          -5353.          4239.          2643.          2245.          3774.
 1036     306          -5311.          4265.          2634.          2233.          3822.
 1037     307          -5268.          4291.          2626.          2222.          3870.
 1038     308          -5226.          4316.          2617.          2210.          3916.
 1039     309          -5185.          4341.          2608.          2198.          3962.
 1040     310          -5144.          4365.          2599.          2186.          4006.
 1041     311          -5104.          4389.          2589.          2174.          4049.
 1042     312          -5064.          4412.          2580.          2162.          4090.
 1043     313          -5025.          4435.          2571.          2150.          4131.
 1044     314          -4986.          4457.          2561.          2138.          4170.
 1045     315          -4948.          4478.          2552.          2127.          4208.
 1046     316          -4911.          4499.          2542.          2115.          4245.
 1047     317          -4874.          4519.          2532.          2103.          4280.
 1048     318          -4838.          4538.          2523.          2092.          4314.
 1049     319          -4803.          4557.          2513.          2080.          4347.
 1050     320          -4768.          4576.          2503.          2068.          4379.
 1051     321          -4734.          4593.          2493.          2057.          4410.
 1052     322          -4700.          4610.          2483.          2046.          4439.
 1053     323          -4667.          4627.          2472.          2034.          4466.
 1054     324          -4635.          4643.          2462.          2023.          4493.
 1055     325          -4604.          4658.          2452.          2012.          4518.
 1056     326          -4573.          4672.          2442.          2001.          4542.
 1057     327          -4543.          4686.          2431.          1990.          4564.
 1058     328          -4514.          4699.          2421.          1979.          4585.
 1059     329          -4485.          4712.          2410.          1968.          4605.
 1060     330          -4457.          4723.          2400.          1957.          4623.
 1061     331          -4430.          4735.          2389.          1947.          4640.
 1062     332          -4404.          4745.          2379.          1936.          4656.
 1063     333          -4379.          4755.          2368.          1925.          4670.
 1064     334          -4354.          4764.          2358.          1915.          4683.
 1065     335          -4330.          4772.          2347.          1905.          4694.
 1066     336          -4307.          4780.          2336.          1895.          4704.
 1067     337          -4284.          4787.          2325.          1885.          4713.
 1068     338          -4263.          4794.          2315.          1875.          4720.
 1069     339          -4242.          4799.          2304.          1865.          4726.
 1070     340          -4222.          4804.          2293.          1855.          4730.
 1071     341          -4203.          4808.          2283.          1846.          4733.
 1072     342          -4185.          4812.          2272.          1836.          4735.
 1073     343          -4167.          4815.          2261.          1827.          4735.
 1074     344          -4151.          4817.          2250.          1818.          4734.
 1075     345          -4135.          4819.          2239.          1809.          4732.
 1076     346          -4120.          4819.          2229.          1800.          4728.
 1077     347          -4106.          4820.          2218.          1791.          4722.
 1078     348          -4093.          4819.          2207.          1782.          4715.
 1079     349          -4081.          4818.          2197.          1774.          4707.
 1080     350          -4069.          4816.          2186.          1765.          4698.
 1081     351          -4059.          4813.          2175.          1757.          4687.
 1082     352          -4049.          4810.          2165.          1749.          4674.
 1083     353          -4040.          4805.          2154.          1741.          4661.
 1084     354          -4032.          4801.          2144.          1733.          4646.
 1085     355          -4025.          4795.          2133.          1726.          4629.
 1086     356          -4019.          4789.          2123.          1718.          4611.
 1087     357          -4013.          4782.          2112.          1711.          4592.
 1088     358          -4009.          4775.          2102.          1704.          4571.
 1089     359          -4005.          4766.          2091.          1697.          4549.
 1090     360          -4003.          4757.          2081.          1690.          4526.
 1091     361          -4001.          4748.          2071.          1684.          4502.
 1092     362          -4000.          4738.          2061.          1677.          4476.
 1093     363          -4000.          4727.          2051.          1671.          4448.
 1094     364          -4001.          4715.          2040.          1665.          4420.
 1095     365          -4003.          4703.          2031.          1659.          4390.
