 Day of  Day of
 sim.     year         Qrad         Qslur2air     Qslur2floor      Qslur2wall       Qout
    1       1            -10.             9.             5.            28.            32.
    2       2            -10.             8.             5.            27.            30.
    3       3            -10.             8.             4.            26.            28.
    4       4            -10.             7.             4.            25.            26.
    5       5            -10.             7.             4.            24.            25.
    6       6            -10.             7.             4.            23.            23.
    7       7            -10.             7.             3.            22.            22.
    8       8            -10.             6.             3.            21.            21.
    9       9            -10.             6.             3.            20.            19.
   10      10            -10.             6.             3.            20.            18.
   11      11            -10.             5.             3.            19.            17.
   12      12            -10.             5.             3.            18.            16.
   13      13            -10.             5.             3.            18.            15.
   14      14            -10.             5.             2.            17.            14.
   15      15            -10.             5.             2.            17.            13.
   16      16            -10.             4.             2.            16.            12.
   17      17            -10.             4.             2.            16.            12.
   18      18            -10.             4.             2.            15.            11.
   19      19            -11.             4.             2.            15.            10.
   20      20            -11.             4.             2.            14.             9.
   21      21            -11.             4.             2.            14.             9.
   22      22            -11.             3.             2.            14.             8.
   23      23            -11.             3.             2.            13.             8.
   24      24            -11.             3.             2.            13.             7.
   25      25            -11.             3.             2.            13.             7.
   26      26            -11.             3.             2.            12.             6.
   27      27            -11.             3.             2.            12.             6.
   28      28            -11.             3.             2.            12.             5.
   29      29            -11.             3.             2.            12.             5.
   30      30            -11.             2.             2.            11.             4.
   31      31            -11.             2.             2.            11.             4.
   32      32            -11.             2.             2.            11.             4.
   33      33            -11.             2.             2.            11.             3.
   34      34            -11.             2.             2.            11.             3.
   35      35            -12.             2.             2.            11.             3.
   36      36            -12.             2.             2.            10.             2.
   37      37            -12.             2.             2.            10.             2.
   38      38            -12.             2.             2.            10.             2.
   39      39            -12.             2.             2.            10.             1.
   40      40            -12.             1.             2.            10.             1.
   41      41            -12.             1.             2.            10.             1.
   42      42            -12.             1.             2.            10.             0.
   43      43            -12.             1.             2.             9.             0.
   44      44            -12.             1.             2.             9.            -0.
   45      45            -12.             1.             2.             9.            -0.
   46      46            -12.             1.             2.             9.            -1.
   47      47            -13.             1.             2.             9.            -1.
   48      48            -13.             1.             2.             9.            -1.
   49      49            -13.             1.             2.             9.            -1.
   50      50            -13.             1.             2.             9.            -1.
   51      51            -13.             1.             2.             9.            -2.
   52      52            -13.             1.             2.             9.            -2.
   53      53            -13.             1.             2.             9.            -2.
   54      54            -13.             0.             2.             9.            -2.
   55      55            -13.             0.             2.             8.            -2.
   56      56            -13.             0.             2.             8.            -3.
   57      57            -14.             0.             2.             8.            -3.
   58      58            -14.             0.             2.             8.            -3.
   59      59            -14.             0.             2.             8.            -3.
   60      60            -14.             0.             2.             8.            -3.
   61      61            -14.             0.             2.             8.            -4.
   62      62            -14.             0.             2.             8.            -4.
   63      63            -14.             0.             2.             8.            -4.
   64      64            -14.            -0.             2.             8.            -4.
   65      65            -15.            -0.             2.             8.            -4.
   66      66            -15.            -0.             2.             8.            -4.
   67      67            -15.            -0.             2.             8.            -4.
   68      68            -15.            -0.             2.             8.            -5.
   69      69            -15.            -0.             3.             8.            -5.
   70      70            -15.            -0.             3.             8.            -5.
   71      71            -15.            -0.             3.             8.            -5.
   72      72            -15.            -0.             3.             8.            -5.
   73      73            -15.            -0.             3.             8.            -5.
   74      74            -16.            -0.             3.             8.            -5.
   75      75            -16.            -0.             3.             8.            -6.
   76      76            -16.            -1.             3.             8.            -6.
   77      77            -16.            -1.             3.             8.            -6.
   78      78            -16.            -1.             3.             8.            -6.
   79      79            -16.            -1.             3.             8.            -6.
   80      80            -16.            -1.             3.             8.            -6.
   81      81            -17.            -1.             3.             8.            -6.
   82      82            -17.            -1.             3.             8.            -6.
   83      83            -17.            -1.             3.             8.            -7.
   84      84            -17.            -1.             3.             8.            -7.
   85      85            -17.            -1.             3.             8.            -7.
   86      86            -17.            -1.             3.             8.            -7.
   87      87            -17.            -1.             3.             8.            -7.
   88      88            -17.            -1.             3.             8.            -7.
   89      89            -18.            -1.             3.             8.            -7.
   90      90            -18.            -1.             3.             8.            -7.
   91      91            -18.            -1.             3.             8.            -7.
   92      92            -18.            -1.             4.             8.            -7.
   93      93            -18.            -1.             4.             8.            -8.
   94      94            -18.            -1.             4.             8.            -8.
   95      95            -18.            -1.             4.             8.            -8.
   96      96            -18.            -1.             4.             8.            -8.
   97      97            -19.            -1.             4.             8.            -8.
   98      98            -19.            -1.             4.             8.            -8.
   99      99            -19.            -1.             4.             8.            -8.
  100     100            -19.            -1.             4.             8.            -8.
  101     101            -19.            -1.             4.             8.            -8.
  102     102            -19.            -1.             4.             8.            -8.
  103     103            -19.            -1.             4.             8.            -8.
  104     104            -19.            -1.             4.             8.            -8.
  105     105            -20.            -1.             4.             8.            -8.
  106     106            -20.            -1.             4.             8.            -8.
  107     107            -20.            -1.             4.             8.            -9.
  108     108            -20.            -1.             4.             8.            -9.
  109     109            -20.            -1.             4.             8.            -9.
  110     110            -20.            -1.             4.             8.            -9.
  111     111            -20.            -1.             4.             8.            -9.
  112     112            -20.            -1.             4.             8.            -9.
  113     113            -21.            -1.             4.             8.            -9.
  114     114            -21.            -1.             4.             8.            -9.
  115     115            -21.            -1.             4.             8.            -9.
  116     116            -21.            -1.             4.             8.            -9.
  117     117            -21.            -1.             4.             8.            -9.
  118     118            -21.            -1.             5.             8.            -9.
  119     119            -21.            -1.             5.             8.            -9.
  120     120            -21.            -1.             5.             9.            -9.
  121     121            -21.            -1.             5.             9.            -9.
  122     122            -22.            -1.             5.             9.            -9.
  123     123            -22.            -1.             5.             9.            -9.
  124     124            -22.            -1.             5.             9.            -9.
  125     125            -22.            -1.             5.             9.            -9.
  126     126            -22.            -1.             5.             9.            -9.
  127     127            -22.            -1.             5.             9.            -9.
  128     128            -22.            -1.             5.             9.            -9.
  129     129            -22.            -0.             5.             9.            -9.
  130     130            -22.            -0.             5.             9.            -9.
  131     131            -22.            -0.             5.             9.            -9.
  132     132            -23.            -0.             5.             9.            -9.
  133     133            -23.            -0.             5.             9.            -9.
  134     134            -23.            -0.             5.             9.            -9.
  135     135            -23.            -0.             5.             9.            -9.
  136     136            -23.            -0.             5.             9.            -9.
  137     137            -23.            -0.             5.             9.            -9.
  138     138            -23.            -0.             5.             9.            -9.
  139     139            -23.            -0.             5.             9.            -9.
  140     140            -23.            -0.             5.             9.            -9.
  141     141            -23.            -0.             5.            10.            -9.
  142     142            -23.             0.             5.            10.            -9.
  143     143            -24.             0.             5.            10.            -9.
  144     144            -24.             0.             5.            10.            -9.
  145     145            -24.             0.             5.            10.            -9.
  146     146            -24.             0.             5.            10.            -9.
  147     147            -24.             0.             5.            10.            -8.
  148     148            -24.             0.             5.            10.            -8.
  149     149            -24.             0.             5.            10.            -8.
  150     150            -24.             0.             5.            10.            -8.
  151     151            -24.             0.             5.            10.            -8.
  152     152            -24.             0.             5.            10.            -8.
  153     153            -24.             1.             5.            10.            -8.
  154     154            -24.             1.             5.            10.            -8.
  155     155            -24.             1.             5.            10.            -8.
  156     156            -24.             1.             5.            10.            -8.
  157     157            -24.             1.             5.            11.            -8.
  158     158            -24.             1.             5.            11.            -8.
  159     159            -25.             1.             5.            11.            -8.
  160     160            -25.             1.             5.            11.            -8.
  161     161            -25.             1.             5.            11.            -7.
  162     162            -25.             1.             5.            11.            -7.
  163     163            -25.             1.             5.            11.            -7.
  164     164            -25.             1.             5.            11.            -7.
  165     165            -25.             1.             5.            11.            -7.
  166     166            -25.             1.             5.            11.            -7.
  167     167            -25.             1.             5.            11.            -7.
  168     168            -25.             1.             5.            11.            -7.
  169     169            -25.             1.             5.            11.            -7.
  170     170            -25.             2.             5.            11.            -7.
  171     171            -25.             2.             5.            11.            -6.
  172     172            -25.             2.             5.            11.            -6.
  173     173            -25.             2.             5.            12.            -6.
  174     174            -25.             2.             5.            12.            -6.
  175     175            -25.             2.             5.            12.            -6.
  176     176            -25.             2.             5.            12.            -6.
  177     177            -25.             2.             5.            12.            -6.
  178     178            -25.             2.             5.            12.            -6.
  179     179            -25.             2.             5.            12.            -6.
  180     180            -25.             2.             5.            12.            -5.
  181     181            -25.             2.             5.            12.            -5.
  182     182            -25.             2.             5.            12.            -5.
  183     183            -25.             2.             5.            12.            -5.
  184     184            -25.             2.             5.            12.            -5.
  185     185            -25.             3.             5.            12.            -5.
  186     186            -25.             3.             5.            12.            -5.
  187     187            -25.             3.             5.            12.            -4.
  188     188            -25.             3.             5.            13.            -4.
  189     189            -25.             3.             5.            13.            -4.
  190     190            -25.             3.             5.            13.            -4.
  191     191            -25.             3.             5.            13.            -4.
  192     192            -25.             3.             5.            13.            -4.
  193     193            -25.             3.             5.            13.            -4.
  194     194            -25.             3.             5.            13.            -4.
  195     195            -25.             3.             5.            13.            -3.
  196     196            -25.             3.             5.            13.            -3.
  197     197            -25.             3.             5.            13.            -3.
  198     198            -25.             3.             5.            13.            -3.
  199     199            -25.             4.             5.            13.            -3.
  200     200            -25.             4.             5.            13.            -3.
  201     201            -25.             4.             5.            13.            -2.
  202     202            -24.             4.             5.            13.            -2.
  203     203            -24.             4.             5.            13.            -2.
  204     204            -24.             4.             5.            13.            -2.
  205     205            -24.             4.             5.            14.            -2.
  206     206            -24.             4.             5.            14.            -2.
  207     207            -24.             4.             5.            14.            -2.
  208     208            -24.             4.             5.            14.            -1.
  209     209            -24.             4.             5.            14.            -1.
  210     210            -24.             4.             5.            14.            -1.
  211     211            -24.             4.             5.            14.            -1.
  212     212            -24.             4.             5.            14.            -1.
  213     213            -24.             4.             5.            14.            -1.
  214     214            -24.             5.             5.            14.            -1.
  215     215            -24.             5.             5.            14.            -0.
  216     216            -24.             5.             5.            14.            -0.
  217     217            -24.             5.             5.            14.            -0.
  218     218            -23.             5.             5.            14.             0.
  219     219            -23.             5.             5.            14.             0.
  220     220            -23.             5.             5.            14.             0.
  221     221            -23.             5.             4.            14.             1.
  222     222            -23.             5.             4.            14.             1.
  223     223            -23.             5.             4.            14.             1.
  224     224            -23.             5.             4.            14.             1.
  225     225            -23.             5.             4.            15.             1.
  226     226            -23.             5.             4.            15.             1.
  227     227            -23.             5.             4.            15.             2.
  228     228            -23.             5.             4.            15.             2.
  229     229            -22.             5.             4.            15.             2.
  230     230            -22.             6.             4.            15.             2.
  231     231            -22.             6.             4.            15.             2.
  232     232            -22.             6.             4.            15.             2.
  233     233            -22.             6.             4.            15.             2.
  234     234            -22.             6.             4.            15.             3.
  235     235            -22.             6.             4.            15.             3.
  236     236            -22.             6.             4.            15.             3.
  237     237            -22.             6.             4.            15.             3.
  238     238            -22.             6.             4.            15.             3.
  239     239            -21.             6.             4.            15.             3.
  240     240            -21.             6.             4.            15.             3.
  241     241            -21.             6.             4.            15.             4.
  242     242            -21.             6.             4.            15.             4.
  243     243            -21.             6.             4.            15.             4.
  244     244            -21.             6.             4.            15.             4.
  245     245            -21.             6.             4.            15.             4.
  246     246            -21.             6.             3.            15.             4.
  247     247            -21.             6.             3.            15.             4.
  248     248            -20.             6.             3.            15.             5.
  249     249            -20.             6.             3.            15.             5.
  250     250            -20.             6.             3.            15.             5.
  251     251            -20.             7.             3.            15.             5.
  252     252            -20.             7.             3.            15.             5.
  253     253            -20.             7.             3.            15.             5.
  254     254            -20.             7.             3.            15.             5.
  255     255            -20.             7.             3.            15.             5.
  256     256            -19.             7.             3.            15.             6.
  257     257            -19.             7.             3.            15.             6.
  258     258            -19.             7.             3.            15.             6.
  259     259            -19.             7.             3.            15.             6.
  260     260            -19.             7.             3.            15.             6.
  261     261            -19.             7.             3.            15.             6.
  262     262            -19.             7.             3.            15.             6.
  263     263            -19.             7.             3.            15.             6.
  264     264            -18.             7.             3.            15.             7.
  265     265            -18.             7.             3.            15.             7.
  266     266            -18.             7.             3.            15.             7.
  267     267            -18.             7.             3.            15.             7.
  268     268            -18.             7.             3.            15.             7.
  269     269            -18.             7.             2.            15.             7.
  270     270            -18.             7.             2.            15.             7.
  271     271            -18.             7.             2.            15.             7.
  272     272            -17.             7.             2.            15.             7.
  273     273            -17.             7.             2.            15.             7.
  274     274            -17.             7.             2.            15.             7.
  275     275            -17.             7.             2.            15.             8.
  276     276            -17.             7.             2.            15.             8.
  277     277            -17.             7.             2.            15.             8.
  278     278            -17.             7.             2.            15.             8.
  279     279            -17.             7.             2.            15.             8.
  280     280            -16.             7.             2.            15.             8.
  281     281            -16.             7.             2.            15.             8.
  282     282            -16.             7.             2.            15.             8.
  283     283            -16.             7.             2.            15.             8.
  284     284            -16.             7.             2.            15.             8.
  285     285            -16.             7.             2.            15.             8.
  286     286            -16.             7.             2.            15.             8.
  287     287            -15.             7.             2.            15.             8.
  288     288            -15.             7.             2.            15.             8.
  289     289            -15.             7.             2.            15.             9.
  290     290            -15.             7.             2.            15.             9.
  291     291            -15.             7.             2.            15.             9.
  292     292            -15.             7.             2.            15.             9.
  293     293            -15.             7.             2.            15.             9.
  294     294            -15.             7.             1.            15.             9.
  295     295            -15.             7.             1.            15.             9.
  296     296            -14.             7.             1.            15.             9.
  297     297            -14.             7.             1.            15.             9.
  298     298            -14.             7.             1.            15.             9.
  299     299            -14.             7.             1.            15.             9.
  300     300            -14.             7.             1.            15.             9.
  301     301            -14.             7.             1.            15.             9.
  302     302            -14.             7.             1.            15.             9.
  303     303            -14.             7.             1.            14.             9.
  304     304            -13.             7.             1.            14.             9.
  305     305            -13.             7.             1.            14.             9.
  306     306            -13.             7.             1.            14.             9.
  307     307            -13.             7.             1.            14.             9.
  308     308            -13.             7.             1.            14.             9.
  309     309            -13.             7.             1.            14.             9.
  310     310            -13.             7.             1.            14.             9.
  311     311            -13.             7.             1.            14.             9.
  312     312            -13.             7.             1.            14.             9.
  313     313            -13.             7.             1.            14.             9.
  314     314            -12.             7.             1.            14.             9.
  315     315            -12.             7.             1.            14.             9.
  316     316            -12.             7.             1.            14.             9.
  317     317            -12.             7.             1.            14.             9.
  318     318            -12.             6.             1.            14.             9.
  319     319            -12.             6.             1.            14.             9.
  320     320            -12.             6.             1.            14.             9.
  321     321            -12.             6.             1.            14.             9.
  322     322            -12.             6.             1.            14.             9.
  323     323            -12.             6.             1.            13.             9.
  324     324            -12.             6.             1.            13.             9.
  325     325            -12.             6.             1.            13.             9.
  326     326            -11.             6.             1.            13.             9.
  327     327            -11.             6.             1.            13.             9.
  328     328            -11.             6.             1.            13.             9.
  329     329            -11.             6.             1.            13.             8.
  330     330            -11.             6.             1.            13.             8.
  331     331            -11.             6.             0.            13.             8.
  332     332            -11.             6.             0.            13.             8.
  333     333            -11.             6.             0.            13.             8.
  334     334            -11.             6.             0.            13.             8.
  335     335            -11.             6.             0.            13.             8.
  336     336            -11.             6.             0.            13.             8.
  337     337            -11.             6.             0.            13.             8.
  338     338            -11.             6.             0.            13.             8.
  339     339            -11.             5.             0.            13.             8.
  340     340            -11.             5.             0.            12.             8.
  341     341            -11.             5.             0.            12.             8.
  342     342            -10.             5.             0.            12.             8.
  343     343            -10.             5.             0.            12.             7.
  344     344            -10.             5.             0.            12.             7.
  345     345            -10.             5.             0.            12.             7.
  346     346            -10.             5.             0.            12.             7.
  347     347            -10.             5.             0.            12.             7.
  348     348            -10.             5.             0.            12.             7.
  349     349            -10.             5.             0.            12.             7.
  350     350            -10.             5.             0.            12.             7.
  351     351            -10.             5.             0.            12.             7.
  352     352            -10.             5.             0.            12.             7.
  353     353            -10.             5.             0.            12.             7.
  354     354            -10.             5.             0.            12.             6.
  355     355            -10.             5.             0.            12.             6.
  356     356            -10.             4.             0.            11.             6.
  357     357            -10.             4.             0.            11.             6.
  358     358            -10.             4.             0.            11.             6.
  359     359            -10.             4.             0.            11.             6.
  360     360            -10.             4.             0.            11.             6.
  361     361            -10.             4.             0.            11.             6.
  362     362            -10.             4.             0.            11.             5.
  363     363            -10.             4.             0.            11.             5.
  364     364            -10.             4.             0.            11.             5.
  365     365            -10.             4.             0.            11.             5.
  366       1            -10.             4.             0.            11.             5.
  367       2            -10.             4.             0.            11.             5.
  368       3            -10.             4.             0.            11.             5.
  369       4            -10.             4.             0.            11.             5.
  370       5            -10.             3.             0.            11.             4.
  371       6            -10.             3.             0.            10.             4.
  372       7            -10.             3.             0.            10.             4.
  373       8            -10.             3.             1.            10.             4.
  374       9            -10.             3.             1.            10.             4.
  375      10            -10.             3.             1.            10.             4.
  376      11            -10.             3.             1.            10.             4.
  377      12            -10.             3.             1.            10.             3.
  378      13            -10.             3.             1.            10.             3.
  379      14            -10.             3.             1.            10.             3.
  380      15            -10.             3.             1.            10.             3.
  381      16            -10.             3.             1.            10.             3.
  382      17            -10.             3.             1.            10.             3.
  383      18            -10.             3.             1.            10.             3.
  384      19            -11.             3.             1.            10.             2.
  385      20            -11.             2.             1.            10.             2.
  386      21            -11.             2.             1.            10.             2.
  387      22            -11.             2.             1.            10.             2.
  388      23            -11.             2.             1.             9.             2.
  389      24            -11.             2.             1.             9.             2.
  390      25            -11.             2.             1.             9.             2.
  391      26            -11.             2.             1.             9.             1.
  392      27            -11.             2.             1.             9.             1.
  393      28            -11.             2.             1.             9.             1.
  394      29            -11.             2.             1.             9.             1.
  395      30            -11.             2.             1.             9.             1.
  396      31            -11.             2.             1.             9.             1.
  397      32            -11.             2.             1.             9.             0.
  398      33            -11.             2.             1.             9.             0.
  399      34            -11.             2.             1.             9.             0.
  400      35            -12.             1.             1.             9.            -0.
  401      36            -12.             1.             1.             9.            -0.
  402      37            -12.             1.             1.             9.            -0.
  403      38            -12.             1.             1.             9.            -1.
  404      39            -12.             1.             1.             9.            -1.
  405      40            -12.             1.             1.             9.            -1.
  406      41            -12.             1.             1.             9.            -1.
  407      42            -12.             1.             1.             9.            -1.
  408      43            -12.             1.             1.             8.            -1.
  409      44            -12.             1.             1.             8.            -1.
  410      45            -12.             1.             2.             8.            -2.
  411      46            -12.             1.             2.             8.            -2.
  412      47            -13.             1.             2.             8.            -2.
  413      48            -13.             1.             2.             8.            -2.
  414      49            -13.             1.             2.             8.            -2.
  415      50            -13.             1.             2.             8.            -2.
  416      51            -13.             1.             2.             8.            -2.
  417      52            -13.             0.             2.             8.            -3.
  418      53            -13.             0.             2.             8.            -3.
  419      54            -13.             0.             2.             8.            -3.
  420      55            -13.             0.             2.             8.            -3.
  421      56            -13.             0.             2.             8.            -3.
  422      57            -14.             0.             2.             8.            -3.
  423      58            -14.             0.             2.             8.            -4.
  424      59            -14.             0.             2.             8.            -4.
  425      60            -14.             0.             2.             8.            -4.
  426      61            -14.             0.             2.             8.            -4.
  427      62            -14.            -0.             2.             8.            -4.
  428      63            -14.            -0.             2.             8.            -4.
  429      64            -14.            -0.             2.             8.            -4.
  430      65            -15.            -0.             2.             8.            -4.
  431      66            -15.            -0.             2.             8.            -5.
  432      67            -15.            -0.             2.             8.            -5.
  433      68            -15.            -0.             2.             8.            -5.
  434      69            -15.            -0.             2.             8.            -5.
  435      70            -15.            -0.             3.             8.            -5.
  436      71            -15.            -0.             3.             8.            -5.
  437      72            -15.            -0.             3.             8.            -5.
  438      73            -15.            -0.             3.             8.            -6.
  439      74            -16.            -0.             3.             8.            -6.
  440      75            -16.            -1.             3.             8.            -6.
  441      76            -16.            -1.             3.             8.            -6.
  442      77            -16.            -1.             3.             8.            -6.
  443      78            -16.            -1.             3.             8.            -6.
  444      79            -16.            -1.             3.             8.            -6.
  445      80            -16.            -1.             3.             8.            -6.
  446      81            -17.            -1.             3.             8.            -6.
  447      82            -17.            -1.             3.             8.            -7.
  448      83            -17.            -1.             3.             8.            -7.
  449      84            -17.            -1.             3.             8.            -7.
  450      85            -17.            -1.             3.             8.            -7.
  451      86            -17.            -1.             3.             8.            -7.
  452      87            -17.            -1.             3.             8.            -7.
  453      88            -17.            -1.             3.             8.            -7.
  454      89            -18.            -1.             3.             8.            -7.
  455      90            -18.            -1.             3.             8.            -7.
  456      91            -18.            -1.             3.             8.            -7.
  457      92            -18.            -1.             3.             8.            -8.
  458      93            -18.            -1.             4.             8.            -8.
  459      94            -18.            -1.             4.             8.            -8.
  460      95            -18.            -1.             4.             8.            -8.
  461      96            -18.            -1.             4.             8.            -8.
  462      97            -19.            -1.             4.             8.            -8.
  463      98            -19.            -1.             4.             8.            -8.
  464      99            -19.            -1.             4.             8.            -8.
  465     100            -19.            -1.             4.             8.            -8.
  466     101            -19.            -1.             4.             8.            -8.
  467     102            -19.            -1.             4.             8.            -8.
  468     103            -19.            -1.             4.             8.            -8.
  469     104            -19.            -1.             4.             8.            -8.
  470     105            -20.            -1.             4.             8.            -8.
  471     106            -20.            -1.             4.             8.            -9.
  472     107            -20.            -1.             4.             8.            -9.
  473     108            -20.            -1.             4.             8.            -9.
  474     109            -20.            -1.             4.             8.            -9.
  475     110            -20.            -1.             4.             8.            -9.
  476     111            -20.            -1.             4.             8.            -9.
  477     112            -20.            -1.             4.             8.            -9.
  478     113            -21.            -1.             4.             8.            -9.
  479     114            -21.            -1.             4.             8.            -9.
  480     115            -21.            -1.             4.             8.            -9.
  481     116            -21.            -1.             4.             8.            -9.
  482     117            -21.            -1.             4.             8.            -9.
  483     118            -21.            -1.             5.             8.            -9.
  484     119            -21.            -1.             5.             8.            -9.
  485     120            -21.            -1.             5.             9.            -9.
  486     121            -21.            -1.             5.             9.            -9.
  487     122            -22.            -1.             5.             9.            -9.
  488     123            -22.            -1.             5.             9.            -9.
  489     124            -22.            -1.             5.             9.            -9.
  490     125            -22.            -1.             5.             9.            -9.
  491     126            -22.            -1.             5.             9.            -9.
  492     127            -22.            -1.             5.             9.            -9.
  493     128            -22.            -1.             5.             9.            -9.
  494     129            -22.            -0.             5.             9.            -9.
  495     130            -22.            -0.             5.             9.            -9.
  496     131            -22.            -0.             5.             9.            -9.
  497     132            -23.            -0.             5.             9.            -9.
  498     133            -23.            -0.             5.             9.            -9.
  499     134            -23.            -0.             5.             9.            -9.
  500     135            -23.            -0.             5.             9.            -9.
  501     136            -23.            -0.             5.             9.            -9.
  502     137            -23.            -0.             5.             9.            -9.
  503     138            -23.            -0.             5.             9.            -9.
  504     139            -23.            -0.             5.             9.            -9.
  505     140            -23.            -0.             5.             9.            -9.
  506     141            -23.            -0.             5.            10.            -9.
  507     142            -23.             0.             5.            10.            -9.
  508     143            -24.             0.             5.            10.            -9.
  509     144            -24.             0.             5.            10.            -9.
  510     145            -24.             0.             5.            10.            -9.
  511     146            -24.             0.             5.            10.            -9.
  512     147            -24.             0.             5.            10.            -8.
  513     148            -24.             0.             5.            10.            -8.
  514     149            -24.             0.             5.            10.            -8.
  515     150            -24.             0.             5.            10.            -8.
  516     151            -24.             0.             5.            10.            -8.
  517     152            -24.             0.             5.            10.            -8.
  518     153            -24.             1.             5.            10.            -8.
  519     154            -24.             1.             5.            10.            -8.
  520     155            -24.             1.             5.            10.            -8.
  521     156            -24.             1.             5.            10.            -8.
  522     157            -24.             1.             5.            11.            -8.
  523     158            -24.             1.             5.            11.            -8.
  524     159            -25.             1.             5.            11.            -8.
  525     160            -25.             1.             5.            11.            -8.
  526     161            -25.             1.             5.            11.            -7.
  527     162            -25.             1.             5.            11.            -7.
  528     163            -25.             1.             5.            11.            -7.
  529     164            -25.             1.             5.            11.            -7.
  530     165            -25.             1.             5.            11.            -7.
  531     166            -25.             1.             5.            11.            -7.
  532     167            -25.             1.             5.            11.            -7.
  533     168            -25.             1.             5.            11.            -7.
  534     169            -25.             1.             5.            11.            -7.
  535     170            -25.             2.             5.            11.            -7.
  536     171            -25.             2.             5.            11.            -6.
  537     172            -25.             2.             5.            11.            -6.
  538     173            -25.             2.             5.            12.            -6.
  539     174            -25.             2.             5.            12.            -6.
  540     175            -25.             2.             5.            12.            -6.
  541     176            -25.             2.             5.            12.            -6.
  542     177            -25.             2.             5.            12.            -6.
  543     178            -25.             2.             5.            12.            -6.
  544     179            -25.             2.             5.            12.            -6.
  545     180            -25.             2.             5.            12.            -5.
  546     181            -25.             2.             5.            12.            -5.
  547     182            -25.             2.             5.            12.            -5.
  548     183            -25.             2.             5.            12.            -5.
  549     184            -25.             2.             5.            12.            -5.
  550     185            -25.             3.             5.            12.            -5.
  551     186            -25.             3.             5.            12.            -5.
  552     187            -25.             3.             5.            12.            -4.
  553     188            -25.             3.             5.            13.            -4.
  554     189            -25.             3.             5.            13.            -4.
  555     190            -25.             3.             5.            13.            -4.
  556     191            -25.             3.             5.            13.            -4.
  557     192            -25.             3.             5.            13.            -4.
  558     193            -25.             3.             5.            13.            -4.
  559     194            -25.             3.             5.            13.            -4.
  560     195            -25.             3.             5.            13.            -3.
  561     196            -25.             3.             5.            13.            -3.
  562     197            -25.             3.             5.            13.            -3.
  563     198            -25.             3.             5.            13.            -3.
  564     199            -25.             4.             5.            13.            -3.
  565     200            -25.             4.             5.            13.            -3.
  566     201            -25.             4.             5.            13.            -2.
  567     202            -24.             4.             5.            13.            -2.
  568     203            -24.             4.             5.            13.            -2.
  569     204            -24.             4.             5.            13.            -2.
  570     205            -24.             4.             5.            14.            -2.
  571     206            -24.             4.             5.            14.            -2.
  572     207            -24.             4.             5.            14.            -2.
  573     208            -24.             4.             5.            14.            -1.
  574     209            -24.             4.             5.            14.            -1.
  575     210            -24.             4.             5.            14.            -1.
  576     211            -24.             4.             5.            14.            -1.
  577     212            -24.             4.             5.            14.            -1.
  578     213            -24.             4.             5.            14.            -1.
  579     214            -24.             5.             5.            14.            -1.
  580     215            -24.             5.             5.            14.            -0.
  581     216            -24.             5.             5.            14.            -0.
  582     217            -24.             5.             5.            14.            -0.
  583     218            -23.             5.             5.            14.             0.
  584     219            -23.             5.             5.            14.             0.
  585     220            -23.             5.             5.            14.             0.
  586     221            -23.             5.             4.            14.             1.
  587     222            -23.             5.             4.            14.             1.
  588     223            -23.             5.             4.            14.             1.
  589     224            -23.             5.             4.            14.             1.
  590     225            -23.             5.             4.            15.             1.
  591     226            -23.             5.             4.            15.             1.
  592     227            -23.             5.             4.            15.             2.
  593     228            -23.             5.             4.            15.             2.
  594     229            -22.             5.             4.            15.             2.
  595     230            -22.             6.             4.            15.             2.
  596     231            -22.             6.             4.            15.             2.
  597     232            -22.             6.             4.            15.             2.
  598     233            -22.             6.             4.            15.             2.
  599     234            -22.             6.             4.            15.             3.
  600     235            -22.             6.             4.            15.             3.
  601     236            -22.             6.             4.            15.             3.
  602     237            -22.             6.             4.            15.             3.
  603     238            -22.             6.             4.            15.             3.
  604     239            -21.             6.             4.            15.             3.
  605     240            -21.             6.             4.            15.             3.
  606     241            -21.             6.             4.            15.             4.
  607     242            -21.             6.             4.            15.             4.
  608     243            -21.             6.             4.            15.             4.
  609     244            -21.             6.             4.            15.             4.
  610     245            -21.             6.             4.            15.             4.
  611     246            -21.             6.             3.            15.             4.
  612     247            -21.             6.             3.            15.             4.
  613     248            -20.             6.             3.            15.             5.
  614     249            -20.             6.             3.            15.             5.
  615     250            -20.             6.             3.            15.             5.
  616     251            -20.             7.             3.            15.             5.
  617     252            -20.             7.             3.            15.             5.
  618     253            -20.             7.             3.            15.             5.
  619     254            -20.             7.             3.            15.             5.
  620     255            -20.             7.             3.            15.             5.
  621     256            -19.             7.             3.            15.             6.
  622     257            -19.             7.             3.            15.             6.
  623     258            -19.             7.             3.            15.             6.
  624     259            -19.             7.             3.            15.             6.
  625     260            -19.             7.             3.            15.             6.
  626     261            -19.             7.             3.            15.             6.
  627     262            -19.             7.             3.            15.             6.
  628     263            -19.             7.             3.            15.             6.
  629     264            -18.             7.             3.            15.             7.
  630     265            -18.             7.             3.            15.             7.
  631     266            -18.             7.             3.            15.             7.
  632     267            -18.             7.             3.            15.             7.
  633     268            -18.             7.             3.            15.             7.
  634     269            -18.             7.             2.            15.             7.
  635     270            -18.             7.             2.            15.             7.
  636     271            -18.             7.             2.            15.             7.
  637     272            -17.             7.             2.            15.             7.
  638     273            -17.             7.             2.            15.             7.
  639     274            -17.             7.             2.            15.             7.
  640     275            -17.             7.             2.            15.             8.
  641     276            -17.             7.             2.            15.             8.
  642     277            -17.             7.             2.            15.             8.
  643     278            -17.             7.             2.            15.             8.
  644     279            -17.             7.             2.            15.             8.
  645     280            -16.             7.             2.            15.             8.
  646     281            -16.             7.             2.            15.             8.
  647     282            -16.             7.             2.            15.             8.
  648     283            -16.             7.             2.            15.             8.
  649     284            -16.             7.             2.            15.             8.
  650     285            -16.             7.             2.            15.             8.
  651     286            -16.             7.             2.            15.             8.
  652     287            -15.             7.             2.            15.             8.
  653     288            -15.             7.             2.            15.             8.
  654     289            -15.             7.             2.            15.             9.
  655     290            -15.             7.             2.            15.             9.
  656     291            -15.             7.             2.            15.             9.
  657     292            -15.             7.             2.            15.             9.
  658     293            -15.             7.             2.            15.             9.
  659     294            -15.             7.             1.            15.             9.
  660     295            -15.             7.             1.            15.             9.
  661     296            -14.             7.             1.            15.             9.
  662     297            -14.             7.             1.            15.             9.
  663     298            -14.             7.             1.            15.             9.
  664     299            -14.             7.             1.            15.             9.
  665     300            -14.             7.             1.            15.             9.
  666     301            -14.             7.             1.            15.             9.
  667     302            -14.             7.             1.            15.             9.
  668     303            -14.             7.             1.            14.             9.
  669     304            -13.             7.             1.            14.             9.
  670     305            -13.             7.             1.            14.             9.
  671     306            -13.             7.             1.            14.             9.
  672     307            -13.             7.             1.            14.             9.
  673     308            -13.             7.             1.            14.             9.
  674     309            -13.             7.             1.            14.             9.
  675     310            -13.             7.             1.            14.             9.
  676     311            -13.             7.             1.            14.             9.
  677     312            -13.             7.             1.            14.             9.
  678     313            -13.             7.             1.            14.             9.
  679     314            -12.             7.             1.            14.             9.
  680     315            -12.             7.             1.            14.             9.
  681     316            -12.             7.             1.            14.             9.
  682     317            -12.             7.             1.            14.             9.
  683     318            -12.             6.             1.            14.             9.
  684     319            -12.             6.             1.            14.             9.
  685     320            -12.             6.             1.            14.             9.
  686     321            -12.             6.             1.            14.             9.
  687     322            -12.             6.             1.            14.             9.
  688     323            -12.             6.             1.            13.             9.
  689     324            -12.             6.             1.            13.             9.
  690     325            -12.             6.             1.            13.             9.
  691     326            -11.             6.             1.            13.             9.
  692     327            -11.             6.             1.            13.             9.
  693     328            -11.             6.             1.            13.             9.
  694     329            -11.             6.             1.            13.             8.
  695     330            -11.             6.             1.            13.             8.
  696     331            -11.             6.             0.            13.             8.
  697     332            -11.             6.             0.            13.             8.
  698     333            -11.             6.             0.            13.             8.
  699     334            -11.             6.             0.            13.             8.
  700     335            -11.             6.             0.            13.             8.
  701     336            -11.             6.             0.            13.             8.
  702     337            -11.             6.             0.            13.             8.
  703     338            -11.             6.             0.            13.             8.
  704     339            -11.             5.             0.            13.             8.
  705     340            -11.             5.             0.            12.             8.
  706     341            -11.             5.             0.            12.             8.
  707     342            -10.             5.             0.            12.             8.
  708     343            -10.             5.             0.            12.             7.
  709     344            -10.             5.             0.            12.             7.
  710     345            -10.             5.             0.            12.             7.
  711     346            -10.             5.             0.            12.             7.
  712     347            -10.             5.             0.            12.             7.
  713     348            -10.             5.             0.            12.             7.
  714     349            -10.             5.             0.            12.             7.
  715     350            -10.             5.             0.            12.             7.
  716     351            -10.             5.             0.            12.             7.
  717     352            -10.             5.             0.            12.             7.
  718     353            -10.             5.             0.            12.             7.
  719     354            -10.             5.             0.            12.             6.
  720     355            -10.             5.             0.            12.             6.
  721     356            -10.             4.             0.            11.             6.
  722     357            -10.             4.             0.            11.             6.
  723     358            -10.             4.             0.            11.             6.
  724     359            -10.             4.             0.            11.             6.
  725     360            -10.             4.             0.            11.             6.
  726     361            -10.             4.             0.            11.             6.
  727     362            -10.             4.             0.            11.             5.
  728     363            -10.             4.             0.            11.             5.
  729     364            -10.             4.             0.            11.             5.
  730     365            -10.             4.             0.            11.             5.
  731       1            -10.             4.             0.            11.             5.
  732       2            -10.             4.             0.            11.             5.
  733       3            -10.             4.             0.            11.             5.
  734       4            -10.             4.             0.            11.             5.
  735       5            -10.             3.             0.            11.             4.
  736       6            -10.             3.             0.            10.             4.
  737       7            -10.             3.             0.            10.             4.
  738       8            -10.             3.             1.            10.             4.
  739       9            -10.             3.             1.            10.             4.
  740      10            -10.             3.             1.            10.             4.
  741      11            -10.             3.             1.            10.             4.
  742      12            -10.             3.             1.            10.             3.
  743      13            -10.             3.             1.            10.             3.
  744      14            -10.             3.             1.            10.             3.
  745      15            -10.             3.             1.            10.             3.
  746      16            -10.             3.             1.            10.             3.
  747      17            -10.             3.             1.            10.             3.
  748      18            -10.             3.             1.            10.             3.
  749      19            -11.             3.             1.            10.             2.
  750      20            -11.             2.             1.            10.             2.
  751      21            -11.             2.             1.            10.             2.
  752      22            -11.             2.             1.            10.             2.
  753      23            -11.             2.             1.             9.             2.
  754      24            -11.             2.             1.             9.             2.
  755      25            -11.             2.             1.             9.             2.
  756      26            -11.             2.             1.             9.             1.
  757      27            -11.             2.             1.             9.             1.
  758      28            -11.             2.             1.             9.             1.
  759      29            -11.             2.             1.             9.             1.
  760      30            -11.             2.             1.             9.             1.
  761      31            -11.             2.             1.             9.             1.
  762      32            -11.             2.             1.             9.             0.
  763      33            -11.             2.             1.             9.             0.
  764      34            -11.             2.             1.             9.             0.
  765      35            -12.             1.             1.             9.            -0.
  766      36            -12.             1.             1.             9.            -0.
  767      37            -12.             1.             1.             9.            -0.
  768      38            -12.             1.             1.             9.            -1.
  769      39            -12.             1.             1.             9.            -1.
  770      40            -12.             1.             1.             9.            -1.
  771      41            -12.             1.             1.             9.            -1.
  772      42            -12.             1.             1.             9.            -1.
  773      43            -12.             1.             1.             8.            -1.
  774      44            -12.             1.             1.             8.            -1.
  775      45            -12.             1.             2.             8.            -2.
  776      46            -12.             1.             2.             8.            -2.
  777      47            -13.             1.             2.             8.            -2.
  778      48            -13.             1.             2.             8.            -2.
  779      49            -13.             1.             2.             8.            -2.
  780      50            -13.             1.             2.             8.            -2.
  781      51            -13.             1.             2.             8.            -2.
  782      52            -13.             0.             2.             8.            -3.
  783      53            -13.             0.             2.             8.            -3.
  784      54            -13.             0.             2.             8.            -3.
  785      55            -13.             0.             2.             8.            -3.
  786      56            -13.             0.             2.             8.            -3.
  787      57            -14.             0.             2.             8.            -3.
  788      58            -14.             0.             2.             8.            -4.
  789      59            -14.             0.             2.             8.            -4.
  790      60            -14.             0.             2.             8.            -4.
  791      61            -14.             0.             2.             8.            -4.
  792      62            -14.            -0.             2.             8.            -4.
  793      63            -14.            -0.             2.             8.            -4.
  794      64            -14.            -0.             2.             8.            -4.
  795      65            -15.            -0.             2.             8.            -4.
  796      66            -15.            -0.             2.             8.            -5.
  797      67            -15.            -0.             2.             8.            -5.
  798      68            -15.            -0.             2.             8.            -5.
  799      69            -15.            -0.             2.             8.            -5.
  800      70            -15.            -0.             3.             8.            -5.
  801      71            -15.            -0.             3.             8.            -5.
  802      72            -15.            -0.             3.             8.            -5.
  803      73            -15.            -0.             3.             8.            -6.
  804      74            -16.            -0.             3.             8.            -6.
  805      75            -16.            -1.             3.             8.            -6.
  806      76            -16.            -1.             3.             8.            -6.
  807      77            -16.            -1.             3.             8.            -6.
  808      78            -16.            -1.             3.             8.            -6.
  809      79            -16.            -1.             3.             8.            -6.
  810      80            -16.            -1.             3.             8.            -6.
  811      81            -17.            -1.             3.             8.            -6.
  812      82            -17.            -1.             3.             8.            -7.
  813      83            -17.            -1.             3.             8.            -7.
  814      84            -17.            -1.             3.             8.            -7.
  815      85            -17.            -1.             3.             8.            -7.
  816      86            -17.            -1.             3.             8.            -7.
  817      87            -17.            -1.             3.             8.            -7.
  818      88            -17.            -1.             3.             8.            -7.
  819      89            -18.            -1.             3.             8.            -7.
  820      90            -18.            -1.             3.             8.            -7.
  821      91            -18.            -1.             3.             8.            -7.
  822      92            -18.            -1.             3.             8.            -8.
  823      93            -18.            -1.             4.             8.            -8.
  824      94            -18.            -1.             4.             8.            -8.
  825      95            -18.            -1.             4.             8.            -8.
  826      96            -18.            -1.             4.             8.            -8.
  827      97            -19.            -1.             4.             8.            -8.
  828      98            -19.            -1.             4.             8.            -8.
  829      99            -19.            -1.             4.             8.            -8.
  830     100            -19.            -1.             4.             8.            -8.
  831     101            -19.            -1.             4.             8.            -8.
  832     102            -19.            -1.             4.             8.            -8.
  833     103            -19.            -1.             4.             8.            -8.
  834     104            -19.            -1.             4.             8.            -8.
  835     105            -20.            -1.             4.             8.            -8.
  836     106            -20.            -1.             4.             8.            -9.
  837     107            -20.            -1.             4.             8.            -9.
  838     108            -20.            -1.             4.             8.            -9.
  839     109            -20.            -1.             4.             8.            -9.
  840     110            -20.            -1.             4.             8.            -9.
  841     111            -20.            -1.             4.             8.            -9.
  842     112            -20.            -1.             4.             8.            -9.
  843     113            -21.            -1.             4.             8.            -9.
  844     114            -21.            -1.             4.             8.            -9.
  845     115            -21.            -1.             4.             8.            -9.
  846     116            -21.            -1.             4.             8.            -9.
  847     117            -21.            -1.             4.             8.            -9.
  848     118            -21.            -1.             5.             8.            -9.
  849     119            -21.            -1.             5.             8.            -9.
  850     120            -21.            -1.             5.             9.            -9.
  851     121            -21.            -1.             5.             9.            -9.
  852     122            -22.            -1.             5.             9.            -9.
  853     123            -22.            -1.             5.             9.            -9.
  854     124            -22.            -1.             5.             9.            -9.
  855     125            -22.            -1.             5.             9.            -9.
  856     126            -22.            -1.             5.             9.            -9.
  857     127            -22.            -1.             5.             9.            -9.
  858     128            -22.            -1.             5.             9.            -9.
  859     129            -22.            -0.             5.             9.            -9.
  860     130            -22.            -0.             5.             9.            -9.
  861     131            -22.            -0.             5.             9.            -9.
  862     132            -23.            -0.             5.             9.            -9.
  863     133            -23.            -0.             5.             9.            -9.
  864     134            -23.            -0.             5.             9.            -9.
  865     135            -23.            -0.             5.             9.            -9.
  866     136            -23.            -0.             5.             9.            -9.
  867     137            -23.            -0.             5.             9.            -9.
  868     138            -23.            -0.             5.             9.            -9.
  869     139            -23.            -0.             5.             9.            -9.
  870     140            -23.            -0.             5.             9.            -9.
  871     141            -23.            -0.             5.            10.            -9.
  872     142            -23.             0.             5.            10.            -9.
  873     143            -24.             0.             5.            10.            -9.
  874     144            -24.             0.             5.            10.            -9.
  875     145            -24.             0.             5.            10.            -9.
  876     146            -24.             0.             5.            10.            -9.
  877     147            -24.             0.             5.            10.            -8.
  878     148            -24.             0.             5.            10.            -8.
  879     149            -24.             0.             5.            10.            -8.
  880     150            -24.             0.             5.            10.            -8.
  881     151            -24.             0.             5.            10.            -8.
  882     152            -24.             0.             5.            10.            -8.
  883     153            -24.             1.             5.            10.            -8.
  884     154            -24.             1.             5.            10.            -8.
  885     155            -24.             1.             5.            10.            -8.
  886     156            -24.             1.             5.            10.            -8.
  887     157            -24.             1.             5.            11.            -8.
  888     158            -24.             1.             5.            11.            -8.
  889     159            -25.             1.             5.            11.            -8.
  890     160            -25.             1.             5.            11.            -8.
  891     161            -25.             1.             5.            11.            -7.
  892     162            -25.             1.             5.            11.            -7.
  893     163            -25.             1.             5.            11.            -7.
  894     164            -25.             1.             5.            11.            -7.
  895     165            -25.             1.             5.            11.            -7.
  896     166            -25.             1.             5.            11.            -7.
  897     167            -25.             1.             5.            11.            -7.
  898     168            -25.             1.             5.            11.            -7.
  899     169            -25.             1.             5.            11.            -7.
  900     170            -25.             2.             5.            11.            -7.
  901     171            -25.             2.             5.            11.            -6.
  902     172            -25.             2.             5.            11.            -6.
  903     173            -25.             2.             5.            12.            -6.
  904     174            -25.             2.             5.            12.            -6.
  905     175            -25.             2.             5.            12.            -6.
  906     176            -25.             2.             5.            12.            -6.
  907     177            -25.             2.             5.            12.            -6.
  908     178            -25.             2.             5.            12.            -6.
  909     179            -25.             2.             5.            12.            -6.
  910     180            -25.             2.             5.            12.            -5.
  911     181            -25.             2.             5.            12.            -5.
  912     182            -25.             2.             5.            12.            -5.
  913     183            -25.             2.             5.            12.            -5.
  914     184            -25.             2.             5.            12.            -5.
  915     185            -25.             3.             5.            12.            -5.
  916     186            -25.             3.             5.            12.            -5.
  917     187            -25.             3.             5.            12.            -4.
  918     188            -25.             3.             5.            13.            -4.
  919     189            -25.             3.             5.            13.            -4.
  920     190            -25.             3.             5.            13.            -4.
  921     191            -25.             3.             5.            13.            -4.
  922     192            -25.             3.             5.            13.            -4.
  923     193            -25.             3.             5.            13.            -4.
  924     194            -25.             3.             5.            13.            -4.
  925     195            -25.             3.             5.            13.            -3.
  926     196            -25.             3.             5.            13.            -3.
  927     197            -25.             3.             5.            13.            -3.
  928     198            -25.             3.             5.            13.            -3.
  929     199            -25.             4.             5.            13.            -3.
  930     200            -25.             4.             5.            13.            -3.
  931     201            -25.             4.             5.            13.            -2.
  932     202            -24.             4.             5.            13.            -2.
  933     203            -24.             4.             5.            13.            -2.
  934     204            -24.             4.             5.            13.            -2.
  935     205            -24.             4.             5.            14.            -2.
  936     206            -24.             4.             5.            14.            -2.
  937     207            -24.             4.             5.            14.            -2.
  938     208            -24.             4.             5.            14.            -1.
  939     209            -24.             4.             5.            14.            -1.
  940     210            -24.             4.             5.            14.            -1.
  941     211            -24.             4.             5.            14.            -1.
  942     212            -24.             4.             5.            14.            -1.
  943     213            -24.             4.             5.            14.            -1.
  944     214            -24.             5.             5.            14.            -1.
  945     215            -24.             5.             5.            14.            -0.
  946     216            -24.             5.             5.            14.            -0.
  947     217            -24.             5.             5.            14.            -0.
  948     218            -23.             5.             5.            14.             0.
  949     219            -23.             5.             5.            14.             0.
  950     220            -23.             5.             5.            14.             0.
  951     221            -23.             5.             4.            14.             1.
  952     222            -23.             5.             4.            14.             1.
  953     223            -23.             5.             4.            14.             1.
  954     224            -23.             5.             4.            14.             1.
  955     225            -23.             5.             4.            15.             1.
  956     226            -23.             5.             4.            15.             1.
  957     227            -23.             5.             4.            15.             2.
  958     228            -23.             5.             4.            15.             2.
  959     229            -22.             5.             4.            15.             2.
  960     230            -22.             6.             4.            15.             2.
  961     231            -22.             6.             4.            15.             2.
  962     232            -22.             6.             4.            15.             2.
  963     233            -22.             6.             4.            15.             2.
  964     234            -22.             6.             4.            15.             3.
  965     235            -22.             6.             4.            15.             3.
  966     236            -22.             6.             4.            15.             3.
  967     237            -22.             6.             4.            15.             3.
  968     238            -22.             6.             4.            15.             3.
  969     239            -21.             6.             4.            15.             3.
  970     240            -21.             6.             4.            15.             3.
  971     241            -21.             6.             4.            15.             4.
  972     242            -21.             6.             4.            15.             4.
  973     243            -21.             6.             4.            15.             4.
  974     244            -21.             6.             4.            15.             4.
  975     245            -21.             6.             4.            15.             4.
  976     246            -21.             6.             3.            15.             4.
  977     247            -21.             6.             3.            15.             4.
  978     248            -20.             6.             3.            15.             5.
  979     249            -20.             6.             3.            15.             5.
  980     250            -20.             6.             3.            15.             5.
  981     251            -20.             7.             3.            15.             5.
  982     252            -20.             7.             3.            15.             5.
  983     253            -20.             7.             3.            15.             5.
  984     254            -20.             7.             3.            15.             5.
  985     255            -20.             7.             3.            15.             5.
  986     256            -19.             7.             3.            15.             6.
  987     257            -19.             7.             3.            15.             6.
  988     258            -19.             7.             3.            15.             6.
  989     259            -19.             7.             3.            15.             6.
  990     260            -19.             7.             3.            15.             6.
  991     261            -19.             7.             3.            15.             6.
  992     262            -19.             7.             3.            15.             6.
  993     263            -19.             7.             3.            15.             6.
  994     264            -18.             7.             3.            15.             7.
  995     265            -18.             7.             3.            15.             7.
  996     266            -18.             7.             3.            15.             7.
  997     267            -18.             7.             3.            15.             7.
  998     268            -18.             7.             3.            15.             7.
  999     269            -18.             7.             2.            15.             7.
 1000     270            -18.             7.             2.            15.             7.
 1001     271            -18.             7.             2.            15.             7.
 1002     272            -17.             7.             2.            15.             7.
 1003     273            -17.             7.             2.            15.             7.
 1004     274            -17.             7.             2.            15.             7.
 1005     275            -17.             7.             2.            15.             8.
 1006     276            -17.             7.             2.            15.             8.
 1007     277            -17.             7.             2.            15.             8.
 1008     278            -17.             7.             2.            15.             8.
 1009     279            -17.             7.             2.            15.             8.
 1010     280            -16.             7.             2.            15.             8.
 1011     281            -16.             7.             2.            15.             8.
 1012     282            -16.             7.             2.            15.             8.
 1013     283            -16.             7.             2.            15.             8.
 1014     284            -16.             7.             2.            15.             8.
 1015     285            -16.             7.             2.            15.             8.
 1016     286            -16.             7.             2.            15.             8.
 1017     287            -15.             7.             2.            15.             8.
 1018     288            -15.             7.             2.            15.             8.
 1019     289            -15.             7.             2.            15.             9.
 1020     290            -15.             7.             2.            15.             9.
 1021     291            -15.             7.             2.            15.             9.
 1022     292            -15.             7.             2.            15.             9.
 1023     293            -15.             7.             2.            15.             9.
 1024     294            -15.             7.             1.            15.             9.
 1025     295            -15.             7.             1.            15.             9.
 1026     296            -14.             7.             1.            15.             9.
 1027     297            -14.             7.             1.            15.             9.
 1028     298            -14.             7.             1.            15.             9.
 1029     299            -14.             7.             1.            15.             9.
 1030     300            -14.             7.             1.            15.             9.
 1031     301            -14.             7.             1.            15.             9.
 1032     302            -14.             7.             1.            15.             9.
 1033     303            -14.             7.             1.            14.             9.
 1034     304            -13.             7.             1.            14.             9.
 1035     305            -13.             7.             1.            14.             9.
 1036     306            -13.             7.             1.            14.             9.
 1037     307            -13.             7.             1.            14.             9.
 1038     308            -13.             7.             1.            14.             9.
 1039     309            -13.             7.             1.            14.             9.
 1040     310            -13.             7.             1.            14.             9.
 1041     311            -13.             7.             1.            14.             9.
 1042     312            -13.             7.             1.            14.             9.
 1043     313            -13.             7.             1.            14.             9.
 1044     314            -12.             7.             1.            14.             9.
 1045     315            -12.             7.             1.            14.             9.
 1046     316            -12.             7.             1.            14.             9.
 1047     317            -12.             7.             1.            14.             9.
 1048     318            -12.             6.             1.            14.             9.
 1049     319            -12.             6.             1.            14.             9.
 1050     320            -12.             6.             1.            14.             9.
 1051     321            -12.             6.             1.            14.             9.
 1052     322            -12.             6.             1.            14.             9.
 1053     323            -12.             6.             1.            13.             9.
 1054     324            -12.             6.             1.            13.             9.
 1055     325            -12.             6.             1.            13.             9.
 1056     326            -11.             6.             1.            13.             9.
 1057     327            -11.             6.             1.            13.             9.
 1058     328            -11.             6.             1.            13.             9.
 1059     329            -11.             6.             1.            13.             8.
 1060     330            -11.             6.             1.            13.             8.
 1061     331            -11.             6.             0.            13.             8.
 1062     332            -11.             6.             0.            13.             8.
 1063     333            -11.             6.             0.            13.             8.
 1064     334            -11.             6.             0.            13.             8.
 1065     335            -11.             6.             0.            13.             8.
 1066     336            -11.             6.             0.            13.             8.
 1067     337            -11.             6.             0.            13.             8.
 1068     338            -11.             6.             0.            13.             8.
 1069     339            -11.             5.             0.            13.             8.
 1070     340            -11.             5.             0.            12.             8.
 1071     341            -11.             5.             0.            12.             8.
 1072     342            -10.             5.             0.            12.             8.
 1073     343            -10.             5.             0.            12.             7.
 1074     344            -10.             5.             0.            12.             7.
 1075     345            -10.             5.             0.            12.             7.
 1076     346            -10.             5.             0.            12.             7.
 1077     347            -10.             5.             0.            12.             7.
 1078     348            -10.             5.             0.            12.             7.
 1079     349            -10.             5.             0.            12.             7.
 1080     350            -10.             5.             0.            12.             7.
 1081     351            -10.             5.             0.            12.             7.
 1082     352            -10.             5.             0.            12.             7.
 1083     353            -10.             5.             0.            12.             7.
 1084     354            -10.             5.             0.            12.             6.
 1085     355            -10.             5.             0.            12.             6.
 1086     356            -10.             4.             0.            11.             6.
 1087     357            -10.             4.             0.            11.             6.
 1088     358            -10.             4.             0.            11.             6.
 1089     359            -10.             4.             0.            11.             6.
 1090     360            -10.             4.             0.            11.             6.
 1091     361            -10.             4.             0.            11.             6.
 1092     362            -10.             4.             0.            11.             5.
 1093     363            -10.             4.             0.            11.             5.
 1094     364            -10.             4.             0.            11.             5.
 1095     365            -10.             4.             0.            11.             5.
