 Day of  Day of  Slurry  Slurry  Air    Wall  Floor  Slurry
 sim.     year    mass   depth    T      T      T      T
    1       1     1.0    1.0    0.0    1.4    5.6   14.6
    2       2     1.0    1.0    0.0    1.4    5.5   14.0
    3       3     1.0    1.0    0.0    1.3    5.4   13.4
    4       4     1.0    1.0    0.1    1.2    5.2   12.8
    5       5     1.0    1.0    0.1    1.2    5.1   12.3
    6       6     1.0    1.0    0.1    1.1    5.0   11.7
    7       7     1.0    1.0    0.1    1.0    4.9   11.3
    8       8     1.0    1.0    0.2    1.0    4.8   10.8
    9       9     1.0    1.0    0.2    0.9    4.7   10.4
   10      10     1.0    1.0    0.2    0.9    4.5   10.0
   11      11     1.0    1.0    0.3    0.8    4.4    9.6
   12      12     1.0    1.0    0.3    0.8    4.3    9.3
   13      13     1.0    1.0    0.4    0.8    4.2    8.9
   14      14     1.0    1.0    0.4    0.7    4.1    8.6
   15      15     1.0    1.0    0.5    0.7    4.0    8.3
   16      16     1.0    1.0    0.5    0.6    3.9    8.1
   17      17     1.0    1.0    0.6    0.6    3.8    7.8
   18      18     1.0    1.0    0.6    0.6    3.7    7.6
   19      19     1.0    1.0    0.7    0.6    3.6    7.4
   20      20     1.0    1.0    0.8    0.5    3.5    7.1
   21      21     1.0    1.0    0.8    0.5    3.5    7.0
   22      22     1.0    1.0    0.9    0.5    3.4    6.8
   23      23     1.0    1.0    1.0    0.5    3.3    6.6
   24      24     1.0    1.0    1.1    0.5    3.2    6.4
   25      25     1.0    1.0    1.2    0.5    3.1    6.3
   26      26     1.0    1.0    1.2    0.5    3.0    6.2
   27      27     1.0    1.0    1.3    0.5    3.0    6.0
   28      28     1.0    1.0    1.4    0.5    2.9    5.9
   29      29     1.0    1.0    1.5    0.5    2.8    5.8
   30      30     1.0    1.0    1.6    0.5    2.8    5.7
   31      31     1.0    1.0    1.7    0.5    2.7    5.6
   32      32     1.0    1.0    1.8    0.5    2.6    5.6
   33      33     1.0    1.0    1.9    0.5    2.6    5.5
   34      34     1.0    1.0    2.0    0.5    2.5    5.4
   35      35     1.0    1.0    2.1    0.6    2.4    5.4
   36      36     1.0    1.0    2.2    0.6    2.4    5.3
   37      37     1.0    1.0    2.3    0.6    2.3    5.3
   38      38     1.0    1.0    2.5    0.6    2.3    5.2
   39      39     1.0    1.0    2.6    0.7    2.2    5.2
   40      40     1.0    1.0    2.7    0.7    2.2    5.2
   41      41     1.0    1.0    2.8    0.8    2.1    5.2
   42      42     1.0    1.0    2.9    0.8    2.1    5.1
   43      43     1.0    1.0    3.1    0.8    2.1    5.1
   44      44     1.0    1.0    3.2    0.9    2.0    5.1
   45      45     1.0    1.0    3.3    0.9    2.0    5.1
   46      46     1.0    1.0    3.5    1.0    2.0    5.1
   47      47     1.0    1.0    3.6    1.0    1.9    5.2
   48      48     1.0    1.0    3.7    1.1    1.9    5.2
   49      49     1.0    1.0    3.9    1.2    1.9    5.2
   50      50     1.0    1.0    4.0    1.2    1.9    5.2
   51      51     1.0    1.0    4.1    1.3    1.9    5.3
   52      52     1.0    1.0    4.3    1.4    1.8    5.3
   53      53     1.0    1.0    4.4    1.4    1.8    5.3
   54      54     1.0    1.0    4.6    1.5    1.8    5.4
   55      55     1.0    1.0    4.7    1.6    1.8    5.4
   56      56     1.0    1.0    4.9    1.7    1.8    5.5
   57      57     1.0    1.0    5.0    1.8    1.8    5.6
   58      58     1.0    1.0    5.2    1.9    1.8    5.6
   59      59     1.0    1.0    5.4    1.9    1.8    5.7
   60      60     1.0    1.0    5.5    2.0    1.8    5.7
   61      61     1.0    1.0    5.7    2.1    1.8    5.8
   62      62     1.0    1.0    5.8    2.2    1.8    5.9
   63      63     1.0    1.0    6.0    2.3    1.8    6.0
   64      64     1.0    1.0    6.2    2.4    1.9    6.1
   65      65     1.0    1.0    6.3    2.5    1.9    6.2
   66      66     1.0    1.0    6.5    2.6    1.9    6.2
   67      67     1.0    1.0    6.7    2.7    1.9    6.3
   68      68     1.0    1.0    6.8    2.9    1.9    6.4
   69      69     1.0    1.0    7.0    3.0    2.0    6.5
   70      70     1.0    1.0    7.2    3.1    2.0    6.6
   71      71     1.0    1.0    7.3    3.2    2.0    6.7
   72      72     1.0    1.0    7.5    3.3    2.1    6.9
   73      73     1.0    1.0    7.7    3.4    2.1    7.0
   74      74     1.0    1.0    7.9    3.6    2.1    7.1
   75      75     1.0    1.0    8.0    3.7    2.2    7.2
   76      76     1.0    1.0    8.2    3.8    2.2    7.3
   77      77     1.0    1.0    8.4    4.0    2.3    7.4
   78      78     1.0    1.0    8.6    4.1    2.3    7.6
   79      79     1.0    1.0    8.7    4.2    2.4    7.7
   80      80     1.0    1.0    8.9    4.4    2.4    7.8
   81      81     1.0    1.0    9.1    4.5    2.5    8.0
   82      82     1.0    1.0    9.3    4.6    2.6    8.1
   83      83     1.0    1.0    9.5    4.8    2.6    8.2
   84      84     1.0    1.0    9.6    4.9    2.7    8.4
   85      85     1.0    1.0    9.8    5.1    2.8    8.5
   86      86     1.0    1.0   10.0    5.2    2.8    8.7
   87      87     1.0    1.0   10.2    5.4    2.9    8.8
   88      88     1.0    1.0   10.4    5.5    3.0    9.0
   89      89     1.0    1.0   10.5    5.7    3.0    9.1
   90      90     1.0    1.0   10.7    5.8    3.1    9.3
   91      91     1.0    1.0   10.9    6.0    3.2    9.4
   92      92     1.0    1.0   11.1    6.1    3.3    9.6
   93      93     1.0    1.0   11.3    6.3    3.4    9.7
   94      94     1.0    1.0   11.4    6.4    3.5    9.9
   95      95     1.0    1.0   11.6    6.6    3.5   10.1
   96      96     1.0    1.0   11.8    6.7    3.6   10.2
   97      97     1.0    1.0   12.0    6.9    3.7   10.4
   98      98     1.0    1.0   12.2    7.1    3.8   10.6
   99      99     1.0    1.0   12.3    7.2    3.9   10.7
  100     100     1.0    1.0   12.5    7.4    4.0   10.9
  101     101     1.0    1.0   12.7    7.6    4.1   11.1
  102     102     1.0    1.0   12.9    7.7    4.2   11.3
  103     103     1.0    1.0   13.0    7.9    4.3   11.4
  104     104     1.0    1.0   13.2    8.1    4.4   11.6
  105     105     1.0    1.0   13.4    8.2    4.5   11.8
  106     106     1.0    1.0   13.6    8.4    4.7   12.0
  107     107     1.0    1.0   13.7    8.6    4.8   12.2
  108     108     1.0    1.0   13.9    8.7    4.9   12.3
  109     109     1.0    1.0   14.1    8.9    5.0   12.5
  110     110     1.0    1.0   14.3    9.1    5.1   12.7
  111     111     1.0    1.0   14.4    9.2    5.2   12.9
  112     112     1.0    1.0   14.6    9.4    5.4   13.1
  113     113     1.0    1.0   14.8    9.6    5.5   13.3
  114     114     1.0    1.0   14.9    9.8    5.6   13.4
  115     115     1.0    1.0   15.1    9.9    5.7   13.6
  116     116     1.0    1.0   15.2   10.1    5.8   13.8
  117     117     1.0    1.0   15.4   10.3    6.0   14.0
  118     118     1.0    1.0   15.6   10.5    6.1   14.2
  119     119     1.0    1.0   15.7   10.6    6.2   14.4
  120     120     1.0    1.0   15.9   10.8    6.4   14.6
  121     121     1.0    1.0   16.0   11.0    6.5   14.8
  122     122     1.0    1.0   16.2   11.1    6.6   15.0
  123     123     1.0    1.0   16.3   11.3    6.8   15.2
  124     124     1.0    1.0   16.5   11.5    6.9   15.4
  125     125     1.0    1.0   16.6   11.7    7.0   15.5
  126     126     1.0    1.0   16.8   11.8    7.2   15.7
  127     127     1.0    1.0   16.9   12.0    7.3   15.9
  128     128     1.0    1.0   17.1   12.2    7.5   16.1
  129     129     1.0    1.0   17.2   12.3    7.6   16.3
  130     130     1.0    1.0   17.3   12.5    7.7   16.5
  131     131     1.0    1.0   17.5   12.7    7.9   16.7
  132     132     1.0    1.0   17.6   12.9    8.0   16.9
  133     133     1.0    1.0   17.7   13.0    8.2   17.1
  134     134     1.0    1.0   17.9   13.2    8.3   17.3
  135     135     1.0    1.0   18.0   13.4    8.5   17.5
  136     136     1.0    1.0   18.1   13.5    8.6   17.6
  137     137     1.0    1.0   18.3   13.7    8.8   17.8
  138     138     1.0    1.0   18.4   13.8    8.9   18.0
  139     139     1.0    1.0   18.5   14.0    9.0   18.2
  140     140     1.0    1.0   18.6   14.2    9.2   18.4
  141     141     1.0    1.0   18.7   14.3    9.3   18.6
  142     142     1.0    1.0   18.8   14.5    9.5   18.8
  143     143     1.0    1.0   18.9   14.6    9.6   19.0
  144     144     1.0    1.0   19.0   14.8    9.8   19.1
  145     145     1.0    1.0   19.2   15.0    9.9   19.3
  146     146     1.0    1.0   19.3   15.1   10.1   19.5
  147     147     1.0    1.0   19.4   15.3   10.2   19.7
  148     148     1.0    1.0   19.4   15.4   10.4   19.9
  149     149     1.0    1.0   19.5   15.6   10.5   20.0
  150     150     1.0    1.0   19.6   15.7   10.7   20.2
  151     151     1.0    1.0   19.7   15.9   10.8   20.4
  152     152     1.0    1.0   19.8   16.0   11.0   20.6
  153     153     1.0    1.0   19.9   16.2   11.1   20.7
  154     154     1.0    1.0   20.0   16.3   11.3   20.9
  155     155     1.0    1.0   20.0   16.4   11.4   21.1
  156     156     1.0    1.0   20.1   16.6   11.6   21.2
  157     157     1.0    1.0   20.2   16.7   11.7   21.4
  158     158     1.0    1.0   20.3   16.8   11.9   21.6
  159     159     1.0    1.0   20.3   17.0   12.0   21.7
  160     160     1.0    1.0   20.4   17.1   12.2   21.9
  161     161     1.0    1.0   20.4   17.2   12.3   22.1
  162     162     1.0    1.0   20.5   17.4   12.5   22.2
  163     163     1.0    1.0   20.6   17.5   12.6   22.4
  164     164     1.0    1.0   20.6   17.6   12.8   22.5
  165     165     1.0    1.0   20.7   17.7   12.9   22.7
  166     166     1.0    1.0   20.7   17.9   13.0   22.8
  167     167     1.0    1.0   20.7   18.0   13.2   23.0
  168     168     1.0    1.0   20.8   18.1   13.3   23.1
  169     169     1.0    1.0   20.8   18.2   13.5   23.3
  170     170     1.0    1.0   20.8   18.3   13.6   23.4
  171     171     1.0    1.0   20.9   18.4   13.8   23.5
  172     172     1.0    1.0   20.9   18.5   13.9   23.7
  173     173     1.0    1.0   20.9   18.6   14.0   23.8
  174     174     1.0    1.0   20.9   18.7   14.2   23.9
  175     175     1.0    1.0   21.0   18.8   14.3   24.1
  176     176     1.0    1.0   21.0   18.9   14.4   24.2
  177     177     1.0    1.0   21.0   19.0   14.6   24.3
  178     178     1.0    1.0   21.0   19.1   14.7   24.4
  179     179     1.0    1.0   21.0   19.2   14.8   24.6
  180     180     1.0    1.0   21.0   19.3   15.0   24.7
  181     181     1.0    1.0   21.0   19.4   15.1   24.8
  182     182     1.0    1.0   21.0   19.4   15.2   24.9
  183     183     1.0    1.0   21.0   19.5   15.3   25.0
  184     184     1.0    1.0   21.0   19.6   15.5   25.1
  185     185     1.0    1.0   21.0   19.7   15.6   25.2
  186     186     1.0    1.0   20.9   19.7   15.7   25.3
  187     187     1.0    1.0   20.9   19.8   15.8   25.4
  188     188     1.0    1.0   20.9   19.9   15.9   25.5
  189     189     1.0    1.0   20.9   19.9   16.1   25.6
  190     190     1.0    1.0   20.8   20.0   16.2   25.7
  191     191     1.0    1.0   20.8   20.0   16.3   25.8
  192     192     1.0    1.0   20.8   20.1   16.4   25.9
  193     193     1.0    1.0   20.7   20.1   16.5   25.9
  194     194     1.0    1.0   20.7   20.2   16.6   26.0
  195     195     1.0    1.0   20.7   20.2   16.7   26.1
  196     196     1.0    1.0   20.6   20.3   16.8   26.2
  197     197     1.0    1.0   20.6   20.3   16.9   26.2
  198     198     1.0    1.0   20.5   20.3   17.0   26.3
  199     199     1.0    1.0   20.4   20.4   17.1   26.3
  200     200     1.0    1.0   20.4   20.4   17.2   26.4
  201     201     1.0    1.0   20.3   20.4   17.3   26.5
  202     202     1.0    1.0   20.3   20.5   17.4   26.5
  203     203     1.0    1.0   20.2   20.5   17.5   26.6
  204     204     1.0    1.0   20.1   20.5   17.6   26.6
  205     205     1.0    1.0   20.0   20.5   17.7   26.6
  206     206     1.0    1.0   20.0   20.5   17.8   26.7
  207     207     1.0    1.0   19.9   20.5   17.8   26.7
  208     208     1.0    1.0   19.8   20.5   17.9   26.7
  209     209     1.0    1.0   19.7   20.5   18.0   26.8
  210     210     1.0    1.0   19.6   20.5   18.1   26.8
  211     211     1.0    1.0   19.5   20.5   18.1   26.8
  212     212     1.0    1.0   19.4   20.5   18.2   26.8
  213     213     1.0    1.0   19.4   20.5   18.3   26.9
  214     214     1.0    1.0   19.3   20.5   18.3   26.9
  215     215     1.0    1.0   19.2   20.5   18.4   26.9
  216     216     1.0    1.0   19.0   20.5   18.5   26.9
  217     217     1.0    1.0   18.9   20.5   18.5   26.9
  218     218     1.0    1.0   18.8   20.4   18.6   26.9
  219     219     1.0    1.0   18.7   20.4   18.6   26.9
  220     220     1.0    1.0   18.6   20.4   18.7   26.9
  221     221     1.0    1.0   18.5   20.3   18.7   26.9
  222     222     1.0    1.0   18.4   20.3   18.8   26.8
  223     223     1.0    1.0   18.3   20.3   18.8   26.8
  224     224     1.0    1.0   18.1   20.2   18.9   26.8
  225     225     1.0    1.0   18.0   20.2   18.9   26.8
  226     226     1.0    1.0   17.9   20.1   19.0   26.8
  227     227     1.0    1.0   17.7   20.1   19.0   26.7
  228     228     1.0    1.0   17.6   20.0   19.0   26.7
  229     229     1.0    1.0   17.5   20.0   19.0   26.7
  230     230     1.0    1.0   17.3   19.9   19.1   26.6
  231     231     1.0    1.0   17.2   19.9   19.1   26.6
  232     232     1.0    1.0   17.1   19.8   19.1   26.5
  233     233     1.0    1.0   16.9   19.7   19.1   26.5
  234     234     1.0    1.0   16.8   19.7   19.2   26.4
  235     235     1.0    1.0   16.6   19.6   19.2   26.4
  236     236     1.0    1.0   16.5   19.5   19.2   26.3
  237     237     1.0    1.0   16.3   19.4   19.2   26.2
  238     238     1.0    1.0   16.2   19.4   19.2   26.2
  239     239     1.0    1.0   16.0   19.3   19.2   26.1
  240     240     1.0    1.0   15.9   19.2   19.2   26.0
  241     241     1.0    1.0   15.7   19.1   19.2   26.0
  242     242     1.0    1.0   15.6   19.0   19.2   25.9
  243     243     1.0    1.0   15.4   18.9   19.2   25.8
  244     244     1.0    1.0   15.2   18.8   19.2   25.7
  245     245     1.0    1.0   15.1   18.7   19.2   25.6
  246     246     1.0    1.0   14.9   18.6   19.2   25.5
  247     247     1.0    1.0   14.8   18.5   19.1   25.4
  248     248     1.0    1.0   14.6   18.4   19.1   25.4
  249     249     1.0    1.0   14.4   18.3   19.1   25.3
  250     250     1.0    1.0   14.3   18.2   19.1   25.2
  251     251     1.0    1.0   14.1   18.1   19.0   25.0
  252     252     1.0    1.0   13.9   18.0   19.0   24.9
  253     253     1.0    1.0   13.7   17.9   19.0   24.8
  254     254     1.0    1.0   13.6   17.7   19.0   24.7
  255     255     1.0    1.0   13.4   17.6   18.9   24.6
  256     256     1.0    1.0   13.2   17.5   18.9   24.5
  257     257     1.0    1.0   13.0   17.4   18.8   24.4
  258     258     1.0    1.0   12.9   17.2   18.8   24.2
  259     259     1.0    1.0   12.7   17.1   18.7   24.1
  260     260     1.0    1.0   12.5   17.0   18.7   24.0
  261     261     1.0    1.0   12.3   16.8   18.6   23.9
  262     262     1.0    1.0   12.2   16.7   18.6   23.7
  263     263     1.0    1.0   12.0   16.6   18.5   23.6
  264     264     1.0    1.0   11.8   16.4   18.5   23.5
  265     265     1.0    1.0   11.6   16.3   18.4   23.3
  266     266     1.0    1.0   11.4   16.2   18.3   23.2
  267     267     1.0    1.0   11.3   16.0   18.3   23.0
  268     268     1.0    1.0   11.1   15.9   18.2   22.9
  269     269     1.0    1.0   10.9   15.7   18.1   22.7
  270     270     1.0    1.0   10.7   15.6   18.1   22.6
  271     271     1.0    1.0   10.5   15.4   18.0   22.4
  272     272     1.0    1.0   10.4   15.3   17.9   22.3
  273     273     1.0    1.0   10.2   15.1   17.8   22.1
  274     274     1.0    1.0   10.0   15.0   17.8   22.0
  275     275     1.0    1.0    9.8   14.8   17.7   21.8
  276     276     1.0    1.0    9.6   14.6   17.6   21.6
  277     277     1.0    1.0    9.5   14.5   17.5   21.5
  278     278     1.0    1.0    9.3   14.3   17.4   21.3
  279     279     1.0    1.0    9.1   14.2   17.3   21.1
  280     280     1.0    1.0    8.9   14.0   17.2   21.0
  281     281     1.0    1.0    8.7   13.8   17.1   20.8
  282     282     1.0    1.0    8.6   13.7   17.0   20.6
  283     283     1.0    1.0    8.4   13.5   16.9   20.5
  284     284     1.0    1.0    8.2   13.4   16.8   20.3
  285     285     1.0    1.0    8.0   13.2   16.7   20.1
  286     286     1.0    1.0    7.9   13.0   16.6   19.9
  287     287     1.0    1.0    7.7   12.9   16.5   19.8
  288     288     1.0    1.0    7.5   12.7   16.4   19.6
  289     289     1.0    1.0    7.3   12.5   16.3   19.4
  290     290     1.0    1.0    7.2   12.3   16.2   19.2
  291     291     1.0    1.0    7.0   12.2   16.1   19.0
  292     292     1.0    1.0    6.8   12.0   15.9   18.8
  293     293     1.0    1.0    6.7   11.8   15.8   18.7
  294     294     1.0    1.0    6.5   11.7   15.7   18.5
  295     295     1.0    1.0    6.3   11.5   15.6   18.3
  296     296     1.0    1.0    6.2   11.3   15.5   18.1
  297     297     1.0    1.0    6.0   11.1   15.3   17.9
  298     298     1.0    1.0    5.8   11.0   15.2   17.7
  299     299     1.0    1.0    5.7   10.8   15.1   17.5
  300     300     1.0    1.0    5.5   10.6   15.0   17.3
  301     301     1.0    1.0    5.4   10.5   14.8   17.2
  302     302     1.0    1.0    5.2   10.3   14.7   17.0
  303     303     1.0    1.0    5.0   10.1   14.6   16.8
  304     304     1.0    1.0    4.9    9.9   14.4   16.6
  305     305     1.0    1.0    4.7    9.8   14.3   16.4
  306     306     1.0    1.0    4.6    9.6   14.2   16.2
  307     307     1.0    1.0    4.4    9.4   14.0   16.0
  308     308     1.0    1.0    4.3    9.2   13.9   15.8
  309     309     1.0    1.0    4.1    9.1   13.8   15.6
  310     310     1.0    1.0    4.0    8.9   13.6   15.4
  311     311     1.0    1.0    3.9    8.7   13.5   15.2
  312     312     1.0    1.0    3.7    8.6   13.3   15.0
  313     313     1.0    1.0    3.6    8.4   13.2   14.9
  314     314     1.0    1.0    3.5    8.2   13.0   14.7
  315     315     1.0    1.0    3.3    8.1   12.9   14.5
  316     316     1.0    1.0    3.2    7.9   12.8   14.3
  317     317     1.0    1.0    3.1    7.7   12.6   14.1
  318     318     1.0    1.0    2.9    7.6   12.5   13.9
  319     319     1.0    1.0    2.8    7.4   12.3   13.7
  320     320     1.0    1.0    2.7    7.2   12.2   13.5
  321     321     1.0    1.0    2.6    7.1   12.0   13.3
  322     322     1.0    1.0    2.5    6.9   11.9   13.1
  323     323     1.0    1.0    2.3    6.7   11.7   13.0
  324     324     1.0    1.0    2.2    6.6   11.6   12.8
  325     325     1.0    1.0    2.1    6.4   11.4   12.6
  326     326     1.0    1.0    2.0    6.3   11.3   12.4
  327     327     1.0    1.0    1.9    6.1   11.1   12.2
  328     328     1.0    1.0    1.8    6.0   11.0   12.0
  329     329     1.0    1.0    1.7    5.8   10.8   11.9
  330     330     1.0    1.0    1.6    5.7   10.7   11.7
  331     331     1.0    1.0    1.5    5.5   10.5   11.5
  332     332     1.0    1.0    1.4    5.4   10.4   11.3
  333     333     1.0    1.0    1.3    5.2   10.2   11.1
  334     334     1.0    1.0    1.2    5.1   10.1   11.0
  335     335     1.0    1.0    1.2    4.9    9.9   10.8
  336     336     1.0    1.0    1.1    4.8    9.8   10.6
  337     337     1.0    1.0    1.0    4.6    9.6   10.5
  338     338     1.0    1.0    0.9    4.5    9.5   10.3
  339     339     1.0    1.0    0.8    4.4    9.3   10.1
  340     340     1.0    1.0    0.8    4.2    9.2   10.0
  341     341     1.0    1.0    0.7    4.1    9.0    9.8
  342     342     1.0    1.0    0.6    4.0    8.9    9.6
  343     343     1.0    1.0    0.6    3.8    8.8    9.5
  344     344     1.0    1.0    0.5    3.7    8.6    9.3
  345     345     1.0    1.0    0.5    3.6    8.5    9.2
  346     346     1.0    1.0    0.4    3.4    8.3    9.0
  347     347     1.0    1.0    0.4    3.3    8.2    8.9
  348     348     1.0    1.0    0.3    3.2    8.0    8.7
  349     349     1.0    1.0    0.3    3.1    7.9    8.6
  350     350     1.0    1.0    0.2    3.0    7.7    8.4
  351     351     1.0    1.0    0.2    2.9    7.6    8.3
  352     352     1.0    1.0    0.2    2.7    7.5    8.1
  353     353     1.0    1.0    0.1    2.6    7.3    8.0
  354     354     1.0    1.0    0.1    2.5    7.2    7.8
  355     355     1.0    1.0    0.1    2.4    7.0    7.7
  356     356     1.0    1.0    0.1    2.3    6.9    7.6
  357     357     1.0    1.0    0.0    2.2    6.8    7.4
  358     358     1.0    1.0    0.0    2.1    6.6    7.3
  359     359     1.0    1.0    0.0    2.0    6.5    7.2
  360     360     1.0    1.0    0.0    1.9    6.4    7.1
  361     361     1.0    1.0    0.0    1.9    6.2    7.0
  362     362     1.0    1.0    0.0    1.8    6.1    6.8
  363     363     1.0    1.0    0.0    1.7    6.0    6.7
  364     364     1.0    1.0    0.0    1.6    5.8    6.6
  365     365     1.0    1.0    0.0    1.5    5.7    6.5
  366       1     1.0    1.0    0.0    1.4    5.6    6.4
  367       2     1.0    1.0    0.0    1.4    5.5    6.3
  368       3     1.0    1.0    0.0    1.3    5.4    6.2
  369       4     1.0    1.0    0.1    1.2    5.2    6.1
  370       5     1.0    1.0    0.1    1.2    5.1    6.0
  371       6     1.0    1.0    0.1    1.1    5.0    5.9
  372       7     1.0    1.0    0.1    1.0    4.9    5.8
  373       8     1.0    1.0    0.2    1.0    4.8    5.7
  374       9     1.0    1.0    0.2    0.9    4.7    5.6
  375      10     1.0    1.0    0.2    0.9    4.5    5.6
  376      11     1.0    1.0    0.3    0.8    4.4    5.5
  377      12     1.0    1.0    0.3    0.8    4.3    5.4
  378      13     1.0    1.0    0.4    0.8    4.2    5.3
  379      14     1.0    1.0    0.4    0.7    4.1    5.3
  380      15     1.0    1.0    0.5    0.7    4.0    5.2
  381      16     1.0    1.0    0.5    0.6    3.9    5.1
  382      17     1.0    1.0    0.6    0.6    3.8    5.1
  383      18     1.0    1.0    0.6    0.6    3.7    5.0
  384      19     1.0    1.0    0.7    0.6    3.6    5.0
  385      20     1.0    1.0    0.8    0.5    3.5    4.9
  386      21     1.0    1.0    0.8    0.5    3.5    4.9
  387      22     1.0    1.0    0.9    0.5    3.4    4.8
  388      23     1.0    1.0    1.0    0.5    3.3    4.8
  389      24     1.0    1.0    1.1    0.5    3.2    4.8
  390      25     1.0    1.0    1.2    0.5    3.1    4.7
  391      26     1.0    1.0    1.2    0.5    3.0    4.7
  392      27     1.0    1.0    1.3    0.5    3.0    4.7
  393      28     1.0    1.0    1.4    0.5    2.9    4.6
  394      29     1.0    1.0    1.5    0.5    2.8    4.6
  395      30     1.0    1.0    1.6    0.5    2.8    4.6
  396      31     1.0    1.0    1.7    0.5    2.7    4.6
  397      32     1.0    1.0    1.8    0.5    2.6    4.6
  398      33     1.0    1.0    1.9    0.5    2.6    4.6
  399      34     1.0    1.0    2.0    0.5    2.5    4.6
  400      35     1.0    1.0    2.1    0.6    2.4    4.6
  401      36     1.0    1.0    2.2    0.6    2.4    4.6
  402      37     1.0    1.0    2.3    0.6    2.3    4.6
  403      38     1.0    1.0    2.5    0.6    2.3    4.6
  404      39     1.0    1.0    2.6    0.7    2.2    4.6
  405      40     1.0    1.0    2.7    0.7    2.2    4.6
  406      41     1.0    1.0    2.8    0.8    2.1    4.6
  407      42     1.0    1.0    2.9    0.8    2.1    4.7
  408      43     1.0    1.0    3.1    0.8    2.1    4.7
  409      44     1.0    1.0    3.2    0.9    2.0    4.7
  410      45     1.0    1.0    3.3    0.9    2.0    4.7
  411      46     1.0    1.0    3.5    1.0    2.0    4.8
  412      47     1.0    1.0    3.6    1.0    1.9    4.8
  413      48     1.0    1.0    3.7    1.1    1.9    4.9
  414      49     1.0    1.0    3.9    1.2    1.9    4.9
  415      50     1.0    1.0    4.0    1.2    1.9    5.0
  416      51     1.0    1.0    4.1    1.3    1.9    5.0
  417      52     1.0    1.0    4.3    1.4    1.8    5.1
  418      53     1.0    1.0    4.4    1.4    1.8    5.1
  419      54     1.0    1.0    4.6    1.5    1.8    5.2
  420      55     1.0    1.0    4.7    1.6    1.8    5.2
  421      56     1.0    1.0    4.9    1.7    1.8    5.3
  422      57     1.0    1.0    5.0    1.8    1.8    5.4
  423      58     1.0    1.0    5.2    1.9    1.8    5.5
  424      59     1.0    1.0    5.4    1.9    1.8    5.5
  425      60     1.0    1.0    5.5    2.0    1.8    5.6
  426      61     1.0    1.0    5.7    2.1    1.8    5.7
  427      62     1.0    1.0    5.8    2.2    1.8    5.8
  428      63     1.0    1.0    6.0    2.3    1.8    5.9
  429      64     1.0    1.0    6.2    2.4    1.9    6.0
  430      65     1.0    1.0    6.3    2.5    1.9    6.1
  431      66     1.0    1.0    6.5    2.6    1.9    6.1
  432      67     1.0    1.0    6.7    2.7    1.9    6.2
  433      68     1.0    1.0    6.8    2.9    1.9    6.4
  434      69     1.0    1.0    7.0    3.0    2.0    6.5
  435      70     1.0    1.0    7.2    3.1    2.0    6.6
  436      71     1.0    1.0    7.3    3.2    2.0    6.7
  437      72     1.0    1.0    7.5    3.3    2.1    6.8
  438      73     1.0    1.0    7.7    3.4    2.1    6.9
  439      74     1.0    1.0    7.9    3.6    2.1    7.0
  440      75     1.0    1.0    8.0    3.7    2.2    7.1
  441      76     1.0    1.0    8.2    3.8    2.2    7.3
  442      77     1.0    1.0    8.4    4.0    2.3    7.4
  443      78     1.0    1.0    8.6    4.1    2.3    7.5
  444      79     1.0    1.0    8.7    4.2    2.4    7.7
  445      80     1.0    1.0    8.9    4.4    2.4    7.8
  446      81     1.0    1.0    9.1    4.5    2.5    7.9
  447      82     1.0    1.0    9.3    4.6    2.6    8.1
  448      83     1.0    1.0    9.5    4.8    2.6    8.2
  449      84     1.0    1.0    9.6    4.9    2.7    8.3
  450      85     1.0    1.0    9.8    5.1    2.8    8.5
  451      86     1.0    1.0   10.0    5.2    2.8    8.6
  452      87     1.0    1.0   10.2    5.4    2.9    8.8
  453      88     1.0    1.0   10.4    5.5    3.0    8.9
  454      89     1.0    1.0   10.5    5.7    3.0    9.1
  455      90     1.0    1.0   10.7    5.8    3.1    9.3
  456      91     1.0    1.0   10.9    6.0    3.2    9.4
  457      92     1.0    1.0   11.1    6.1    3.3    9.6
  458      93     1.0    1.0   11.3    6.3    3.4    9.7
  459      94     1.0    1.0   11.4    6.4    3.5    9.9
  460      95     1.0    1.0   11.6    6.6    3.5   10.1
  461      96     1.0    1.0   11.8    6.7    3.6   10.2
  462      97     1.0    1.0   12.0    6.9    3.7   10.4
  463      98     1.0    1.0   12.2    7.1    3.8   10.6
  464      99     1.0    1.0   12.3    7.2    3.9   10.7
  465     100     1.0    1.0   12.5    7.4    4.0   10.9
  466     101     1.0    1.0   12.7    7.6    4.1   11.1
  467     102     1.0    1.0   12.9    7.7    4.2   11.3
  468     103     1.0    1.0   13.0    7.9    4.3   11.4
  469     104     1.0    1.0   13.2    8.1    4.4   11.6
  470     105     1.0    1.0   13.4    8.2    4.5   11.8
  471     106     1.0    1.0   13.6    8.4    4.7   12.0
  472     107     1.0    1.0   13.7    8.6    4.8   12.1
  473     108     1.0    1.0   13.9    8.7    4.9   12.3
  474     109     1.0    1.0   14.1    8.9    5.0   12.5
  475     110     1.0    1.0   14.3    9.1    5.1   12.7
  476     111     1.0    1.0   14.4    9.2    5.2   12.9
  477     112     1.0    1.0   14.6    9.4    5.4   13.1
  478     113     1.0    1.0   14.8    9.6    5.5   13.3
  479     114     1.0    1.0   14.9    9.8    5.6   13.4
  480     115     1.0    1.0   15.1    9.9    5.7   13.6
  481     116     1.0    1.0   15.2   10.1    5.8   13.8
  482     117     1.0    1.0   15.4   10.3    6.0   14.0
  483     118     1.0    1.0   15.6   10.5    6.1   14.2
  484     119     1.0    1.0   15.7   10.6    6.2   14.4
  485     120     1.0    1.0   15.9   10.8    6.4   14.6
  486     121     1.0    1.0   16.0   11.0    6.5   14.8
  487     122     1.0    1.0   16.2   11.1    6.6   15.0
  488     123     1.0    1.0   16.3   11.3    6.8   15.2
  489     124     1.0    1.0   16.5   11.5    6.9   15.4
  490     125     1.0    1.0   16.6   11.7    7.0   15.5
  491     126     1.0    1.0   16.8   11.8    7.2   15.7
  492     127     1.0    1.0   16.9   12.0    7.3   15.9
  493     128     1.0    1.0   17.1   12.2    7.5   16.1
  494     129     1.0    1.0   17.2   12.3    7.6   16.3
  495     130     1.0    1.0   17.3   12.5    7.7   16.5
  496     131     1.0    1.0   17.5   12.7    7.9   16.7
  497     132     1.0    1.0   17.6   12.9    8.0   16.9
  498     133     1.0    1.0   17.7   13.0    8.2   17.1
  499     134     1.0    1.0   17.9   13.2    8.3   17.3
  500     135     1.0    1.0   18.0   13.4    8.5   17.5
  501     136     1.0    1.0   18.1   13.5    8.6   17.6
  502     137     1.0    1.0   18.3   13.7    8.8   17.8
  503     138     1.0    1.0   18.4   13.8    8.9   18.0
  504     139     1.0    1.0   18.5   14.0    9.0   18.2
  505     140     1.0    1.0   18.6   14.2    9.2   18.4
  506     141     1.0    1.0   18.7   14.3    9.3   18.6
  507     142     1.0    1.0   18.8   14.5    9.5   18.8
  508     143     1.0    1.0   18.9   14.6    9.6   19.0
  509     144     1.0    1.0   19.0   14.8    9.8   19.1
  510     145     1.0    1.0   19.2   15.0    9.9   19.3
  511     146     1.0    1.0   19.3   15.1   10.1   19.5
  512     147     1.0    1.0   19.4   15.3   10.2   19.7
  513     148     1.0    1.0   19.4   15.4   10.4   19.9
  514     149     1.0    1.0   19.5   15.6   10.5   20.0
  515     150     1.0    1.0   19.6   15.7   10.7   20.2
  516     151     1.0    1.0   19.7   15.9   10.8   20.4
  517     152     1.0    1.0   19.8   16.0   11.0   20.6
  518     153     1.0    1.0   19.9   16.2   11.1   20.7
  519     154     1.0    1.0   20.0   16.3   11.3   20.9
  520     155     1.0    1.0   20.0   16.4   11.4   21.1
  521     156     1.0    1.0   20.1   16.6   11.6   21.2
  522     157     1.0    1.0   20.2   16.7   11.7   21.4
  523     158     1.0    1.0   20.3   16.8   11.9   21.6
  524     159     1.0    1.0   20.3   17.0   12.0   21.7
  525     160     1.0    1.0   20.4   17.1   12.2   21.9
  526     161     1.0    1.0   20.4   17.2   12.3   22.1
  527     162     1.0    1.0   20.5   17.4   12.5   22.2
  528     163     1.0    1.0   20.6   17.5   12.6   22.4
  529     164     1.0    1.0   20.6   17.6   12.8   22.5
  530     165     1.0    1.0   20.7   17.7   12.9   22.7
  531     166     1.0    1.0   20.7   17.9   13.0   22.8
  532     167     1.0    1.0   20.7   18.0   13.2   23.0
  533     168     1.0    1.0   20.8   18.1   13.3   23.1
  534     169     1.0    1.0   20.8   18.2   13.5   23.3
  535     170     1.0    1.0   20.8   18.3   13.6   23.4
  536     171     1.0    1.0   20.9   18.4   13.8   23.5
  537     172     1.0    1.0   20.9   18.5   13.9   23.7
  538     173     1.0    1.0   20.9   18.6   14.0   23.8
  539     174     1.0    1.0   20.9   18.7   14.2   23.9
  540     175     1.0    1.0   21.0   18.8   14.3   24.1
  541     176     1.0    1.0   21.0   18.9   14.4   24.2
  542     177     1.0    1.0   21.0   19.0   14.6   24.3
  543     178     1.0    1.0   21.0   19.1   14.7   24.4
  544     179     1.0    1.0   21.0   19.2   14.8   24.6
  545     180     1.0    1.0   21.0   19.3   15.0   24.7
  546     181     1.0    1.0   21.0   19.4   15.1   24.8
  547     182     1.0    1.0   21.0   19.4   15.2   24.9
  548     183     1.0    1.0   21.0   19.5   15.3   25.0
  549     184     1.0    1.0   21.0   19.6   15.5   25.1
  550     185     1.0    1.0   21.0   19.7   15.6   25.2
  551     186     1.0    1.0   20.9   19.7   15.7   25.3
  552     187     1.0    1.0   20.9   19.8   15.8   25.4
  553     188     1.0    1.0   20.9   19.9   15.9   25.5
  554     189     1.0    1.0   20.9   19.9   16.1   25.6
  555     190     1.0    1.0   20.8   20.0   16.2   25.7
  556     191     1.0    1.0   20.8   20.0   16.3   25.8
  557     192     1.0    1.0   20.8   20.1   16.4   25.9
  558     193     1.0    1.0   20.7   20.1   16.5   25.9
  559     194     1.0    1.0   20.7   20.2   16.6   26.0
  560     195     1.0    1.0   20.7   20.2   16.7   26.1
  561     196     1.0    1.0   20.6   20.3   16.8   26.2
  562     197     1.0    1.0   20.6   20.3   16.9   26.2
  563     198     1.0    1.0   20.5   20.3   17.0   26.3
  564     199     1.0    1.0   20.4   20.4   17.1   26.3
  565     200     1.0    1.0   20.4   20.4   17.2   26.4
  566     201     1.0    1.0   20.3   20.4   17.3   26.5
  567     202     1.0    1.0   20.3   20.5   17.4   26.5
  568     203     1.0    1.0   20.2   20.5   17.5   26.6
  569     204     1.0    1.0   20.1   20.5   17.6   26.6
  570     205     1.0    1.0   20.0   20.5   17.7   26.6
  571     206     1.0    1.0   20.0   20.5   17.8   26.7
  572     207     1.0    1.0   19.9   20.5   17.8   26.7
  573     208     1.0    1.0   19.8   20.5   17.9   26.7
  574     209     1.0    1.0   19.7   20.5   18.0   26.8
  575     210     1.0    1.0   19.6   20.5   18.1   26.8
  576     211     1.0    1.0   19.5   20.5   18.1   26.8
  577     212     1.0    1.0   19.4   20.5   18.2   26.8
  578     213     1.0    1.0   19.4   20.5   18.3   26.9
  579     214     1.0    1.0   19.3   20.5   18.3   26.9
  580     215     1.0    1.0   19.2   20.5   18.4   26.9
  581     216     1.0    1.0   19.0   20.5   18.5   26.9
  582     217     1.0    1.0   18.9   20.5   18.5   26.9
  583     218     1.0    1.0   18.8   20.4   18.6   26.9
  584     219     1.0    1.0   18.7   20.4   18.6   26.9
  585     220     1.0    1.0   18.6   20.4   18.7   26.9
  586     221     1.0    1.0   18.5   20.3   18.7   26.9
  587     222     1.0    1.0   18.4   20.3   18.8   26.8
  588     223     1.0    1.0   18.3   20.3   18.8   26.8
  589     224     1.0    1.0   18.1   20.2   18.9   26.8
  590     225     1.0    1.0   18.0   20.2   18.9   26.8
  591     226     1.0    1.0   17.9   20.1   19.0   26.8
  592     227     1.0    1.0   17.7   20.1   19.0   26.7
  593     228     1.0    1.0   17.6   20.0   19.0   26.7
  594     229     1.0    1.0   17.5   20.0   19.0   26.7
  595     230     1.0    1.0   17.3   19.9   19.1   26.6
  596     231     1.0    1.0   17.2   19.9   19.1   26.6
  597     232     1.0    1.0   17.1   19.8   19.1   26.5
  598     233     1.0    1.0   16.9   19.7   19.1   26.5
  599     234     1.0    1.0   16.8   19.7   19.2   26.4
  600     235     1.0    1.0   16.6   19.6   19.2   26.4
  601     236     1.0    1.0   16.5   19.5   19.2   26.3
  602     237     1.0    1.0   16.3   19.4   19.2   26.2
  603     238     1.0    1.0   16.2   19.4   19.2   26.2
  604     239     1.0    1.0   16.0   19.3   19.2   26.1
  605     240     1.0    1.0   15.9   19.2   19.2   26.0
  606     241     1.0    1.0   15.7   19.1   19.2   26.0
  607     242     1.0    1.0   15.6   19.0   19.2   25.9
  608     243     1.0    1.0   15.4   18.9   19.2   25.8
  609     244     1.0    1.0   15.2   18.8   19.2   25.7
  610     245     1.0    1.0   15.1   18.7   19.2   25.6
  611     246     1.0    1.0   14.9   18.6   19.2   25.5
  612     247     1.0    1.0   14.8   18.5   19.1   25.4
  613     248     1.0    1.0   14.6   18.4   19.1   25.4
  614     249     1.0    1.0   14.4   18.3   19.1   25.3
  615     250     1.0    1.0   14.3   18.2   19.1   25.2
  616     251     1.0    1.0   14.1   18.1   19.0   25.0
  617     252     1.0    1.0   13.9   18.0   19.0   24.9
  618     253     1.0    1.0   13.7   17.9   19.0   24.8
  619     254     1.0    1.0   13.6   17.7   19.0   24.7
  620     255     1.0    1.0   13.4   17.6   18.9   24.6
  621     256     1.0    1.0   13.2   17.5   18.9   24.5
  622     257     1.0    1.0   13.0   17.4   18.8   24.4
  623     258     1.0    1.0   12.9   17.2   18.8   24.2
  624     259     1.0    1.0   12.7   17.1   18.7   24.1
  625     260     1.0    1.0   12.5   17.0   18.7   24.0
  626     261     1.0    1.0   12.3   16.8   18.6   23.9
  627     262     1.0    1.0   12.2   16.7   18.6   23.7
  628     263     1.0    1.0   12.0   16.6   18.5   23.6
  629     264     1.0    1.0   11.8   16.4   18.5   23.5
  630     265     1.0    1.0   11.6   16.3   18.4   23.3
  631     266     1.0    1.0   11.4   16.2   18.3   23.2
  632     267     1.0    1.0   11.3   16.0   18.3   23.0
  633     268     1.0    1.0   11.1   15.9   18.2   22.9
  634     269     1.0    1.0   10.9   15.7   18.1   22.7
  635     270     1.0    1.0   10.7   15.6   18.1   22.6
  636     271     1.0    1.0   10.5   15.4   18.0   22.4
  637     272     1.0    1.0   10.4   15.3   17.9   22.3
  638     273     1.0    1.0   10.2   15.1   17.8   22.1
  639     274     1.0    1.0   10.0   15.0   17.8   22.0
  640     275     1.0    1.0    9.8   14.8   17.7   21.8
  641     276     1.0    1.0    9.6   14.6   17.6   21.6
  642     277     1.0    1.0    9.5   14.5   17.5   21.5
  643     278     1.0    1.0    9.3   14.3   17.4   21.3
  644     279     1.0    1.0    9.1   14.2   17.3   21.1
  645     280     1.0    1.0    8.9   14.0   17.2   21.0
  646     281     1.0    1.0    8.7   13.8   17.1   20.8
  647     282     1.0    1.0    8.6   13.7   17.0   20.6
  648     283     1.0    1.0    8.4   13.5   16.9   20.5
  649     284     1.0    1.0    8.2   13.4   16.8   20.3
  650     285     1.0    1.0    8.0   13.2   16.7   20.1
  651     286     1.0    1.0    7.9   13.0   16.6   19.9
  652     287     1.0    1.0    7.7   12.9   16.5   19.8
  653     288     1.0    1.0    7.5   12.7   16.4   19.6
  654     289     1.0    1.0    7.3   12.5   16.3   19.4
  655     290     1.0    1.0    7.2   12.3   16.2   19.2
  656     291     1.0    1.0    7.0   12.2   16.1   19.0
  657     292     1.0    1.0    6.8   12.0   15.9   18.8
  658     293     1.0    1.0    6.7   11.8   15.8   18.7
  659     294     1.0    1.0    6.5   11.7   15.7   18.5
  660     295     1.0    1.0    6.3   11.5   15.6   18.3
  661     296     1.0    1.0    6.2   11.3   15.5   18.1
  662     297     1.0    1.0    6.0   11.1   15.3   17.9
  663     298     1.0    1.0    5.8   11.0   15.2   17.7
  664     299     1.0    1.0    5.7   10.8   15.1   17.5
  665     300     1.0    1.0    5.5   10.6   15.0   17.3
  666     301     1.0    1.0    5.4   10.5   14.8   17.2
  667     302     1.0    1.0    5.2   10.3   14.7   17.0
  668     303     1.0    1.0    5.0   10.1   14.6   16.8
  669     304     1.0    1.0    4.9    9.9   14.4   16.6
  670     305     1.0    1.0    4.7    9.8   14.3   16.4
  671     306     1.0    1.0    4.6    9.6   14.2   16.2
  672     307     1.0    1.0    4.4    9.4   14.0   16.0
  673     308     1.0    1.0    4.3    9.2   13.9   15.8
  674     309     1.0    1.0    4.1    9.1   13.8   15.6
  675     310     1.0    1.0    4.0    8.9   13.6   15.4
  676     311     1.0    1.0    3.9    8.7   13.5   15.2
  677     312     1.0    1.0    3.7    8.6   13.3   15.0
  678     313     1.0    1.0    3.6    8.4   13.2   14.9
  679     314     1.0    1.0    3.5    8.2   13.0   14.7
  680     315     1.0    1.0    3.3    8.1   12.9   14.5
  681     316     1.0    1.0    3.2    7.9   12.8   14.3
  682     317     1.0    1.0    3.1    7.7   12.6   14.1
  683     318     1.0    1.0    2.9    7.6   12.5   13.9
  684     319     1.0    1.0    2.8    7.4   12.3   13.7
  685     320     1.0    1.0    2.7    7.2   12.2   13.5
  686     321     1.0    1.0    2.6    7.1   12.0   13.3
  687     322     1.0    1.0    2.5    6.9   11.9   13.1
  688     323     1.0    1.0    2.3    6.7   11.7   13.0
  689     324     1.0    1.0    2.2    6.6   11.6   12.8
  690     325     1.0    1.0    2.1    6.4   11.4   12.6
  691     326     1.0    1.0    2.0    6.3   11.3   12.4
  692     327     1.0    1.0    1.9    6.1   11.1   12.2
  693     328     1.0    1.0    1.8    6.0   11.0   12.0
  694     329     1.0    1.0    1.7    5.8   10.8   11.9
  695     330     1.0    1.0    1.6    5.7   10.7   11.7
  696     331     1.0    1.0    1.5    5.5   10.5   11.5
  697     332     1.0    1.0    1.4    5.4   10.4   11.3
  698     333     1.0    1.0    1.3    5.2   10.2   11.1
  699     334     1.0    1.0    1.2    5.1   10.1   11.0
  700     335     1.0    1.0    1.2    4.9    9.9   10.8
  701     336     1.0    1.0    1.1    4.8    9.8   10.6
  702     337     1.0    1.0    1.0    4.6    9.6   10.5
  703     338     1.0    1.0    0.9    4.5    9.5   10.3
  704     339     1.0    1.0    0.8    4.4    9.3   10.1
  705     340     1.0    1.0    0.8    4.2    9.2   10.0
  706     341     1.0    1.0    0.7    4.1    9.0    9.8
  707     342     1.0    1.0    0.6    4.0    8.9    9.6
  708     343     1.0    1.0    0.6    3.8    8.8    9.5
  709     344     1.0    1.0    0.5    3.7    8.6    9.3
  710     345     1.0    1.0    0.5    3.6    8.5    9.2
  711     346     1.0    1.0    0.4    3.4    8.3    9.0
  712     347     1.0    1.0    0.4    3.3    8.2    8.9
  713     348     1.0    1.0    0.3    3.2    8.0    8.7
  714     349     1.0    1.0    0.3    3.1    7.9    8.6
  715     350     1.0    1.0    0.2    3.0    7.7    8.4
  716     351     1.0    1.0    0.2    2.9    7.6    8.3
  717     352     1.0    1.0    0.2    2.7    7.5    8.1
  718     353     1.0    1.0    0.1    2.6    7.3    8.0
  719     354     1.0    1.0    0.1    2.5    7.2    7.8
  720     355     1.0    1.0    0.1    2.4    7.0    7.7
  721     356     1.0    1.0    0.1    2.3    6.9    7.6
  722     357     1.0    1.0    0.0    2.2    6.8    7.4
  723     358     1.0    1.0    0.0    2.1    6.6    7.3
  724     359     1.0    1.0    0.0    2.0    6.5    7.2
  725     360     1.0    1.0    0.0    1.9    6.4    7.1
  726     361     1.0    1.0    0.0    1.9    6.2    7.0
  727     362     1.0    1.0    0.0    1.8    6.1    6.8
  728     363     1.0    1.0    0.0    1.7    6.0    6.7
  729     364     1.0    1.0    0.0    1.6    5.8    6.6
